#SVE points (r, sigmaR, sigmaZ, sigmaPhi, sigmaMajRestored)
26.2  124.187144956  93.7657194527  93.7657194527  93.7657194527
26.3  124.084929152  93.6505716239  93.6505716239  93.6505716239
26.4  123.983558184  93.5363586059  93.5363586059  93.5363586059
26.5  123.883062907  93.4231009544  93.4231009544  93.4231009544
26.6  123.783474223  93.310819246  93.310819246  93.310819246
26.7  123.684823075  93.1995340699  93.1995340699  93.1995340699
26.8  123.587140428  93.089266019  93.089266019  93.089266019
26.9  123.490457262  92.9800356812  92.9800356812  92.9800356812
27.0  123.394804559  92.8718636305  92.8718636305  92.8718636305
27.1  123.300213288  92.764770419  92.764770419  92.764770419
27.2  123.206714397  92.6587765679  92.6587765679  92.6587765679
27.3  123.1143388  92.5539025589  92.5539025589  92.5539025589
27.4  123.023117364  92.4501688262  92.4501688262  92.4501688262
27.5  122.933080896  92.3475957478  92.3475957478  92.3475957478
27.6  122.844260136  92.2462036372  92.2462036372  92.2462036372
27.7  122.756685743  92.1460127355  92.1460127355  92.1460127355
27.8  122.670388279  92.0470432025  92.0470432025  92.0470432025
27.9  122.585398207  91.9493151092  91.9493151092  91.9493151092
28.0  122.50174587  91.8528484296  91.8528484296  91.8528484296
28.1  122.419461485  91.7576630324  91.7576630324  91.7576630324
28.2  122.338575131  91.6637786737  91.6637786737  91.6637786737
28.3  122.259116738  91.5712149883  91.5712149883  91.5712149883
28.4  122.181116074  91.4799914827  91.4799914827  91.4799914827
28.5  122.104602736  91.3901275271  91.3901275271  91.3901275271
28.6  122.029606139  91.3016423478  91.3016423478  91.3016423478
28.7  121.956155502  91.2145550195  91.2145550195  91.2145550195
28.8  121.884279844  91.1288844583  91.1288844583  91.1288844583
28.9  121.814007967  91.0446494139  91.0446494139  91.0446494139
29.0  121.745368447  90.9618684624  90.9618684624  90.9618684624
29.1  121.678389628  90.8805599995  90.8805599995  90.8805599995
29.2  121.613099604  90.8007422327  90.8007422327  90.8007422327
29.3  121.549526217  90.722433175  90.722433175  90.722433175
29.4  121.487697039  90.6456506376  90.6456506376  90.6456506376
29.5  121.42763937  90.5704122229  90.5704122229  90.5704122229
29.6  121.369380223  90.4967353182  90.4967353182  90.4967353182
29.7  121.312946314  90.4246370889  90.4246370889  90.4246370889
29.8  121.258364056  90.3541344717  90.3541344717  90.3541344717
29.9  121.205659547  90.2852441687  90.2852441687  90.2852441687
30.0  121.154858561  90.2179826404  90.2179826404  90.2179826404
30.0  121.154858561  90.2179826404  90.2179826404  90.2179826404
30.1  121.105986541  90.1523660999  90.1523660999  90.1523660999
30.2  121.059068586  90.0884105067  90.0884105067  90.0884105067
30.3  121.014129445  90.0261315604  90.0261315604  90.0261315604
30.4  120.971193507  89.9655446952  89.9655446952  89.9655446952
30.5  120.930284794  89.9066650736  89.9066650736  89.9066650736
30.6  120.891426951  89.8495075809  89.8495075809  89.8495075809
30.7  120.854643237  89.7940868196  89.7940868196  89.7940868196
30.8  120.819956519  89.7404171039  89.7404171039  89.7404171039
30.9  120.787389262  89.688512454  89.688512454  89.688512454
31.0  120.756963522  89.6383865912  89.6383865912  89.6383865912
31.1  120.728700938  89.5900529324  89.5900529324  89.5900529324
31.2  120.702622724  89.5435245852  89.5435245852  89.5435245852
31.3  120.678749664  89.4988143426  89.4988143426  89.4988143426
31.4  120.657102099  89.4559346788  89.4559346788  89.4559346788
31.5  120.637699926  89.4148977436  89.4148977436  89.4148977436
31.6  120.620562588  89.3757153584  89.3757153584  89.3757153584
31.7  120.605709067  89.3383990113  89.3383990113  89.3383990113
31.8  120.593157878  89.3029598528  89.3029598528  89.3029598528
31.9  120.582927062  89.2694086917  89.2694086917  89.2694086917
32.0  120.575034181  89.2377559906  89.2377559906  89.2377559906
32.1  120.569496309  89.2080118617  89.2080118617  89.2080118617
32.2  120.566330028  89.1801860634  89.1801860634  89.1801860634
32.3  120.565551423  89.1542879959  89.1542879959  89.1542879959
32.4  120.567176072  89.1303266977  89.1303266977  89.1303266977
32.5  120.571219047  89.1083108419  89.1083108419  89.1083108419
32.6  120.5776949  89.0882487329  89.0882487329  89.0882487329
32.7  120.586617667  89.0701483027  89.0701483027  89.0701483027
32.8  120.598000856  89.0540171077  89.0540171077  89.0540171077
32.9  120.611857444  89.0398623257  89.0398623257  89.0398623257
33.0  120.628199875  89.0276907528  89.0276907528  89.0276907528
33.1  120.64704005  89.0175088003  89.0175088003  89.0175088003
33.2  120.668389328  89.009322492  89.009322492  89.009322492
33.3  120.692258517  89.0031374617  89.0031374617  89.0031374617
33.4  120.718657874  88.9989589502  88.9989589502  88.9989589502
33.5  120.747597098  88.9967918032  88.9967918032  88.9967918032
33.6  120.779085328  88.9966404687  88.9966404687  88.9966404687
33.7  120.813131137  88.998508995  88.998508995  88.998508995
33.8  120.849742532  89.0024010283  89.0024010283  89.0024010283
33.9  120.888926948  89.0083198109  89.0083198109  89.0083198109
34.0  120.930691247  89.0162681794  89.0162681794  89.0162681794
34.1  120.97504171  89.0262485626  89.0262485626  89.0262485626
34.2  121.021984043  89.03826298  89.03826298  89.03826298
34.3  121.071523364  89.0523130404  89.0523130404  89.0523130404
34.4  121.123664211  89.0683999404  89.0683999404  89.0683999404
34.5  121.178410529  89.0865244629  89.0865244629  89.0865244629
34.6  121.235765678  89.1066869759  89.1066869759  89.1066869759
34.7  121.295732424  89.1288874319  89.1288874319  89.1288874319
34.8  121.358312938  89.1531253663  89.1531253663  89.1531253663
34.9  121.423508799  89.1793998969  89.1793998969  89.1793998969
35.0  121.491320986  89.2077097229  89.2077097229  89.2077097229
35.1  121.561749882  89.2380531245  89.2380531245  89.2380531245
35.2  121.634795271  89.2704279625  89.2704279625  89.2704279625
35.3  121.710456334  89.3048316773  89.3048316773  89.3048316773
35.4  121.788731653  89.3412612892  89.3412612892  89.3412612892
35.5  121.869619208  89.3797133978  89.3797133978  89.3797133978
35.6  121.953116376  89.4201841822  89.4201841822  89.4201841822
35.7  122.039219931  89.4626694008  89.4626694008  89.4626694008
35.8  122.127926045  89.5071643917  89.5071643917  89.5071643917
35.9  122.219230284  89.5536640726  89.5536640726  89.5536640726
36.0  122.313127614  89.6021629413  89.6021629413  89.6021629413
36.1  122.409612398  89.6526550763  89.6526550763  89.6526550763
36.2  122.508678395  89.7051341371  89.7051341371  89.7051341371
36.3  122.610318762  89.759593365  89.759593365  89.759593365
36.4  122.714526057  89.816025584  89.816025584  89.816025584
36.5  122.821292236  89.8744232012  89.8744232012  89.8744232012
36.6  122.930608655  89.9347782085  89.9347782085  89.9347782085
36.7  123.042466075  89.997082183  89.997082183  89.997082183
36.8  123.156854656  90.0613262886  90.0613262886  90.0613262886
36.9  123.273763966  90.127501277  90.127501277  90.127501277
37.0  123.393182978  90.1955974893  90.1955974893  90.1955974893
37.1  123.515100072  90.2656048575  90.2656048575  90.2656048575
37.2  123.639503041  90.3375129058  90.3375129058  90.3375129058
37.3  123.766379085  90.4113107525  90.4113107525  90.4113107525
37.4  123.895714824  90.4869871118  90.4869871118  90.4869871118
37.5  124.027496289  90.5645302956  90.5645302956  90.5645302956
37.6  124.161708934  90.6439282153  90.6439282153  90.6439282153
37.7  124.298337632  90.7251683842  90.7251683842  90.7251683842
37.8  124.437366682  90.8082379193  90.8082379193  90.8082379193
37.9  124.57877981  90.893123544  90.893123544  90.893123544
38.0  124.72256017  90.9798115898  90.9798115898  90.9798115898
38.1  124.868690352  91.0682879994  91.0682879994  91.0682879994
38.2  125.017152381  91.1585383287  91.1585383287  91.1585383287
38.3  125.167927724  91.2505477496  91.2505477496  91.2505477496
38.4  125.32099729  91.3443010529  91.3443010529  91.3443010529
38.5  125.476341436  91.4397826507  91.4397826507  91.4397826507
38.6  125.633939969  91.5369765795  91.5369765795  91.5369765795
38.7  125.793772153  91.6358665031  91.6358665031  91.6358665031
38.8  125.95581671  91.7364357157  91.7364357157  91.7364357157
38.9  126.120051825  91.8386671447  91.8386671447  91.8386671447
39.0  126.286455152  91.9425433546  91.9425433546  91.9425433546
39.1  126.455003816  92.0480465494  92.0480465494  92.0480465494
39.2  126.625674418  92.1551585767  92.1551585767  92.1551585767
39.3  126.798443043  92.2638609307  92.2638609307  92.2638609307
39.4  126.973285259  92.3741347559  92.3741347559  92.3741347559
39.5  127.150176127  92.4859608506  92.4859608506  92.4859608506
39.6  127.329090203  92.5993196707  92.5993196707  92.5993196707
39.7  127.510001545  92.7141913333  92.7141913333  92.7141913333
39.8  127.692883716  92.8305556206  92.8305556206  92.8305556206
39.9  127.877709793  92.9483919838  92.9483919838  92.9483919838
40.0  128.064452368  93.0676795469  93.0676795469  93.0676795469
40.1  128.253083556  93.1883971112  93.1883971112  93.1883971112
40.2  128.443575002  93.3105231586  93.3105231586  93.3105231586
40.3  128.635897884  93.4340358565  93.4340358565  93.4340358565
40.4  128.83002292  93.5589130618  93.5589130618  93.5589130618
40.5  129.025920374  93.6851323249  93.6851323249  93.6851323249
40.6  129.223560063  93.8126708947  93.8126708947  93.8126708947
40.7  129.42291136  93.9415057223  93.9415057223  93.9415057223
40.8  129.623943205  94.0716134659  94.0716134659  94.0716134659
40.9  129.826624107  94.2029704955  94.2029704955  94.2029704955
41.0  130.030922154  94.335552897  94.335552897  94.335552897
41.1  130.236805016  94.4693364774  94.4693364774  94.4693364774
41.2  130.444239954  94.604296769  94.604296769  94.604296769
41.3  130.653193826  94.7404090348  94.7404090348  94.7404090348
41.4  130.863633094  94.8776482726  94.8776482726  94.8776482726
41.5  131.075523831  95.0159892205  95.0159892205  95.0159892205
41.6  131.288831727  95.1554063616  95.1554063616  95.1554063616
41.7  131.503522096  95.295873929  95.295873929  95.295873929
41.8  131.719559886  95.4373659107  95.4373659107  95.4373659107
41.9  131.936909682  95.5798560549  95.5798560549  95.5798560549
42.0  132.155535715  95.7233178753  95.7233178753  95.7233178753
42.1  132.37540187  95.8677246555  95.8677246555  95.8677246555
42.2  132.596471694  96.0130494554  96.0130494554  96.0130494554
42.3  132.818708399  96.1592651152  96.1592651152  96.1592651152
42.4  133.042074876  96.3063442619  96.3063442619  96.3063442619
42.5  133.266533698  96.4542593137  96.4542593137  96.4542593137
42.6  133.492047129  96.602982486  96.602982486  96.602982486
42.7  133.718577131  96.7524857965  96.7524857965  96.7524857965
42.8  133.946085374  96.9027410709  96.9027410709  96.9027410709
42.9  134.17453324  97.0537199483  97.0537199483  97.0537199483
43.0  134.403881836  97.2053938865  97.2053938865  97.2053938865
43.1  134.634091996  97.357734168  97.357734168  97.357734168
43.2  134.865124293  97.5107119055  97.5107119055  97.5107119055
43.3  135.096939047  97.6642980472  97.6642980472  97.6642980472
43.4  135.329496331  97.8184633828  97.8184633828  97.8184633828
43.5  135.562755979  97.9731785492  97.9731785492  97.9731785492
43.6  135.796677598  98.1284140361  98.1284140361  98.1284140361
43.7  136.031220572  98.2841401916  98.2841401916  98.2841401916
43.8  136.26634407  98.4403272282  98.4403272282  98.4403272282
43.9  136.502007059  98.5969452288  98.5969452288  98.5969452288
44.0  136.738168307  98.753964152  98.753964152  98.753964152
44.1  136.974786394  98.9113538382  98.9113538382  98.9113538382
44.2  137.211819722  99.0690840156  99.0690840156  99.0690840156
44.3  137.449226517  99.2271243057  99.2271243057  99.2271243057
44.4  137.686964846  99.3854442298  99.3854442298  99.3854442298
44.5  137.924992619  99.5440132142  99.5440132142  99.5440132142
44.6  138.163267601  99.7028005965  99.7028005965  99.7028005965
44.7  138.401747417  99.8617756318  99.8617756318  99.8617756318
44.8  138.640389565  100.020907498  100.020907498  100.020907498
44.9  138.879151421  100.180165302  100.180165302  100.180165302
45.0  139.117990249  100.339518087  100.339518087  100.339518087
45.0  139.117990249  100.339518087  100.339518087  100.339518087
45.1  139.35686321  100.498934836  100.498934836  100.498934836
45.2  139.595727369  100.658384478  100.658384478  100.658384478
45.3  139.834539705  100.817835899  100.817835899  100.817835899
45.4  140.073257119  100.977257939  100.977257939  100.977257939
45.5  140.311836444  101.136619407  101.136619407  101.136619407
45.6  140.550234449  101.295889082  101.295889082  101.295889082
45.7  140.788407856  101.455035718  101.455035718  101.455035718
45.8  141.02631334  101.614028056  101.614028056  101.614028056
45.9  141.263907542  101.772834822  101.772834822  101.772834822
46.0  141.501147077  101.93142474  101.93142474  101.93142474
46.1  141.737988543  102.089766535  102.089766535  102.089766535
46.2  141.97438853  102.247828936  102.247828936  102.247828936
46.3  142.210303625  102.405580689  102.405580689  102.405580689
46.4  142.445690427  102.562990557  102.562990557  102.562990557
46.5  142.680505549  102.720027327  102.720027327  102.720027327
46.6  142.914705631  102.876659821  102.876659821  102.876659821
46.7  143.148247347  103.032856893  103.032856893  103.032856893
46.8  143.381087415  103.188587444  103.188587444  103.188587444
46.9  143.613182601  103.34382042  103.34382042  103.34382042
47.0  143.844489734  103.498524826  103.498524826  103.498524826
47.1  144.074965711  103.652669725  103.652669725  103.652669725
47.2  144.304567504  103.806224247  103.806224247  103.806224247
47.3  144.533252172  103.959157594  103.959157594  103.959157594
47.4  144.760976866  104.111439047  104.111439047  104.111439047
47.5  144.987698842  104.263037971  104.263037971  104.263037971
47.6  145.213375464  104.41392382  104.41392382  104.41392382
47.7  145.437964215  104.564066146  104.564066146  104.564066146
47.8  145.661422708  104.713434599  104.713434599  104.713434599
47.9  145.883708689  104.86199894  104.86199894  104.86199894
48.0  146.104780047  105.00972904  105.00972904  105.00972904
48.1  146.324594826  105.15659489  105.15659489  105.15659489
48.2  146.543111228  105.302566604  105.302566604  105.302566604
48.3  146.760287624  105.447614428  105.447614428  105.447614428
48.4  146.976082563  105.591708741  105.591708741  105.591708741
48.5  147.190454775  105.734820065  105.734820065  105.734820065
48.6  147.403363186  105.876919069  105.876919069  105.876919069
48.7  147.61476692  106.017976572  106.017976572  106.017976572
48.8  147.824625313  106.157963552  106.157963552  106.157963552
48.9  148.032897914  106.29685115  106.29685115  106.29685115
49.0  148.239544497  106.434610675  106.434610675  106.434610675
49.1  148.444525069  106.57121361  106.57121361  106.57121361
49.2  148.647799876  106.706631618  106.706631618  106.706631618
49.3  148.849329411  106.840836546  106.840836546  106.840836546
49.4  149.049074424  106.973800429  106.973800429  106.973800429
49.5  149.246995925  107.1054955  107.1054955  107.1054955
49.6  149.443055197  107.23589419  107.23589419  107.23589419
49.7  149.637213798  107.364969136  107.364969136  107.364969136
49.8  149.829433571  107.492693185  107.492693185  107.492693185
49.9  150.019676655  107.6190394  107.6190394  107.6190394
50.0  150.207905483  107.743981063  107.743981063  107.743981063
50.1  150.3940828  107.867491684  107.867491684  107.867491684
50.2  150.578171661  107.989545  107.989545  107.989545
50.3  150.760135445  108.110114986  108.110114986  108.110114986
50.4  150.939937856  108.229175855  108.229175855  108.229175855
50.5  151.117542936  108.346702065  108.346702065  108.346702065
50.6  151.292915066  108.462668325  108.462668325  108.462668325
50.7  151.466018978  108.577049596  108.577049596  108.577049596
50.8  151.636819757  108.689821099  108.689821099  108.689821099
50.9  151.805282852  108.800958317  108.800958317  108.800958317
51.0  151.971374078  108.910437003  108.910437003  108.910437003
51.1  152.135059629  109.01823318  109.01823318  109.01823318
51.2  152.296306076  109.124323149  109.124323149  109.124323149
51.3  152.455080379  109.228683491  109.228683491  109.228683491
51.4  152.611349895  109.331291072  109.331291072  109.331291072
51.5  152.765082376  109.432123049  109.432123049  109.432123049
51.6  152.916245985  109.531156872  109.531156872  109.531156872
51.7  153.064809293  109.628370287  109.628370287  109.628370287
51.8  153.210741293  109.723741345  109.723741345  109.723741345
51.9  153.3540114  109.8172484  109.8172484  109.8172484
52.0  153.494589458  109.908870117  109.908870117  109.908870117
52.1  153.632445747  109.998585475  109.998585475  109.998585475
52.2  153.767550989  110.086373769  110.086373769  110.086373769
52.3  153.899876351  110.172214617  110.172214617  110.172214617
52.4  154.029393454  110.25608796  110.25608796  110.25608796
52.5  154.156074372  110.337974068  110.337974068  110.337974068
52.6  154.279891646  110.417853544  110.417853544  110.417853544
52.7  154.40081828  110.495707325  110.495707325  110.495707325
52.8  154.518827755  110.571516689  110.571516689  110.571516689
52.9  154.633894025  110.645263253  110.645263253  110.645263253
53.0  154.74599153  110.716928983  110.716928983  110.716928983
53.1  154.855095193  110.786496192  110.786496192  110.786496192
53.2  154.961180433  110.853947545  110.853947545  110.853947545
53.3  155.064223161  110.919266062  110.919266062  110.919266062
53.4  155.164199791  110.982435121  110.982435121  110.982435121
53.5  155.261087241  111.043438462  111.043438462  111.043438462
53.6  155.354862938  111.102260188  111.102260188  111.102260188
53.7  155.445504822  111.158884769  111.158884769  111.158884769
53.8  155.532991352  111.213297044  111.213297044  111.213297044
53.9  155.617301505  111.265482223  111.265482223  111.265482223
54.0  155.698414787  111.315425894  111.315425894  111.315425894
54.1  155.77631123  111.363114018  111.363114018  111.363114018
54.2  155.850971398  111.408532939  111.408532939  111.408532939
54.3  155.922376392  111.451669382  111.451669382  111.451669382
54.4  155.990507853  111.492510454  111.492510454  111.492510454
54.5  156.055347964  111.531043652  111.531043652  111.531043652
54.6  156.116879452  111.56725686  111.56725686  111.56725686
54.7  156.175085596  111.601138353  111.601138353  111.601138353
54.8  156.229950223  111.632676798  111.632676798  111.632676798
54.9  156.28145772  111.661861257  111.661861257  111.661861257
55.0  156.329593026  111.68868119  111.68868119  111.68868119
55.1  156.374341643  111.713126453  111.713126453  111.713126453
55.2  156.415689636  111.735187303  111.735187303  111.735187303
55.3  156.453623634  111.754854399  111.754854399  111.754854399
55.4  156.488130833  111.772118802  111.772118802  111.772118802
55.5  156.519199001  111.78697198  111.78697198  111.78697198
55.6  156.546816475  111.799405804  111.799405804  111.799405804
55.7  156.570972167  111.809412554  111.809412554  111.809412554
55.8  156.591655565  111.816984918  111.816984918  111.816984918
55.9  156.608856734  111.822115995  111.822115995  111.822115995
56.0  156.622566319  111.824799292  111.824799292  111.824799292
56.1  156.632775543  111.825028731  111.825028731  111.825028731
56.2  156.639476213  111.822798645  111.822798645  111.822798645
56.3  156.64266072  111.818103779  111.818103779  111.818103779
56.4  156.642322038  111.810939296  111.810939296  111.810939296
56.5  156.638453727  111.801300772  111.801300772  111.801300772
56.6  156.631049934  111.789184197  111.789184197  111.789184197
56.7  156.620105394  111.774585979  111.774585979  111.774585979
56.8  156.605615429  111.757502943  111.757502943  111.757502943
56.9  156.587575951  111.737932331  111.737932331  111.737932331
57.0  156.56598346  111.715871799  111.715871799  111.715871799
57.1  156.540835048  111.691319425  111.691319425  111.691319425
57.2  156.512128395  111.664273701  111.664273701  111.664273701
57.3  156.479861772  111.634733538  111.634733538  111.634733538
57.4  156.444034041  111.602698266  111.602698266  111.602698266
57.5  156.404644653  111.56816763  111.56816763  111.56816763
57.6  156.36169365  111.531141793  111.531141793  111.531141793
57.7  156.315181665  111.491621336  111.491621336  111.491621336
57.8  156.265109919  111.449607255  111.449607255  111.449607255
57.9  156.211480221  111.405100965  111.405100965  111.405100965
58.0  156.154294971  111.358104293  111.358104293  111.358104293
58.1  156.093557155  111.308619485  111.308619485  111.308619485
58.2  156.029270347  111.256649198  111.256649198  111.256649198
58.3  155.961438704  111.202196505  111.202196505  111.202196505
58.4  155.890066971  111.145264892  111.145264892  111.145264892
58.5  155.815160476  111.085858255  111.085858255  111.085858255
58.6  155.736725128  111.023980904  111.023980904  111.023980904
58.7  155.654767417  110.959637556  110.959637556  110.959637556
58.8  155.569294414  110.892833339  110.892833339  110.892833339
58.9  155.480313768  110.823573788  110.823573788  110.823573788
59.0  155.3878337  110.751864845  110.751864845  110.751864845
59.1  155.291863011  110.677712855  110.677712855  110.677712855
59.2  155.19241107  110.601124569  110.601124569  110.601124569
59.3  155.089487817  110.522107138  110.522107138  110.522107138
59.4  154.983103761  110.440668116  110.440668116  110.440668116
59.5  154.873269976  110.356815453  110.356815453  110.356815453
59.6  154.7599981  110.270557498  110.270557498  110.270557498
59.7  154.643300331  110.181902995  110.181902995  110.181902995
59.8  154.523189425  110.09086108  110.09086108  110.09086108
59.9  154.399678695  109.997441282  109.997441282  109.997441282
60.0  154.272782005  109.901653518  109.901653518  109.901653518
60.0  154.272782005  109.901653518  109.901653518  109.901653518
60.1  154.142513769  109.803508093  109.803508093  109.803508093
60.2  154.008888948  109.703015698  109.703015698  109.703015698
60.3  153.871923047  109.600187404  109.600187404  109.600187404
60.4  153.73163211  109.495034665  109.495034665  109.495034665
60.5  153.588032719  109.387569311  109.387569311  109.387569311
60.6  153.441141989  109.27780355  109.27780355  109.27780355
60.7  153.290977565  109.165749961  109.165749961  109.165749961
60.8  153.137557619  109.051421493  109.051421493  109.051421493
60.9  152.980900844  108.934831464  108.934831464  108.934831464
61.0  152.821026452  108.815993556  108.815993556  108.815993556
61.1  152.657954171  108.694921814  108.694921814  108.694921814
61.2  152.491704238  108.571630641  108.571630641  108.571630641
61.3  152.322297398  108.446134797  108.446134797  108.446134797
61.4  152.149754895  108.318449394  108.318449394  108.318449394
61.5  151.974098475  108.188589895  108.188589895  108.188589895
61.6  151.795350374  108.05657211  108.05657211  108.05657211
61.7  151.613533319  107.922412193  107.922412193  107.922412193
61.8  151.42867052  107.786126635  107.786126635  107.786126635
61.9  151.240785667  107.647732268  107.647732268  107.647732268
62.0  151.049902924  107.507246255  107.507246255  107.507246255
62.1  150.856046925  107.36468609  107.36468609  107.36468609
62.2  150.659242768  107.220069594  107.220069594  107.220069594
62.3  150.459516013  107.073414908  107.073414908  107.073414908
62.4  150.25689267  106.924740495  106.924740495  106.924740495
62.5  150.051399203  106.774065132  106.774065132  106.774065132
62.6  149.843062516  106.621407908  106.621407908  106.621407908
62.7  149.631909953  106.466788219  106.466788219  106.466788219
62.8  149.41796929  106.310225764  106.310225764  106.310225764
62.9  149.20126873  106.151740545  106.151740545  106.151740545
63.0  148.981836899  105.991352855  105.991352855  105.991352855
63.1  148.759702837  105.829083282  105.829083282  105.829083282
63.2  148.534895993  105.6649527  105.6649527  105.6649527
63.3  148.307446222  105.498982267  105.498982267  105.498982267
63.4  148.077383775  105.331193418  105.331193418  105.331193418
63.5  147.844739295  105.161607865  105.161607865  105.161607865
63.6  147.609543812  104.990247587  104.990247587  104.990247587
63.7  147.371828732  104.817134833  104.817134833  104.817134833
63.8  147.131625837  104.64229211  104.64229211  104.64229211
63.9  146.888967273  104.465742182  104.465742182  104.465742182
64.0  146.643885547  104.287508066  104.287508066  104.287508066
64.1  146.396413521  104.107613027  104.107613027  104.107613027
64.2  146.146584401  103.92608057  103.92608057  103.92608057
64.3  145.894431735  103.742934442  103.742934442  103.742934442
64.4  145.639989403  103.558198621  103.558198621  103.558198621
64.5  145.383291612  103.371897313  103.371897313  103.371897313
64.6  145.12437289  103.184054948  103.184054948  103.184054948
64.7  144.863268075  102.994696176  102.994696176  102.994696176
64.8  144.600012313  102.803845858  102.803845858  102.803845858
64.9  144.334641048  102.611529067  102.611529067  102.611529067
65.0  144.067190014  102.417771078  102.417771078  102.417771078
65.1  143.797695231  102.222597363  102.222597363  102.222597363
65.2  143.526192995  102.02603359  102.02603359  102.02603359
65.3  143.252719873  101.828105614  101.828105614  101.828105614
65.4  142.977312693  101.628839474  101.628839474  101.628839474
65.5  142.700008538  101.428261385  101.428261385  101.428261385
65.6  142.420844739  101.226397737  101.226397737  101.226397737
65.7  142.139858867  101.023275086  101.023275086  101.023275086
65.8  141.857088725  100.818920149  100.818920149  100.818920149
65.9  141.572572341  100.6133598  100.6133598  100.6133598
66.0  141.28634796  100.406621067  100.406621067  100.406621067
66.1  140.998454037  100.19873112  100.19873112  100.19873112
66.2  140.708929227  99.9897172704  99.9897172704  99.9897172704
66.3  140.417812382  99.7796069654  99.7796069654  99.7796069654
66.4  140.125142537  99.5684277804  99.5684277804  99.5684277804
66.5  139.830958907  99.356207415  99.356207415  99.356207415
66.6  139.535300876  99.1429736865  99.1429736865  99.1429736865
66.7  139.238207992  98.9287545252  98.9287545252  98.9287545252
66.8  138.939719957  98.713577968  98.713577968  98.713577968
66.9  138.639876618  98.4974721532  98.4974721532  98.4974721532
67.0  138.338717963  98.2804653149  98.2804653149  98.2804653149
67.1  138.036284108  98.0625857767  98.0625857767  98.0625857767
67.2  137.732615292  97.8438619468  97.8438619468  97.8438619468
67.3  137.427751868  97.6243223118  97.6243223118  97.6243223118
67.4  137.121734298  97.4039954312  97.4039954312  97.4039954312
67.5  136.814603136  97.1829099312  97.1829099312  97.1829099312
67.6  136.506399031  96.9610944997  96.9610944997  96.9610944997
67.7  136.197162712  96.7385778798  96.7385778798  96.7385778798
67.8  135.886934979  96.5153888644  96.5153888644  96.5153888644
67.9  135.575756701  96.2915562903  96.2915562903  96.2915562903
68.0  135.2636688  96.0671090324  96.0671090324  96.0671090324
68.1  134.95071225  95.8420759979  95.8420759979  95.8420759979
68.2  134.636928062  95.6164861204  95.6164861204  95.6164861204
68.3  134.322357282  95.390368354  95.390368354  95.390368354
68.4  134.007040979  95.1637516678  95.1637516678  95.1637516678
68.5  133.691020235  94.9366650399  94.9366650399  94.9366650399
68.6  133.374336143  94.7091374511  94.7091374511  94.7091374511
68.7  133.057029793  94.4811978798  94.4811978798  94.4811978798
68.8  132.739142264  94.2528752956  94.2528752956  94.2528752956
68.9  132.42071462  94.0241986537  94.0241986537  94.0241986537
69.0  132.101787898  93.7951968893  93.7951968893  93.7951968893
69.1  131.782403101  93.5658989111  93.5658989111  93.5658989111
69.2  131.462601187  93.3363335956  93.3363335956  93.3363335956
69.3  131.142423067  93.1065297824  93.1065297824  93.1065297824
69.4  130.821909591  92.8765162667  92.8765162667  92.8765162667
69.5  130.50110154  92.6463217944  92.6463217944  92.6463217944
69.6  130.180039623  92.4159750565  92.4159750565  92.4159750565
69.7  129.858764462  92.1855046827  92.1855046827  92.1855046827
69.8  129.537316587  91.9549392356  91.9549392356  91.9549392356
69.9  129.215736431  91.7243072059  91.7243072059  91.7243072059
70.0  128.894064315  91.4936370056  91.4936370056  91.4936370056
70.1  128.572340445  91.2629569624  91.2629569624  91.2629569624
70.2  128.250604902  91.0322953145  91.0322953145  91.0322953145
70.3  127.928897635  90.8016802045  90.8016802045  90.8016802045
70.4  127.60725845  90.5711396738  90.5711396738  90.5711396738
70.5  127.285727005  90.3407016567  90.3407016567  90.3407016567
70.6  126.964342803  90.1103939756  90.1103939756  90.1103939756
70.7  126.643145179  89.8802443341  89.8802443341  89.8802443341
70.8  126.322173297  89.6502803123  89.6502803123  89.6502803123
70.9  126.00146614  89.4205293611  89.4205293611  89.4205293611
71.0  125.681062501  89.1910187966  89.1910187966  89.1910187966
71.1  125.361000978  88.9617757941  88.9617757941  88.9617757941
71.2  125.041319963  88.7328273834  88.7328273834  88.7328273834
71.3  124.722057638  88.5042004431  88.5042004431  88.5042004431
71.4  124.403251963  88.2759216947  88.2759216947  88.2759216947
71.5  124.084940673  88.0480176976  88.0480176976  88.0480176976
71.6  123.767161265  87.8205148441  87.8205148441  87.8205148441
71.7  123.449950995  87.593439353  87.593439353  87.593439353
71.8  123.133346868  87.3668172657  87.3668172657  87.3668172657
71.9  122.817385633  87.1406744397  87.1406744397  87.1406744397
72.0  122.502103772  86.9150365439  86.9150365439  86.9150365439
72.1  122.187537496  86.6899290539  86.6899290539  86.6899290539
72.2  121.873722734  86.4653772459  86.4653772459  86.4653772459
72.3  121.56069513  86.2414061923  86.2414061923  86.2414061923
72.4  121.248490035  86.0180407568  86.0180407568  86.0180407568
72.5  120.937142496  85.7953055886  85.7953055886  85.7953055886
72.6  120.626687253  85.573225118  85.573225118  85.573225118
72.7  120.317158731  85.3518235516  85.3518235516  85.3518235516
72.8  120.008591031  85.1311248671  85.1311248671  85.1311248671
72.9  119.701017928  84.9111528088  84.9111528088  84.9111528088
73.0  119.394472859  84.6919308825  84.6919308825  84.6919308825
73.1  119.08898892  84.4734823511  84.4734823511  84.4734823511
73.2  118.784598856  84.25583023  84.25583023  84.25583023
73.3  118.481335057  84.0389972817  84.0389972817  84.0389972817
73.4  118.179229553  83.8230060128  83.8230060128  83.8230060128
73.5  117.878314003  83.6078786677  83.6078786677  83.6078786677
73.6  117.578619691  83.3936372258  83.3936372258  83.3936372258
73.7  117.280177524  83.1803033961  83.1803033961  83.1803033961
73.8  116.983018016  82.9678986132  82.9678986132  82.9678986132
73.9  116.687171293  82.7564440333  82.7564440333  82.7564440333
74.0  116.392667079  82.5459605294  82.5459605294  82.5459605294
74.1  116.099534693  82.336468688  82.336468688  82.336468688
74.2  115.807803046  82.1279888041  82.1279888041  82.1279888041
74.3  115.51750063  81.9205408785  81.9205408785  81.9205408785
74.4  115.228655514  81.7141446121  81.7141446121  81.7141446121
74.5  114.941295344  81.5088194039  81.5088194039  81.5088194039
74.6  114.655447329  81.3045843462  81.3045843462  81.3045843462
74.7  114.371138242  81.1014582208  81.1014582208  81.1014582208
74.8  114.088394412  80.8994594958  80.8994594958  80.8994594958
74.9  113.807241719  80.698606322  80.698606322  80.698606322
75.0  113.527705591  80.498916529  80.498916529  80.498916529
75.0  113.527705591  80.498916529  80.498916529  80.498916529
75.1  113.249810996  80.3004076223  80.3004076223  80.3004076223
75.2  112.973582442  80.1030967795  80.1030967795  80.1030967795
75.3  112.699043966  79.9070008476  79.9070008476  79.9070008476
75.4  112.426219135  79.7121363392  79.7121363392  79.7121363392
75.5  112.155131039  79.5185194296  79.5185194296  79.5185194296
75.6  111.885802286  79.3261659541  79.3261659541  79.3261659541
75.7  111.618255  79.1350914047  79.1350914047  79.1350914047
75.8  111.352510817  78.9453109273  78.9453109273  78.9453109273
75.9  111.088590876  78.7568393188  78.7568393188  78.7568393188
76.0  110.826515823  78.5696910249  78.5696910249  78.5696910249
76.1  110.566305801  78.3838801369  78.3838801369  78.3838801369
76.2  110.30798045  78.1994203896  78.1994203896  78.1994203896
76.3  110.051558901  78.0163251584  78.0163251584  78.0163251584
76.4  109.797059775  77.8346074576  77.8346074576  77.8346074576
76.5  109.544501177  77.6542799374  77.6542799374  77.6542799374
76.6  109.293900697  77.4753548828  77.4753548828  77.4753548828
76.7  109.045275402  77.2978442099  77.2978442099  77.2978442099
76.8  108.798641837  77.1217594655  77.1217594655  77.1217594655
76.9  108.554016021  76.9471118243  76.9471118243  76.9471118243
77.0  108.311413444  76.7739120875  76.7739120875  76.7739120875
77.1  108.070849065  76.6021706808  76.6021706808  76.6021706808
77.2  107.832337311  76.4318976528  76.4318976528  76.4318976528
77.3  107.595892071  76.2631026741  76.2631026741  76.2631026741
77.4  107.361526698  76.0957950349  76.0957950349  76.0957950349
77.5  107.129254005  75.9299836442  75.9299836442  75.9299836442
77.6  106.899086265  75.7656770286  75.7656770286  75.7656770286
77.7  106.671035207  75.6028833315  75.6028833315  75.6028833315
77.8  106.445112015  75.4416103112  75.4416103112  75.4416103112
77.9  106.221327328  75.2818653404  75.2818653404  75.2818653404
78.0  105.99969124  75.123655406  75.123655406  75.123655406
78.1  105.780213293  74.9669871071  74.9669871071  74.9669871071
78.2  105.562902485  74.8118666554  74.8118666554  74.8118666554
78.3  105.347767261  74.6582998746  74.6582998746  74.6582998746
78.4  105.134815516  74.5062921993  74.5062921993  74.5062921993
78.5  104.924054595  74.3558486753  74.3558486753  74.3558486753
78.6  104.715491294  74.2069739597  74.2069739597  74.2069739597
78.7  104.509131854  74.0596723192  74.0596723192  74.0596723192
78.8  104.304981968  73.9139476324  73.9139476324  73.9139476324
78.9  104.103046776  73.7698033879  73.7698033879  73.7698033879
79.0  103.903330868  73.6272426859  73.6272426859  73.6272426859
79.1  103.705838283  73.4862682375  73.4862682375  73.4862682375
79.2  103.510572511  73.3468823661  73.3468823661  73.3468823661
79.3  103.317536494  73.2090870071  73.2090870071  73.2090870071
79.4  103.126732624  73.0728837089  73.0728837089  73.0728837089
79.5  102.938162746  72.9382736338  72.9382736338  72.9382736338
79.6  102.75182816  72.8052575585  72.8052575585  72.8052575585
79.7  102.567729622  72.6738358757  72.6738358757  72.6738358757
79.8  102.385867343  72.5440085943  72.5440085943  72.5440085943
79.9  102.206240995  72.4157753412  72.4157753412  72.4157753412
80.0  102.028849708  72.2891353628  72.2891353628  72.2891353628
80.1  101.853692078  72.1640875258  72.1640875258  72.1640875258
80.2  101.680766162  72.0406303189  72.0406303189  72.0406303189
80.3  101.510069486  71.918761855  71.918761855  71.918761855
80.4  101.341599046  71.7984798723  71.7984798723  71.7984798723
80.5  101.175351306  71.6797817362  71.6797817362  71.6797817362
80.6  101.011322211  71.5626644417  71.5626644417  71.5626644417
80.7  100.849507178  71.4471246155  71.4471246155  71.4471246155
80.8  100.689901109  71.3331585173  71.3331585173  71.3331585173
80.9  100.532498388  71.2207620437  71.2207620437  71.2207620437
81.0  100.377292886  71.1099307285  71.1099307285  71.1099307285
81.1  100.224277967  71.0006597475  71.0006597475  71.0006597475
81.2  100.073446488  70.8929439196  70.8929439196  70.8929439196
81.3  99.9247908063  70.7867777102  70.7867777102  70.7867777102
81.4  99.7783027805  70.6821552337  70.6821552337  70.6821552337
81.5  99.6339737773  70.5790702572  70.5790702572  70.5790702572
81.6  99.491794674  70.4775162027  70.4775162027  70.4775162027
81.7  99.3517558641  70.3774861508  70.3774861508  70.3774861508
81.8  99.2138472613  70.2789728439  70.2789728439  70.2789728439
81.9  99.0780583052  70.18196869  70.18196869  70.18196869
82.0  98.9443779656  70.0864657656  70.0864657656  70.0864657656
82.1  98.8127947476  69.9924558198  69.9924558198  69.9924558198
82.2  98.6832966975  69.8999302781  69.8999302781  69.8999302781
82.3  98.5558714077  69.8088802458  69.8088802458  69.8088802458
82.4  98.4305060234  69.7192965132  69.7192965132  69.7192965132
82.5  98.3071872461  69.6311695575  69.6311695575  69.6311695575
82.6  98.1859013416  69.544489549  69.544489549  69.544489549
82.7  98.0666341464  69.4592463553  69.4592463553  69.4592463553
82.8  97.9493710717  69.3754295441  69.3754295441  69.3754295441
82.9  97.8340971116  69.2930283893  69.2930283893  69.2930283893
83.0  97.72079685  69.2120318757  69.2120318757  69.2120318757
83.1  97.6094544661  69.1324287029  69.1324287029  69.1324287029
83.2  97.5000537404  69.0542072896  69.0542072896  69.0542072896
83.3  97.3925780644  68.9773557802  68.9773557802  68.9773557802
83.4  97.2870104455  68.9018620488  68.9018620488  68.9018620488
83.5  97.183333516  68.8277137051  68.8277137051  68.8277137051
83.6  97.0815295387  68.7548980986  68.7548980986  68.7548980986
83.7  96.981580416  68.6834023249  68.6834023249  68.6834023249
83.8  96.883467697  68.6132132308  68.6132132308  68.6132132308
83.9  96.7871725852  68.5443174198  68.5443174198  68.5443174198
84.0  96.6926759467  68.476701258  68.476701258  68.476701258
84.1  96.5999583191  68.4103508799  68.4103508799  68.4103508799
84.2  96.5089999182  68.3452521937  68.3452521937  68.3452521937
84.3  96.4197806483  68.2813908884  68.2813908884  68.2813908884
84.4  96.3322801091  68.2187524385  68.2187524385  68.2187524385
84.5  96.2464776053  68.157322111  68.157322111  68.157322111
84.6  96.1623521558  68.0970849721  68.0970849721  68.0970849721
84.7  96.079882501  68.0380258917  68.0380258917  68.0380258917
84.8  95.9990471145  67.9801295524  67.9801295524  67.9801295524
84.9  95.9198242095  67.9233804535  67.9233804535  67.9233804535
85.0  95.8421917508  67.86776292  67.86776292  67.86776292
85.1  95.7661274612  67.8132611067  67.8132611067  67.8132611067
85.2  95.6916088352  67.7598590077  67.7598590077  67.7598590077
85.3  95.6186131442  67.7075404611  67.7075404611  67.7075404611
85.4  95.5471174504  67.6562891574  67.6562891574  67.6562891574
85.5  95.4770986138  67.6060886456  67.6060886456  67.6060886456
85.6  95.4085333034  67.5569223405  67.5569223405  67.5569223405
85.7  95.3413980074  67.5087735304  67.5087735304  67.5087735304
85.8  95.2756690436  67.461625384  67.461625384  67.461625384
85.9  95.2113225693  67.4154609574  67.4154609574  67.4154609574
86.0  95.148334593  67.3702632028  67.3702632028  67.3702632028
86.1  95.0866809827  67.3260149739  67.3260149739  67.3260149739
86.2  95.0263374789  67.2826990354  67.2826990354  67.2826990354
86.3  94.9672797038  67.2402980695  67.2402980695  67.2402980695
86.4  94.9094831744  67.198794685  67.198794685  67.198794685
86.5  94.8529233096  67.1581714222  67.1581714222  67.1581714222
86.6  94.7975754454  67.1184107641  67.1184107641  67.1184107641
86.7  94.7434148431  67.0794951417  67.0794951417  67.0794951417
86.8  94.6904167036  67.0414069446  67.0414069446  67.0414069446
86.9  94.6385561735  67.0041285248  67.0041285248  67.0041285248
87.0  94.5878083633  66.9676422098  66.9676422098  66.9676422098
87.1  94.5381483527  66.9319303066  66.9319303066  66.9319303066
87.2  94.4895512057  66.896975112  66.896975112  66.896975112
87.3  94.4419919819  66.8627589207  66.8627589207  66.8627589207
87.4  94.3954457468  66.8292640325  66.8292640325  66.8292640325
87.5  94.3498875832  66.7964727607  66.7964727607  66.7964727607
87.6  94.3052926065  66.7643674425  66.7643674425  66.7643674425
87.7  94.2616359718  66.7329304443  66.7329304443  66.7329304443
87.8  94.2188928887  66.7021441717  66.7021441717  66.7021441717
87.9  94.1770386329  66.6719910787  66.6719910787  66.6719910787
88.0  94.1360485571  66.6424536742  66.6424536742  66.6424536742
88.1  94.0958981041  66.6135145319  66.6135145319  66.6135145319
88.2  94.0565628184  66.5851562987  66.5851562987  66.5851562987
88.3  94.0180183584  66.5573617025  66.5573617025  66.5573617025
88.4  93.9802405075  66.5301135612  66.5301135612  66.5301135612
88.5  93.9432051867  66.5033947905  66.5033947905  66.5033947905
88.6  93.9068884695  66.4771884151  66.4771884151  66.4771884151
88.7  93.8712665893  66.4514775737  66.4514775737  66.4514775737
88.8  93.836315954  66.4262455294  66.4262455294  66.4262455294
88.9  93.8020131579  66.4014756779  66.4014756779  66.4014756779
89.0  93.7683349958  66.3771515578  66.3771515578  66.3771515578
89.1  93.7352584713  66.3532568563  66.3532568563  66.3532568563
89.2  93.7027608112  66.329775419  66.329775419  66.329775419
89.3  93.6708194765  66.3066912587  66.3066912587  66.3066912587
89.4  93.6394121771  66.2839885643  66.2839885643  66.2839885643
89.5  93.6085168815  66.2616517093  66.2616517093  66.2616517093
89.6  93.5781118268  66.2396652575  66.2396652575  66.2396652575
89.7  93.5481755375  66.2180139768  66.2180139768  66.2180139768
89.8  93.5186868286  66.1966828418  66.1966828418  66.1966828418
89.9  93.4896248261  66.1756570475  66.1756570475  66.1756570475
90.0  93.4609689714  66.1549220131  66.1549220131  66.1549220131
90.0  93.4609689713  66.154922013  66.154922013  66.154922013
90.1  93.4326990392  66.134463394  66.134463394  66.134463394
90.2  93.4047951457  66.1142670884  66.1142670884  66.1142670884
90.3  93.3772377593  66.0943192441  66.0943192441  66.0943192441
90.4  93.3500077158  66.0746062695  66.0746062695  66.0746062695
90.5  93.3230862289  66.0551148411  66.0551148411  66.0551148411
90.6  93.2964548975  66.0358319088  66.0358319088  66.0358319088
90.7  93.270095724  66.0167447084  66.0167447084  66.0167447084
90.8  93.2439911193  65.9978407654  65.9978407654  65.9978407654
90.9  93.2181239176  65.9791079055  65.9791079055  65.9791079055
91.0  93.192477385  65.9605342607  65.9605342607  65.9605342607
91.1  93.1670352333  65.9421082787  65.9421082787  65.9421082787
91.2  93.1417816273  65.9238187283  65.9238187283  65.9238187283
91.3  93.1167011983  65.9056547092  65.9056547092  65.9056547092
91.4  93.0917790535  65.8876056582  65.8876056582  65.8876056582
91.5  93.0670007858  65.8696613562  65.8696613562  65.8696613562
91.6  93.0423524847  65.8518119361  65.8518119361  65.8518119361
91.7  93.0178207458  65.8340478895  65.8340478895  65.8340478895
91.8  92.9933926813  65.8163600737  65.8163600737  65.8163600737
91.9  92.9690559299  65.7987397194  65.7987397194  65.7987397194
92.0  92.9447986643  65.7811784353  65.7811784353  65.7811784353
92.1  92.9206096035  65.7636682172  65.7636682172  65.7636682172
92.2  92.8964780192  65.7462014523  65.7462014523  65.7462014523
92.3  92.8723937464  65.728770927  65.728770927  65.728770927
92.4  92.8483471919  65.7113698324  65.7113698324  65.7113698324
92.5  92.824329342  65.6939917703  65.6939917703  65.6939917703
92.6  92.8003317709  65.6766307585  65.6766307585  65.6766307585
92.7  92.7763466514  65.6592812391  65.6592812391  65.6592812391
92.8  92.7523667558  65.6419380786  65.6419380786  65.6419380786
92.9  92.7283854732  65.62459658  65.62459658  65.62459658
93.0  92.704396807  65.6072524815  65.6072524815  65.6072524815
93.1  92.6803953884  65.589901966  65.589901966  65.589901966
93.2  92.6563764828  65.572541665  65.572541665  65.572541665
93.3  92.632335991  65.5551686601  65.5551686601  65.5551686601
93.4  92.608270461  65.5377804911  65.5377804911  65.5377804911
93.5  92.5841770901  65.5203751573  65.5203751573  65.5203751573
93.6  92.5600537348  65.5029511251  65.5029511251  65.5029511251
93.7  92.5358989103  65.4855073266  65.4855073266  65.4855073266
93.8  92.5117117994  65.4680431668  65.4680431668  65.4680431668
93.9  92.4874922553  65.4505585254  65.4505585254  65.4505585254
94.0  92.4632408082  65.4330537608  65.4330537608  65.4330537608
94.1  92.4389586629  65.4155297095  65.4155297095  65.4155297095
94.2  92.4146477117  65.3979876941  65.3979876941  65.3979876941
94.3  92.3903105271  65.380429519  65.380429519  65.380429519
94.4  92.365950375  65.3628574791  65.3628574791  65.3628574791
94.5  92.3415712055  65.3452743536  65.3452743536  65.3452743536
94.6  92.317177666  65.3276834152  65.3276834152  65.3276834152
94.7  92.2927750942  65.3100884252  65.3100884252  65.3100884252
94.8  92.2683695224  65.2924936365  65.2924936365  65.2924936365
94.9  92.2439676799  65.2749037949  65.2749037949  65.2749037949
95.0  92.2195769905  65.2573241381  65.2573241381  65.2573241381
95.1  92.1952055704  65.2397603936  65.2397603936  65.2397603936
95.2  92.170862232  65.2222187813  65.2222187813  65.2222187813
95.3  92.1465564796  65.2047060111  65.2047060111  65.2047060111
95.4  92.1222985055  65.1872292795  65.1872292795  65.1872292795
95.5  92.098099197  65.1697962747  65.1697962747  65.1697962747
95.6  92.0739701195  65.1524151648  65.1524151648  65.1524151648
95.7  92.0499235242  65.1350946032  65.1350946032  65.1350946032
95.8  92.0259723402  65.1178437228  65.1178437228  65.1178437228
95.9  92.0021301686  65.100672132  65.100672132  65.100672132
96.0  91.9784112802  65.0835899131  65.0835899131  65.0835899131
96.1  91.9548306079  65.0666076166  65.0666076166  65.0666076166
96.2  91.9314037443  65.0497362599  65.0497362599  65.0497362599
96.3  91.9081469258  65.032987316  65.032987316  65.032987316
96.4  91.8850770347  65.0163727145  65.0163727145  65.0163727145
96.5  91.8622115884  64.9999048344  64.9999048344  64.9999048344
96.6  91.8395687277  64.9835964959  64.9835964959  64.9835964959
96.7  91.8171672106  64.9674609556  64.9674609556  64.9674609556
96.8  91.7950263992  64.9515118976  64.9515118976  64.9515118976
96.9  91.7731662521  64.9357634277  64.9357634277  64.9357634277
97.0  91.7516073131  64.9202300659  64.9202300659  64.9202300659
97.1  91.7303706937  64.9049267337  64.9049267337  64.9049267337
97.2  91.7094780685  64.8898687508  64.8898687508  64.8898687508
97.3  91.6889516537  64.8750718201  64.8750718201  64.8750718201
97.4  91.6688141971  64.8605520204  64.8605520204  64.8605520204
97.5  91.6490889624  64.8463257955  64.8463257955  64.8463257955
97.6  91.6297997132  64.8324099426  64.8324099426  64.8324099426
97.7  91.6109706947  64.8188215998  64.8188215998  64.8188215998
97.8  91.5926266194  64.8055782353  64.8055782353  64.8055782353
97.9  91.5747926443  64.792697632  64.792697632  64.792697632
98.0  91.5574943579  64.7801978779  64.7801978779  64.7801978779
98.1  91.5407577518  64.7680973459  64.7680973459  64.7680973459
98.2  91.5246092087  64.7564146854  64.7564146854  64.7564146854
98.3  91.5090754717  64.745168801  64.745168801  64.745168801
98.4  91.4941836337  64.7343788443  64.7343788443  64.7343788443
98.5  91.4799610968  64.7240641858  64.7240641858  64.7240641858
98.6  91.466435567  64.7142444106  64.7142444106  64.7142444106
98.7  91.4536350107  64.704939288  64.704939288  64.704939288
98.8  91.4415876423  64.6961687627  64.6961687627  64.6961687627
98.9  91.4303218882  64.6879529291  64.6879529291  64.6879529291
99.0  91.4198663651  64.6803120162  64.6803120162  64.6803120162
99.1  91.4102498392  64.6732663586  64.6732663586  64.6732663586
99.2  91.4015012107  64.6668363854  64.6668363854  64.6668363854
99.3  91.3936494733  64.6610425921  64.6610425921  64.6610425921
99.4  91.3867236818  64.6559055168  64.6559055168  64.6559055168
99.5  91.3807529176  64.6514457167  64.6514457167  64.6514457167
99.6  91.3757662622  64.6476837487  64.6476837487  64.6476837487
99.7  91.3717927497  64.6446401361  64.6446401361  64.6446401361
99.8  91.3688613404  64.64233535  64.64233535  64.64233535
99.9  91.3670008736  64.6407897755  64.6407897755  64.6407897755
100.0  91.3662400335  64.640023688  64.640023688  64.640023688
100.1  91.3666073127  64.6400572273  64.6400572273  64.6400572273
100.2  91.3681309561  64.6409103579  64.6409103579  64.6409103579
100.3  91.3708389361  64.6426028511  64.6426028511  64.6426028511
100.4  91.3747588956  64.6451542451  64.6451542451  64.6451542451
100.5  91.3799181073  64.6485838165  64.6485838165  64.6485838165
100.6  91.3863434254  64.6529105453  64.6529105453  64.6529105453
100.7  91.3940612425  64.6581530849  64.6581530849  64.6581530849
100.8  91.4030974334  64.6643297224  64.6643297224  64.6643297224
100.9  91.4134773066  64.6714583444  64.6714583444  64.6714583444
101.0  91.4252255561  64.6795564024  64.6795564024  64.6795564024
101.1  91.4383662034  64.6886408722  64.6886408722  64.6886408722
101.2  91.4529225457  64.6987282171  64.6987282171  64.6987282171
101.3  91.468917096  64.7098343456  64.7098343456  64.7098343456
101.4  91.4863715313  64.721974575  64.721974575  64.721974575
101.5  91.5053066301  64.7351635866  64.7351635866  64.7351635866
101.6  91.5257422082  64.7494153808  64.7494153808  64.7494153808
101.7  91.547697065  64.7647432389  64.7647432389  64.7647432389
101.8  91.5711889125  64.7811596731  64.7811596731  64.7811596731
101.9  91.5962343142  64.7986763829  64.7986763829  64.7986763829
102.0  91.6228486177  64.8173042078  64.8173042078  64.8173042078
102.1  91.6510458845  64.8370530776  64.8370530776  64.8370530776
102.2  91.6808388237  64.8579319652  64.8579319652  64.8579319652
102.3  91.712238717  64.8799488341  64.8799488341  64.8799488341
102.4  91.7452553486  64.9031105883  64.9031105883  64.9031105883
102.5  91.7798969282  64.927423018  64.927423018  64.927423018
102.6  91.8620030167  64.9853140757  64.9853140757  64.9761855118
102.7  91.7874795469  64.9324030008  64.9324030008  64.9230958712
102.8  91.7130165346  64.879536266  64.879536266  64.8700505232
102.9  91.6386139307  64.826713825  64.826713825  64.8170494234
103.0  91.5642716863  64.7739356314  64.7739356314  64.7640925278
103.1  91.4899897524  64.721201639  64.721201639  64.7111797923
103.2  91.4157680801  64.6685118018  64.6685118018  64.6583111729
103.3  91.3416066204  64.6158660737  64.6158660737  64.6054866256
103.4  91.2675053245  64.5632644088  64.5632644088  64.5527061069
103.5  91.1934641437  64.5107067614  64.5107067614  64.4999695729
103.6  91.1194830291  64.4581930859  64.4581930859  64.4472769802
103.7  91.045561932  64.4057233368  64.4057233368  64.3946282852
103.8  90.9717008037  64.3532974685  64.3532974685  64.3420234445
103.9  90.8978995957  64.3009154358  64.3009154358  64.289462415
104.0  90.8241582592  64.2485771934  64.2485771934  64.2369451533
104.1  90.7504767456  64.1962826963  64.1962826963  64.1844716165
104.2  90.6768550066  64.1440318995  64.1440318995  64.1320417614
104.3  90.6032929935  64.0918247581  64.0918247581  64.0796555453
104.4  90.529790658  64.0396612273  64.0396612273  64.0273129253
104.5  90.4563479515  63.9875412624  63.9875412624  63.9750138586
104.6  90.3829648258  63.9354648189  63.9354648189  63.9227583027
104.7  90.3096412325  63.8834318523  63.8834318523  63.8705462151
104.8  90.2363771233  63.8314423182  63.8314423182  63.8183775532
104.9  90.1631724499  63.7794961723  63.7794961723  63.7662522748
105.0  90.0900271641  63.7275933706  63.7275933706  63.7141703375
105.0  90.0900271641  63.7275933706  63.7275933706  63.7141703375
105.1  90.0169412178  63.675733869  63.675733869  63.6621316992
105.2  89.9439145628  63.6239176234  63.6239176234  63.6101363179
105.3  89.870947151  63.5721445901  63.5721445901  63.5581841515
105.4  89.7980389344  63.5204147253  63.5204147253  63.5062751582
105.5  89.7251898649  63.4687279854  63.4687279854  63.454409296
105.6  89.6523998945  63.4170843267  63.4170843267  63.4025865234
105.7  89.5796689753  63.3654837059  63.3654837059  63.3508067986
105.8  89.5069970594  63.3139260796  63.3139260796  63.29907008
105.9  89.434384099  63.2624114045  63.2624114045  63.2473763263
106.0  89.3618300461  63.2109396375  63.2109396375  63.1957254961
106.1  89.289334853  63.1595107355  63.1595107355  63.1441175479
106.2  89.216898472  63.1081246555  63.1081246555  63.0925524407
106.3  89.1445208554  63.0567813546  63.0567813546  63.0410301333
106.4  89.0722019554  63.0054807902  63.0054807902  62.9895505846
106.5  88.9999417244  62.9542229194  62.9542229194  62.9381137536
106.6  88.9277401149  62.9030076997  62.9030076997  62.8867195996
106.7  88.8555970793  62.8518350887  62.8518350887  62.8353680816
106.8  88.78351257  62.8007050438  62.8007050438  62.7840591591
106.9  88.7114865397  62.7496175229  62.7496175229  62.7327927912
107.0  88.6395189407  62.6985724836  62.6985724836  62.6815689375
107.1  88.5676097258  62.6475698838  62.6475698838  62.6303875575
107.2  88.4957588477  62.5966096815  62.5966096815  62.5792486107
107.3  88.4239662588  62.5456918348  62.5456918348  62.528152057
107.4  88.352231912  62.4948163018  62.4948163018  62.477097856
107.5  88.2805557601  62.4439830407  62.4439830407  62.4260859675
107.6  88.2089377557  62.3931920099  62.3931920099  62.3751163515
107.7  88.1373778518  62.3424431677  62.3424431677  62.324188968
107.8  88.0658760012  62.2917364727  62.2917364727  62.273303777
107.9  87.9944321567  62.2410718834  62.2410718834  62.2224607388
108.0  87.9230462715  62.1904493585  62.1904493585  62.1716598134
108.1  87.8517182983  62.1398688568  62.1398688568  62.1209009613
108.2  87.7804481903  62.0893303371  62.0893303371  62.0701841427
108.3  87.7092359005  62.0388337583  62.0388337583  62.0195093182
108.4  87.638081382  61.9883790795  61.9883790795  61.9688764482
108.5  87.5669845879  61.9379662597  61.9379662597  61.9182854934
108.6  87.4959454714  61.8875952581  61.8875952581  61.8677364144
108.7  87.4249639857  61.8372660341  61.8372660341  61.8172291721
108.8  87.3540400841  61.7869785469  61.7869785469  61.766763727
108.9  87.2831737198  61.736732756  61.736732756  61.7163400403
109.0  87.2123648462  61.6865286209  61.6865286209  61.6659580729
109.1  87.1416134166  61.6363661012  61.6363661012  61.6156177857
109.2  87.0709193844  61.5862451566  61.5862451566  61.5653191399
109.3  87.0002827031  61.5361657468  61.5361657468  61.5150620967
109.4  86.9297033261  61.4861278317  61.4861278317  61.4648466173
109.5  86.859181207  61.4361313712  61.4361313712  61.414672663
109.6  86.7887162992  61.3861763253  61.3861763253  61.3645401952
109.7  86.7183085565  61.336262654  61.336262654  61.3144491755
109.8  86.6479579323  61.2863903177  61.2863903177  61.2643995652
109.9  86.5776643804  61.2365592764  61.2365592764  61.2143913261
110.0  86.5074278544  61.1867694905  61.1867694905  61.1644244197
110.1  86.4372483082  61.1370209204  61.1370209204  61.1144988079
110.2  86.3671256954  61.0873135266  61.0873135266  61.0646144523
110.3  86.29705997  61.0376472696  61.0376472696  61.014771315
110.4  86.2270510856  60.98802211  60.98802211  60.9649693577
110.5  86.1570989963  60.9384380086  60.9384380086  60.9152085426
110.6  86.087203656  60.8888949262  60.8888949262  60.8654888317
110.7  86.0173650185  60.8393928235  60.8393928235  60.8158101871
110.8  85.947583038  60.7899316615  60.7899316615  60.766172571
110.9  85.8778576684  60.7405114012  60.7405114012  60.7165759457
111.0  85.8081888639  60.6911320038  60.6911320038  60.6670202735
111.1  85.7385765785  60.6417934303  60.6417934303  60.6175055169
111.2  85.6690207663  60.5924956419  60.5924956419  60.5680316382
111.3  85.5995213817  60.5432386001  60.5432386001  60.5185986001
111.4  85.5300783787  60.494022266  60.494022266  60.469206365
111.5  85.4606917117  60.4448466013  60.4448466013  60.4198548957
111.6  85.3913613349  60.3957115674  60.3957115674  60.3705441549
111.7  85.3220872028  60.3466171259  60.3466171259  60.3212741053
111.8  85.2528692696  60.2975632384  60.2975632384  60.2720447098
111.9  85.1837074897  60.2485498667  60.2485498667  60.2228559313
112.0  85.1146018177  60.1995769726  60.1995769726  60.1737077328
112.1  85.0455522079  60.150644518  60.150644518  60.1246000772
112.2  84.976558615  60.1017524648  60.1017524648  60.0755329278
112.3  84.9076209934  60.052900775  60.052900775  60.0265062475
112.4  84.8387392978  60.0040894107  60.0040894107  59.9775199997
112.5  84.7699134828  59.9553183341  59.9553183341  59.9285741476
112.6  84.701143503  59.9065875073  59.9065875073  59.8796686546
112.7  84.6324293132  59.8578968927  59.8578968927  59.8308034839
112.8  84.5637708681  59.8092464526  59.8092464526  59.7819785992
112.9  84.4951681225  59.7606361494  59.7606361494  59.7331939638
113.0  84.4266210311  59.7120659456  59.7120659456  59.6844495415
113.1  84.3581295489  59.6635358039  59.6635358039  59.6357452957
113.2  84.2896936308  59.6150456867  59.6150456867  59.5870811901
113.3  84.2213132316  59.5665955569  59.5665955569  59.5384571886
113.4  84.1529883062  59.5181853771  59.5181853771  59.489873255
113.5  84.0847188099  59.4698151102  59.4698151102  59.441329353
113.6  84.0165046974  59.4214847191  59.4214847191  59.3928254466
113.7  83.948345924  59.3731941666  59.3731941666  59.3443614998
113.8  83.8802424446  59.324943416  59.324943416  59.2959374766
113.9  83.8121942146  59.2767324301  59.2767324301  59.2475533411
114.0  83.7442011889  59.2285611722  59.2285611722  59.1992090574
114.1  83.676263323  59.1804296055  59.1804296055  59.1509045898
114.2  83.6083805719  59.1323376932  59.1323376932  59.1026399025
114.3  83.540552891  59.0842853987  59.0842853987  59.0544149598
114.4  83.4727802356  59.0362726854  59.0362726854  59.0062297261
114.5  83.4050625611  58.9882995168  58.9882995168  58.9580841657
114.6  83.3373998229  58.9403658563  58.9403658563  58.9099782433
114.7  83.2697919764  58.8924716676  58.8924716676  58.8619119232
114.8  83.2022389771  58.8446169143  58.8446169143  58.8138851701
114.9  83.1347407804  58.7968015602  58.7968015602  58.7658979487
120.0  79.7639700872  56.4096301243  56.4096301243  56.3701565111

#SVE monte-carlo points sigmaR (r, sigmaR_med, sigmaR_std)
26.3  124.271738487  0.0
29.8  121.534283759  0.0
33.2  120.990394041  0.0
36.7  123.388793616  0.0
40.2  128.801124208  0.0
43.7  136.390393391  0.0
47.1  144.426294577  0.0
50.6  151.625608011  0.0
54.1  156.08006779  0.0
57.6  156.628493797  0.0
61.0  153.047728649  0.0
64.5  145.568398515  0.0
68.0  135.410393687  0.0
71.5  124.19889479  0.0
75.0  113.615500072  0.0
78.4  105.20331132  0.0
81.9  99.1319494172  0.0
85.4  95.5903514092  0.0
88.9  93.8372105444  0.0
92.3  92.9013686595  0.0
95.8  92.0496554077  0.0
99.3  91.4130065533  0.0
102.8  91.7155584963  0.0
106.2  89.2076748997  0.0
109.7  86.6976416935  0.0
113.2  84.2582332032  0.0

#SVE monte-carlo points sigmaZ (r, sigmaZ_med, sigmaZ_std)
26.7  93.1995340699  0.0
30.1  90.1523660999  0.0
33.6  88.9966404687  0.0
37.1  90.2656048575  0.0
40.6  93.8126708947  0.0
44.1  98.9113538382  0.0
47.5  104.263037971  0.0
51.0  108.910437003  0.0
54.5  111.531043652  0.0
58.0  111.358104293  0.0
61.4  108.318449394  0.0
64.9  102.611529067  0.0
68.4  95.1637516678  0.0
71.9  87.1406744397  0.0
75.3  79.9070008476  0.0
78.8  73.9139476324  0.0
82.3  69.8088802458  0.0
85.8  67.461625384  0.0
89.3  66.3066912587  0.0
92.7  65.6592812391  0.0
96.2  65.0497362599  0.0
99.7  64.6446401361  0.0
103.2  64.6583111729  0.0
106.6  62.8867195996  0.0
110.1  61.1144988079  0.0
113.6  59.3928254466  0.0

#SVE monte-carlo points sigmaPhi (r, sigmaPhi_med, sigmaPhi_std)
27.2  92.6587765679  0.0
30.6  89.8495075809  0.0
34.1  89.0262485626  0.0
37.6  90.6439282153  0.0
41.1  94.4693364774  0.0
44.6  99.7028005965  0.0
48.0  105.00972904  0.0
51.5  109.432123049  0.0
55.0  111.68868119  0.0
58.5  111.085858255  0.0
61.9  107.647732268  0.0
65.4  101.628839474  0.0
68.9  94.0241986537  0.0
72.4  86.0180407568  0.0
75.8  78.9453109273  0.0
79.3  73.2090870071  0.0
82.8  69.3754295441  0.0
86.3  67.2402980695  0.0
89.8  66.1966828418  0.0
93.2  65.572541665  0.0
96.7  64.9674609556  0.0
100.2  64.6409103579  0.0
103.7  64.3946282852  0.0
107.1  62.6303875575  0.0
110.6  60.8654888317  0.0
114.1  59.1509045898  0.0
