# ind name R, arcsec  R, photom
1	NGC 3898	1.21	15.65
2	NGC 3898	1.25	15.68
3	NGC 3898	1.28	15.70
4	NGC 3898	1.32	15.72
5	NGC 3898	1.36	15.74
6	NGC 3898	1.40	15.77
7	NGC 3898	1.45	15.79
8	NGC 3898	1.49	15.82
9	NGC 3898	1.53	15.84
10	NGC 3898	1.58	15.87
11	NGC 3898	1.63	15.90
12	NGC 3898	1.68	15.93
13	NGC 3898	1.73	15.96
14	NGC 3898	1.78	15.98
15	NGC 3898	1.83	16.02
16	NGC 3898	1.88	16.05
17	NGC 3898	1.94	16.08
18	NGC 3898	2.00	16.11
19	NGC 3898	2.06	16.15
20	NGC 3898	2.12	16.18
21	NGC 3898	2.19	16.21
22	NGC 3898	2.25	16.25
23	NGC 3898	2.32	16.29
24	NGC 3898	2.39	16.33
25	NGC 3898	2.46	16.36
26	NGC 3898	2.53	16.40
27	NGC 3898	2.61	16.43
28	NGC 3898	2.69	16.47
29	NGC 3898	2.77	16.51
30	NGC 3898	2.85	16.55
31	NGC 3898	2.94	16.59
32	NGC 3898	3.03	16.63
33	NGC 3898	3.12	16.67
34	NGC 3898	3.21	16.72
35	NGC 3898	3.31	16.76
36	NGC 3898	3.41	16.80
37	NGC 3898	3.51	16.84
38	NGC 3898	3.61	16.89
39	NGC 3898	3.72	16.93
40	NGC 3898	3.83	16.97
41	NGC 3898	3.95	17.02
42	NGC 3898	4.07	17.06
43	NGC 3898	4.19	17.11
44	NGC 3898	4.31	17.15
45	NGC 3898	4.44	17.20
46	NGC 3898	4.58	17.24
47	NGC 3898	4.71	17.29
48	NGC 3898	4.85	17.33
49	NGC 3898	5.00	17.38
50	NGC 3898	5.15	17.43
51	NGC 3898	5.31	17.48
52	NGC 3898	5.46	17.52
53	NGC 3898	5.63	17.57
54	NGC 3898	5.80	17.62
55	NGC 3898	5.97	17.67
56	NGC 3898	6.15	17.71
57	NGC 3898	6.34	17.76
58	NGC 3898	6.53	17.81
59	NGC 3898	6.72	17.86
60	NGC 3898	6.92	17.91
61	NGC 3898	7.13	17.95
62	NGC 3898	7.35	18.00
63	NGC 3898	7.56	18.04
64	NGC 3898	7.79	18.09
65	NGC 3898	8.03	18.13
66	NGC 3898	8.27	18.18
67	NGC 3898	8.51	18.22
68	NGC 3898	8.77	18.27
69	NGC 3898	9.03	18.31
70	NGC 3898	9.31	18.35
71	NGC 3898	9.58	18.40
72	NGC 3898	9.87	18.45
73	NGC 3898	10.17	18.49
74	NGC 3898	10.47	18.54
75	NGC 3898	10.79	18.59
76	NGC 3898	11.11	18.63
77	NGC 3898	11.44	18.68
78	NGC 3898	11.78	18.73
79	NGC 3898	12.14	18.78
80	NGC 3898	12.51	18.83
81	NGC 3898	12.88	18.89
82	NGC 3898	13.27	18.93
83	NGC 3898	13.66	18.99
84	NGC 3898	14.07	19.04
85	NGC 3898	14.49	19.09
86	NGC 3898	14.93	19.15
87	NGC 3898	15.38	19.20
88	NGC 3898	15.84	19.26
89	NGC 3898	16.32	19.31
90	NGC 3898	16.80	19.38
91	NGC 3898	17.31	19.43
92	NGC 3898	17.83	19.49
93	NGC 3898	18.36	19.55
94	NGC 3898	18.91	19.61
95	NGC 3898	19.48	19.66
96	NGC 3898	20.07	19.72
97	NGC 3898	20.67	19.79
98	NGC 3898	21.28	19.85
99	NGC 3898	21.93	19.90
100	NGC 3898	22.58	19.96
101	NGC 3898	23.26	20.02
102	NGC 3898	23.96	20.08
103	NGC 3898	24.68	20.14
104	NGC 3898	25.42	20.18
105	NGC 3898	26.18	20.24
106	NGC 3898	26.97	20.29
107	NGC 3898	27.78	20.35
108	NGC 3898	28.61	20.41
109	NGC 3898	29.47	20.46
110	NGC 3898	30.35	20.51
111	NGC 3898	31.26	20.56
112	NGC 3898	32.20	20.62
113	NGC 3898	33.17	20.67
114	NGC 3898	34.16	20.71
115	NGC 3898	35.18	20.77
116	NGC 3898	36.24	20.82
117	NGC 3898	37.33	20.87
118	NGC 3898	38.45	20.93
119	NGC 3898	39.60	20.96
120	NGC 3898	40.79	21.01
121	NGC 3898	42.01	21.06
122	NGC 3898	43.27	21.11
123	NGC 3898	44.57	21.16
124	NGC 3898	45.91	21.21
125	NGC 3898	47.29	21.27
126	NGC 3898	48.70	21.33
127	NGC 3898	50.17	21.38
128	NGC 3898	51.67	21.43
129	NGC 3898	53.22	21.50
130	NGC 3898	54.81	21.57
131	NGC 3898	56.46	21.63
132	NGC 3898	58.15	21.70
133	NGC 3898	59.90	21.77
134	NGC 3898	61.70	21.84
135	NGC 3898	63.55	21.90
136	NGC 3898	65.45	21.96
137	NGC 3898	67.42	22.04
138	NGC 3898	69.44	22.10
139	NGC 3898	71.52	22.17
140	NGC 3898	73.67	22.25
141	NGC 3898	75.88	22.31
142	NGC 3898	78.15	22.40
143	NGC 3898	80.50	22.46
144	NGC 3898	82.91	22.55
145	NGC 3898	85.40	22.62
146	NGC 3898	87.96	22.69
147	NGC 3898	90.60	22.78
148	NGC 3898	93.32	22.88
149	NGC 3898	96.12	22.92
150	NGC 3898	99.00	23.01
151	NGC 3898	101.97	23.09
152	NGC 3898	105.03	23.17
153	NGC 3898	108.18	23.26
154	NGC 3898	111.43	23.33
155	NGC 3898	114.77	23.45
156	NGC 3898	118.21	23.51
157	NGC 3898	121.76	23.59
158	NGC 3898	125.41	23.70
159	NGC 3898	129.18	23.77
160	NGC 3898	133.05	23.87
161	NGC 3898	137.04	23.97
162	NGC 3898	141.15	24.06
163	NGC 3898	145.39	24.17
164	NGC 3898	149.75	24.24
165	NGC 3898	154.24	24.32
166	NGC 3898	158.87	24.40
167	NGC 3898	163.64	24.50
168	NGC 3898	168.55	24.57
169	NGC 3898	173.60	24.70
170	NGC 3898	178.81	24.75
171	NGC 3898	184.18	24.90
172	NGC 3898	189.70	24.97
173	NGC 3898	195.39	25.12
174	NGC 3898	201.25	25.15
175	NGC 3898	207.29	25.29
176	NGC 3898	213.51	25.40
177	NGC 3898	219.91	25.50
178	NGC 3898	226.51	25.60
179	NGC 3898	233.31	25.75
180	NGC 3898	240.30	25.88
181	NGC 3898	247.52	26.03
182	NGC 3898	254.94	26.20
183	NGC 3898	262.59	26.27
184	NGC 3898	270.47	26.42
185	NGC 3898	278.58	26.56
186	NGC 3898	286.94	26.66
187	NGC 3898	295.55	26.74
188	NGC 3898	304.41	27.04
189	NGC 3898	313.54	26.94
190	NGC 3898	322.95	27.24
191	NGC 3898	332.64	27.03
192	NGC 3898	342.62	27.80
193	NGC 3898	352.90	27.17
194	NGC 3898	363.48	27.85