#SVE points (r, sigmaR, sigmaZ, sigmaPhi, sigmaMajRestored)
25.1  94.6511076517  76.924485611  76.924485611  76.924485611
25.2  94.5055839279  76.7835292204  76.7835292204  76.7835292204
25.3  94.3615675761  76.6439154301  76.6439154301  76.6439154301
25.4  94.2190536802  76.5056388524  76.5056388524  76.5056388524
25.5  94.078037247  76.3686940473  76.3686940473  76.3686940473
25.6  93.9385132075  76.2330755229  76.2330755229  76.2330755229
25.7  93.8004764177  76.0987777366  76.0987777366  76.0987777366
25.8  93.6639216596  75.9657950962  75.9657950962  75.9657950962
25.9  93.5288436427  75.8341219606  75.8341219606  75.8341219606
26.0  93.3952370049  75.7037526406  75.7037526406  75.7037526406
26.1  93.2630963135  75.5746814004  75.5746814004  75.5746814004
26.2  93.1324160661  75.4469024578  75.4469024578  75.4469024578
26.3  93.0031906922  75.3204099854  75.3204099854  75.3204099854
26.4  92.8754145539  75.1951981117  75.1951981117  75.1951981117
26.5  92.7490819468  75.0712609217  75.0712609217  75.0712609217
26.6  92.6241871015  74.948592458  74.948592458  74.948592458
26.7  92.5007241843  74.8271867214  74.8271867214  74.8271867214
26.8  92.3786872983  74.707037672  74.707037672  74.707037672
26.9  92.2580704845  74.5881392301  74.5881392301  74.5881392301
27.0  92.1388677229  74.4704852768  74.4704852768  74.4704852768
27.1  92.0210729333  74.3540696552  74.3540696552  74.3540696552
27.2  91.9046799765  74.2388861709  74.2388861709  74.2388861709
27.3  91.7896826552  74.124928593  74.124928593  74.124928593
27.4  91.676074715  74.0121906551  74.0121906551  74.0121906551
27.5  91.5638498456  73.9006660558  73.9006660558  73.9006660558
27.6  91.4530016816  73.7903484597  73.7903484597  73.7903484597
27.7  91.3435238035  73.6812314983  73.6812314983  73.6812314983
27.8  91.2354097387  73.5733087705  73.5733087705  73.5733087705
27.9  91.1286529625  73.4665738438  73.4665738438  73.4665738438
28.0  91.023246899  73.3610202547  73.3610202547  73.3610202547
28.1  90.9191849223  73.25664151  73.25664151  73.25664151
28.2  90.816460357  73.1534310869  73.1534310869  73.1534310869
28.3  90.7150664798  73.0513824345  73.0513824345  73.0513824345
28.4  90.6149965197  72.9504889739  72.9504889739  72.9504889739
28.5  90.5162436597  72.8507440995  72.8507440995  72.8507440995
28.6  90.418801037  72.7521411794  72.7521411794  72.7521411794
28.7  90.3226617445  72.6546735564  72.6546735564  72.6546735564
28.8  90.2278188315  72.5583345487  72.5583345487  72.5583345487
28.9  90.1342653046  72.4631174505  72.4631174505  72.4631174505
29.0  90.0419941286  72.3690155327  72.3690155327  72.3690155327
29.1  89.9509982276  72.276022044  72.276022044  72.276022044
29.2  89.8612704856  72.1841302112  72.1841302112  72.1841302112
29.3  89.7728037476  72.0933332402  72.0933332402  72.0933332402
29.4  89.6855908205  72.0036243166  72.0036243166  72.0036243166
29.5  89.599624474  71.9149966062  71.9149966062  71.9149966062
29.6  89.5148974412  71.8274432562  71.8274432562  71.8274432562
29.7  89.4314024198  71.7409573955  71.7409573955  71.7409573955
29.8  89.3491320728  71.6555321355  71.6555321355  71.6555321355
29.9  89.2680790296  71.5711605707  71.5711605707  71.5711605707
30.0  89.1882358865  71.4878357796  71.4878357796  71.4878357796
30.0  89.1882358865  71.4878357796  71.4878357796  71.4878357796
30.1  89.1095952076  71.4055508251  71.4055508251  71.4055508251
30.2  89.0321495262  71.3242987553  71.3242987553  71.3242987553
30.3  88.9558913448  71.2440726044  71.2440726044  71.2440726044
30.4  88.8808131366  71.1648653928  71.1648653928  71.1648653928
30.5  88.8069073459  71.0866701282  71.0866701282  71.0866701282
30.6  88.7341663892  71.009479806  71.009479806  71.009479806
30.7  88.6625826559  70.9332874103  70.9332874103  70.9332874103
30.8  88.5921485092  70.8580859141  70.8580859141  70.8580859141
30.9  88.5228562867  70.7838682801  70.7838682801  70.7838682801
31.0  88.4546983015  70.7106274613  70.7106274613  70.7106274613
31.1  88.3876668427  70.6383564017  70.6383564017  70.6383564017
31.2  88.3217541765  70.5670480369  70.5670480369  70.5670480369
31.3  88.2569525467  70.4966952947  70.4966952947  70.4966952947
31.4  88.1932541755  70.4272910954  70.4272910954  70.4272910954
31.5  88.1306512646  70.358828353  70.358828353  70.358828353
31.6  88.0691359957  70.2912999752  70.2912999752  70.2912999752
31.7  88.0087005311  70.2246988644  70.2246988644  70.2246988644
31.8  87.9493370149  70.159017918  70.159017918  70.159017918
31.9  87.8910375733  70.0942500291  70.0942500291  70.0942500291
32.0  87.8337943159  70.0303880871  70.0303880871  70.0303880871
32.1  87.7775993357  69.9674249782  69.9674249782  69.9674249782
32.2  87.7224447106  69.905353586  69.905353586  69.905353586
32.3  87.6683225035  69.844166792  69.844166792  69.844166792
32.4  87.6152247634  69.7838574762  69.7838574762  69.7838574762
32.5  87.5631435262  69.7244185176  69.7244185176  69.7244185176
32.6  87.5120708149  69.6658427948  69.6658427948  69.6658427948
32.7  87.4619986409  69.6081231865  69.6081231865  69.6081231865
32.8  87.4129190044  69.5512525719  69.5512525719  69.5512525719
32.9  87.3648238952  69.4952238316  69.4952238316  69.4952238316
33.0  87.3177052931  69.4400298476  69.4400298476  69.4400298476
33.1  87.2715551691  69.3856635042  69.3856635042  69.3856635042
33.2  87.2263654858  69.3321176883  69.3321176883  69.3321176883
33.3  87.1821281979  69.2793852903  69.2793852903  69.2793852903
33.4  87.1388352532  69.2274592038  69.2274592038  69.2274592038
33.5  87.0964785932  69.1763323269  69.1763323269  69.1763323269
33.6  87.0550501536  69.1259975624  69.1259975624  69.1259975624
33.7  87.014541865  69.076447818  69.076447818  69.076447818
33.8  86.9749456538  69.0276760072  69.0276760072  69.0276760072
33.9  86.9362534424  68.9796750497  68.9796750497  68.9796750497
34.0  86.8984571504  68.9324378716  68.9324378716  68.9324378716
34.1  86.8615486946  68.885957406  68.885957406  68.885957406
34.2  86.8255199903  68.8402265938  68.8402265938  68.8402265938
34.3  86.7903629512  68.7952383834  68.7952383834  68.7952383834
34.4  86.7560694907  68.750985732  68.750985732  68.750985732
34.5  86.7226315221  68.7074616055  68.7074616055  68.7074616055
34.6  86.6900409595  68.664658979  68.664658979  68.664658979
34.7  86.6582897179  68.6225708375  68.6225708375  68.6225708375
34.8  86.6273697145  68.5811901761  68.5811901761  68.5811901761
34.9  86.5972728688  68.5405100004  68.5405100004  68.5405100004
35.0  86.5679911031  68.500523327  68.500523327  68.500523327
35.1  86.5395163437  68.4612231841  68.4612231841  68.4612231841
35.2  86.5118405207  68.4226026116  68.4226026116  68.4226026116
35.3  86.4849555693  68.3846546617  68.3846546617  68.3846546617
35.4  86.4588534299  68.3473723992  68.3473723992  68.3473723992
35.5  86.4335260486  68.310748902  68.310748902  68.310748902
35.6  86.4089653782  68.2747772614  68.2747772614  68.2747772614
35.7  86.3851633784  68.2394505826  68.2394505826  68.2394505826
35.8  86.3621120166  68.2047619849  68.2047619849  68.2047619849
35.9  86.3398032681  68.1707046025  68.1707046025  68.1707046025
36.0  86.3182291169  68.1372715842  68.1372715842  68.1372715842
36.1  86.2973815562  68.1044560945  68.1044560945  68.1044560945
36.2  86.2772525889  68.0722513133  68.0722513133  68.0722513133
36.3  86.2578342282  68.040650437  68.040650437  68.040650437
36.4  86.2391184978  68.009646678  68.009646678  68.009646678
36.5  86.2210974331  67.9792332659  67.9792332659  67.9792332659
36.6  86.2037630808  67.9494034471  67.9494034471  67.9494034471
36.7  86.1871075001  67.920150486  67.920150486  67.920150486
36.8  86.1711227631  67.8914676644  67.8914676644  67.8914676644
36.9  86.1558009548  67.8633482824  67.8633482824  67.8633482824
37.0  86.1411341744  67.8357856588  67.8357856588  67.8357856588
37.1  86.127114535  67.8087731311  67.8087731311  67.8087731311
37.2  86.1137341646  67.7823040561  67.7823040561  67.7823040561
37.3  86.1009852064  67.75637181  67.75637181  67.75637181
37.4  86.0888598191  67.7309697889  67.7309697889  67.7309697889
37.5  86.0773501779  67.706091409  67.706091409  67.706091409
37.6  86.0664484741  67.681730107  67.681730107  67.681730107
37.7  86.0561469165  67.6578793404  67.6578793404  67.6578793404
37.8  86.0464377312  67.6345325877  67.6345325877  67.6345325877
37.9  86.0373131622  67.6116833488  67.6116833488  67.6116833488
38.0  86.0287654721  67.5893251451  67.5893251451  67.5893251451
38.1  86.0207869422  67.5674515203  67.5674515203  67.5674515203
38.2  86.013369873  67.54605604  67.54605604  67.54605604
38.3  86.0065065849  67.5251322925  67.5251322925  67.5251322925
38.4  86.0001894181  67.5046738889  67.5046738889  67.5046738889
38.5  85.9944107338  67.4846744633  67.4846744633  67.4846744633
38.6  85.9891629137  67.4651276731  67.4651276731  67.4651276731
38.7  85.9844383611  67.4460271996  67.4460271996  67.4460271996
38.8  85.980229501  67.4273667476  67.4273667476  67.4273667476
38.9  85.9765287806  67.4091400463  67.4091400463  67.4091400463
39.0  85.9733286696  67.3913408491  67.3913408491  67.3913408491
39.1  85.9706216608  67.3739629344  67.3739629344  67.3739629344
39.2  85.9684002701  67.3570001051  67.3570001051  67.3570001051
39.3  85.9666570373  67.3404461895  67.3404461895  67.3404461895
39.4  85.9653845264  67.3242950412  67.3242950412  67.3242950412
39.5  85.9645753255  67.3085405394  67.3085405394  67.3085405394
39.6  85.9642220479  67.2931765891  67.2931765891  67.2931765891
39.7  85.964317332  67.2781971216  67.2781971216  67.2781971216
39.8  85.9648538416  67.2635960944  67.2635960944  67.2635960944
39.9  85.9658242668  67.2493674914  67.2493674914  67.2493674914
40.0  85.9672213235  67.2355053236  67.2355053236  67.2355053236
40.1  85.9690377547  67.2220036286  67.2220036286  67.2220036286
40.2  85.9712663298  67.2088564714  67.2088564714  67.2088564714
40.3  85.9738998461  67.1960579444  67.1960579444  67.1960579444
40.4  85.9769311281  67.1836021675  67.1836021675  67.1836021675
40.5  85.9803530284  67.1714832886  67.1714832886  67.1714832886
40.6  85.984158428  67.1596954834  67.1596954834  67.1596954834
40.7  85.9883402362  67.1482329559  67.1482329559  67.1482329559
40.8  85.9928913916  67.1370899384  67.1370899384  67.1370899384
40.9  85.9978048617  67.126260692  67.126260692  67.126260692
41.0  86.0030736438  67.1157395064  67.1157395064  67.1157395064
41.1  86.0086907648  67.1055207002  67.1055207002  67.1055207002
41.2  86.014649282  67.0955986213  67.0955986213  67.0955986213
41.3  86.0209422829  67.0859676468  67.0859676468  67.0859676468
41.4  86.0275628859  67.0766221832  67.0766221832  67.0766221832
41.5  86.0345042403  67.0675566669  67.0675566669  67.0675566669
41.6  86.0417595267  67.0587655639  67.0587655639  67.0587655639
41.7  86.0493219574  67.0502433701  67.0502433701  67.0502433701
41.8  86.0571847765  67.0419846119  67.0419846119  67.0419846119
41.9  86.06534126  67.0339838456  67.0339838456  67.0339838456
42.0  86.0737847165  67.026235658  67.026235658  67.026235658
42.1  86.0825084873  67.0187346668  67.0187346668  67.0187346668
42.2  86.0915059464  67.0114755201  67.0114755201  67.0114755201
42.3  86.1007705011  67.004452897  67.004452897  67.004452897
42.4  86.110295592  66.9976615077  66.9976615077  66.9976615077
42.5  86.1200746934  66.9910960934  66.9910960934  66.9910960934
42.6  86.1301013136  66.9847514267  66.9847514267  66.9847514267
42.7  86.1403689948  66.9786223115  66.9786223115  66.9786223115
42.8  86.1508713137  66.9727035835  66.9727035835  66.9727035835
42.9  86.1616018816  66.9669901099  66.9669901099  66.9669901099
43.0  86.1725543446  66.9614767896  66.9614767896  66.9614767896
43.1  86.1837223837  66.9561585537  66.9561585537  66.9561585537
43.2  86.1950997153  66.951030365  66.951030365  66.951030365
43.3  86.2066800912  66.9460872187  66.9460872187  66.9460872187
43.4  86.218457299  66.9413241421  66.9413241421  66.9413241421
43.5  86.230425162  66.936736195  66.936736195  66.936736195
43.6  86.2425775398  66.9323184696  66.9323184696  66.9323184696
43.7  86.2549083279  66.9280660905  66.9280660905  66.9280660905
43.8  86.2674114587  66.9239742154  66.9239742154  66.9239742154
43.9  86.2800809011  66.9200380342  66.9200380342  66.9200380342
44.0  86.2929106608  66.9162527701  66.9162527701  66.9162527701
44.1  86.3058947805  66.912613679  66.912613679  66.912613679
44.2  86.3190273402  66.9091160499  66.9091160499  66.9091160499
44.3  86.3323024574  66.9057552051  66.9057552051  66.9057552051
44.4  86.3457142869  66.9025264997  66.9025264997  66.9025264997
44.5  86.3592570215  66.8994253223  66.8994253223  66.8994253223
44.6  86.3729248916  66.896447095  66.896447095  66.896447095
44.7  86.3867121659  66.8935872731  66.8935872731  66.8935872731
44.8  86.4006131512  66.8908413454  66.8908413454  66.8908413454
44.9  86.4146221926  66.8882048344  66.8882048344  66.8882048344
45.0  86.428733674  66.8856732962  66.8856732962  66.8856732962
45.1  86.4429420176  66.8832423204  66.8832423204  66.8832423204
45.2  86.4572416846  66.8809075305  66.8809075305  66.8809075305
45.3  86.4716271751  66.8786645839  66.8786645839  66.8786645839
45.4  86.4860930282  66.8765091718  66.8765091718  66.8765091718
45.5  86.5006338224  66.8744370191  66.8744370191  66.8744370191
45.6  86.5152441754  66.872443885  66.872443885  66.872443885
45.7  86.5299187443  66.8705255625  66.8705255625  66.8705255625
45.8  86.5446522259  66.8686778787  66.8686778787  66.8686778787
45.9  86.5594393567  66.8668966948  66.8668966948  66.8668966948
46.0  86.5742749129  66.8651779062  66.8651779062  66.8651779062
46.1  86.5891537108  66.8635174424  66.8635174424  66.8635174424
46.2  86.6040706065  66.8619112671  66.8619112671  66.8619112671
46.3  86.6190204965  66.8603553783  66.8603553783  66.8603553783
46.4  86.6339983173  66.8588458083  66.8588458083  66.8588458083
46.5  86.6489990459  66.8573786236  66.8573786236  66.8573786236
46.6  86.6640176997  66.855949925  66.855949925  66.855949925
46.7  86.6790493366  66.8545558478  66.8545558478  66.8545558478
46.8  86.694089055  66.8531925616  66.8531925616  66.8531925616
46.9  86.7091319942  66.8518562704  66.8518562704  66.8518562704
47.0  86.7241733342  66.8505432124  66.8505432124  66.8505432124
47.1  86.7392082957  66.8492496606  66.8492496606  66.8492496606
47.2  86.7542321405  66.8479719221  66.8479719221  66.8479719221
47.3  86.7692401714  66.8467063386  66.8467063386  66.8467063386
47.4  86.7842277321  66.8454492862  66.8454492862  66.8454492862
47.5  86.7991902077  66.8441971754  66.8441971754  66.8441971754
47.6  86.8141230241  66.8429464511  66.8429464511  66.8429464511
47.7  86.8290216489  66.8416935929  66.8416935929  66.8416935929
47.8  86.8438815906  66.8404351145  66.8404351145  66.8404351145
47.9  86.8586983994  66.8391675644  66.8391675644  66.8391675644
48.0  86.8734676667  66.8378875252  66.8378875252  66.8378875252
48.1  86.8881850253  66.8365916141  66.8365916141  66.8365916141
48.2  86.9028461497  66.8352764828  66.8352764828  66.8352764828
48.3  86.9174467559  66.8339388172  66.8339388172  66.8339388172
48.4  86.9319826012  66.8325753376  66.8325753376  66.8325753376
48.5  86.9464494849  66.8311827988  66.8311827988  66.8311827988
48.6  86.9608432477  66.82975799  66.82975799  66.82975799
48.7  86.975159772  66.8282977345  66.8282977345  66.8282977345
48.8  86.9893949819  66.8267988901  66.8267988901  66.8267988901
48.9  87.0035448433  66.8252583487  66.8252583487  66.8252583487
49.0  87.0176053637  66.8236730366  66.8236730366  66.8236730366
49.1  87.0315725924  66.8220399142  66.8220399142  66.8220399142
49.2  87.0454426205  66.8203559764  66.8203559764  66.8203559764
49.3  87.0592115808  66.8186182518  66.8186182518  66.8186182518
49.4  87.072875648  66.8168238034  66.8168238034  66.8168238034
49.5  87.0864310384  66.8149697282  66.8149697282  66.8149697282
49.6  87.0998740103  66.8130531573  66.8130531573  66.8130531573
49.7  87.1132008637  66.8110712559  66.8110712559  66.8110712559
49.8  87.1264079403  66.8090212228  66.8090212228  66.8090212228
49.9  87.1394916236  66.8069002912  66.8069002912  66.8069002912
50.0  87.1524483391  66.8047057277  66.8047057277  66.8047057277
50.1  87.1652745537  66.8024348331  66.8024348331  66.8024348331
50.2  87.1779667763  66.8000849418  66.8000849418  66.8000849418
50.3  87.1905215574  66.7976534219  66.7976534219  66.7976534219
50.4  87.2029354893  66.7951376752  66.7951376752  66.7951376752
50.5  87.215205206  66.7925351371  66.7925351371  66.7925351371
50.6  87.2273273829  66.7898432766  66.7898432766  66.7898432766
50.7  87.2392987374  66.7870595961  66.7870595961  66.7870595961
50.8  87.2511160282  66.7841816315  66.7841816315  66.7841816315
50.9  87.2627760558  66.7812069521  66.7812069521  66.7812069521
51.0  87.2742756621  66.7781331605  66.7781331605  66.7781331605
51.1  87.2856117305  66.7749578924  66.7749578924  66.7749578924
51.2  87.2967811858  66.7716788168  66.7716788168  66.7716788168
51.3  87.3077809945  66.7682936358  66.7682936358  66.7682936358
51.4  87.318608164  66.7648000844  66.7648000844  66.7648000844
51.5  87.3292597435  66.7611959308  66.7611959308  66.7611959308
51.6  87.3397328231  66.7574789759  66.7574789759  66.7574789759
51.7  87.3500245343  66.7536470535  66.7536470535  66.7536470535
51.8  87.3601320498  66.7496980299  66.7496980299  66.7496980299
51.9  87.3700525831  66.7456298044  66.7456298044  66.7456298044
52.0  87.3797833892  66.7414403087  66.7414403087  66.7414403087
52.1  87.3893217637  66.7371275069  66.7371275069  66.7371275069
52.2  87.3986650433  66.7326893957  66.7326893957  66.7326893957
52.3  87.4078106055  66.7281240039  66.7281240039  66.7281240039
52.4  87.4167558686  66.7234293928  66.7234293928  66.7234293928
52.5  87.4254982916  66.7186036556  66.7186036556  66.7186036556
52.6  87.4340353741  66.7136449177  66.7136449177  66.7136449177
52.7  87.4423646563  66.7085513363  66.7085513363  66.7085513363
52.8  87.4504837188  66.7033211007  66.7033211007  66.7033211007
52.9  87.4583901827  66.6979524319  66.6979524319  66.6979524319
53.0  87.4660817094  66.6924435824  66.6924435824  66.6924435824
53.1  87.4735560006  66.6867928366  66.6867928366  66.6867928366
53.2  87.4808107978  66.6809985101  66.6809985101  66.6809985101
53.3  87.487843883  66.6750589501  66.6750589501  66.6750589501
53.4  87.4946530779  66.668972535  66.668972535  66.668972535
53.5  87.5012362441  66.6627376743  66.6627376743  66.6627376743
53.6  87.5075912831  66.6563528087  66.6563528087  66.6563528087
53.7  87.5137161359  66.6498164098  66.6498164098  66.6498164098
53.8  87.5196087832  66.6431269803  66.6431269803  66.6431269803
53.9  87.525267245  66.6362830532  66.6362830532  66.6362830532
54.0  87.530689581  66.6292831926  66.6292831926  66.6292831926
54.1  87.5358738898  66.622125993  66.622125993  66.622125993
54.2  87.5408183094  66.6148100792  66.6148100792  66.6148100792
54.3  87.5455210167  66.6073341065  66.6073341065  66.6073341065
54.4  87.5499802276  66.5996967603  66.5996967603  66.5996967603
54.5  87.5541941968  66.5918967561  66.5918967561  66.5918967561
54.6  87.5581612178  66.5839328395  66.5839328395  66.5839328395
54.7  87.5618796225  66.5758037858  66.5758037858  66.5758037858
54.8  87.5653477814  66.5675084  66.5675084  66.5675084
54.9  87.5685641033  66.559045517  66.559045517  66.559045517
55.0  87.5715270353  66.550414001  66.550414001  66.550414001
55.1  87.5742350624  66.5416127454  66.5416127454  66.5416127454
55.2  87.5766867078  66.5326406733  66.5326406733  66.5326406733
55.3  87.5788805323  66.5234967365  66.5234967365  66.5234967365
55.4  87.5808151347  66.514179916  66.514179916  66.514179916
55.5  87.5824891511  66.5046892218  66.5046892218  66.5046892218
55.6  87.5839012553  66.4950236925  66.4950236925  66.4950236925
55.7  87.5850501581  66.4851823952  66.4851823952  66.4851823952
55.8  87.5859346078  66.4751644257  66.4751644257  66.4751644257
55.9  87.5865533894  66.4649689081  66.4649689081  66.4649689081
56.0  87.5869053251  66.4545949948  66.4545949948  66.4545949948
56.1  87.5869892736  66.4440418661  66.4440418661  66.4440418661
56.2  87.5868041303  66.4333087305  66.4333087305  66.4333087305
56.3  87.5863488271  66.4223948242  66.4223948242  66.4223948242
56.4  87.5856223323  66.4112994111  66.4112994111  66.4112994111
56.5  87.5846236499  66.4000217826  66.4000217826  66.4000217826
56.6  87.5833518206  66.3885612578  66.3885612578  66.3885612578
56.7  87.5818059203  66.3769171827  66.3769171827  66.3769171827
56.8  87.579985061  66.3650889307  66.3650889307  66.3650889307
56.9  87.5778883902  66.3530759021  66.3530759021  66.3530759021
57.0  87.5755150906  66.3408775241  66.3408775241  66.3408775241
57.1  87.5728643803  66.3284932507  66.3284932507  66.3284932507
57.2  87.5699355124  66.3159225623  66.3159225623  66.3159225623
57.3  87.5667277751  66.3031649658  66.3031649658  66.3031649658
57.4  87.5632404909  66.2902199946  66.2902199946  66.2902199946
57.5  87.5594730174  66.2770872078  66.2770872078  66.2770872078
57.6  87.5554247463  66.263766191  66.263766191  66.263766191
57.7  87.5510951036  66.2502565554  66.2502565554  66.2502565554
57.8  87.5464835494  66.2365579378  66.2365579378  66.2365579378
57.9  87.5415895778  66.2226700007  66.2226700007  66.2226700007
58.0  87.5364127165  66.208592432  66.208592432  66.208592432
58.1  87.5309525268  66.194324945  66.194324945  66.194324945
58.2  87.5252086034  66.1798672777  66.1798672777  66.1798672777
58.3  87.5191805744  66.1652191935  66.1652191935  66.1652191935
58.4  87.5128681005  66.1503804803  66.1503804803  66.1503804803
58.5  87.5062708758  66.1353509508  66.1353509508  66.1353509508
58.6  87.4993886267  66.1201304422  66.1201304422  66.1201304422
58.7  87.4922211123  66.104718816  66.104718816  66.104718816
58.8  87.4847681238  66.0891159577  66.0891159577  66.0891159577
58.9  87.4770294848  66.0733217773  66.0733217773  66.0733217773
59.0  87.4690050508  66.0573362082  66.0573362082  66.0573362082
59.1  87.4606947089  66.0411592078  66.0411592078  66.0411592078
59.2  87.4520983779  66.0247907569  66.0247907569  66.0247907569
59.3  87.4432160081  66.0082308599  66.0082308599  66.0082308599
59.4  87.4340475809  65.9914795442  65.9914795442  65.9914795442
59.5  87.4245931086  65.9745368605  65.9745368605  65.9745368605
59.6  87.4148526345  65.9574028823  65.9574028823  65.9574028823
59.7  87.4048262325  65.9400777059  65.9400777059  65.9400777059
59.8  87.394514007  65.9225614502  65.9225614502  65.9225614502
59.9  87.3839160925  65.9048542565  65.9048542565  65.9048542565
60.0  87.3730326537  65.8869562885  65.8869562885  65.8869562885
60.0  87.3730326537  65.8869562885  65.8869562885  65.8869562885
60.1  87.3618638851  65.868867732  65.868867732  65.868867732
60.2  87.3504100108  65.8505887945  65.8505887945  65.8505887945
60.3  87.3386712844  65.8321197057  65.8321197057  65.8321197057
60.4  87.3266479889  65.8134607166  65.8134607166  65.8134607166
60.5  87.3143404362  65.7946120998  65.7946120998  65.7946120998
60.6  87.3017489671  65.7755741492  65.7755741492  65.7755741492
60.7  87.2888739511  65.7563471798  65.7563471798  65.7563471798
60.8  87.2757157861  65.7369315276  65.7369315276  65.7369315276
60.9  87.2622748984  65.7173275494  65.7173275494  65.7173275494
61.0  87.2485517422  65.6975356224  65.6975356224  65.6975356224
61.1  87.2345467996  65.6775561448  65.6775561448  65.6775561448
61.2  87.2202605803  65.6573895345  65.6573895345  65.6573895345
61.3  87.2056936215  65.6370362299  65.6370362299  65.6370362299
61.4  87.1908464877  65.6164966892  65.6164966892  65.6164966892
61.5  87.1757197702  65.5957713906  65.5957713906  65.5957713906
61.6  87.1603140872  65.5748608317  65.5748608317  65.5748608317
61.7  87.1446300837  65.5537655296  65.5537655296  65.5537655296
61.8  87.1286684308  65.5324860207  65.5324860207  65.5324860207
61.9  87.112429826  65.5110228606  65.5110228606  65.5110228606
62.0  87.0959149925  65.4893766237  65.4893766237  65.4893766237
62.1  87.0791246796  65.4675479032  65.4675479032  65.4675479032
62.2  87.0620596618  65.4455373111  65.4455373111  65.4455373111
62.3  87.0447207391  65.4233454776  65.4233454776  65.4233454776
62.4  87.0271087367  65.4009730512  65.4009730512  65.4009730512
62.5  87.0092245045  65.3784206985  65.3784206985  65.3784206985
62.6  86.9910689171  65.3556891041  65.3556891041  65.3556891041
62.7  86.9726428737  65.3327789703  65.3327789703  65.3327789703
62.8  86.9539472977  65.3096910168  65.3096910168  65.3096910168
62.9  86.9349831364  65.2864259809  65.2864259809  65.2864259809
63.0  86.915751361  65.2629846171  65.2629846171  65.2629846171
63.1  86.8962529664  65.2393676969  65.2393676969  65.2393676969
63.2  86.8764889706  65.2155760086  65.2155760086  65.2155760086
63.3  86.8564604149  65.1916103574  65.1916103574  65.1916103574
63.4  86.8361683636  65.1674715649  65.1674715649  65.1674715649
63.5  86.8156139037  65.143160469  65.143160469  65.143160469
63.6  86.7947981444  65.1186779238  65.1186779238  65.1186779238
63.7  86.7737222176  65.0940247996  65.0940247996  65.0940247996
63.8  86.7523872769  65.0692019823  65.0692019823  65.0692019823
63.9  86.7307944978  65.0442103735  65.0442103735  65.0442103735
64.0  86.7089450775  65.0190508904  65.0190508904  65.0190508904
64.1  86.6868402344  64.9937244654  64.9937244654  64.9937244654
64.2  86.6644812083  64.968232046  64.968232046  64.968232046
64.3  86.6418692596  64.9425745947  64.9425745947  64.9425745947
64.4  86.6190056697  64.9167530889  64.9167530889  64.9167530889
64.5  86.5958917402  64.8907685204  64.8907685204  64.8907685204
64.6  86.5725287931  64.8646218955  64.8646218955  64.8646218955
64.7  86.5489181703  64.8383142349  64.8383142349  64.8383142349
64.8  86.5250612338  64.8118465732  64.8118465732  64.8118465732
64.9  86.5009593648  64.785219959  64.785219959  64.785219959
65.0  86.4766139639  64.7584354545  64.7584354545  64.7584354545
65.1  86.4520264511  64.7314941356  64.7314941356  64.7314941356
65.2  86.4271982649  64.7043970915  64.7043970915  64.7043970915
65.3  86.4021308627  64.6771454246  64.6771454246  64.6771454246
65.4  86.3768257202  64.6497402504  64.6497402504  64.6497402504
65.5  86.3512843315  64.6221826972  64.6221826972  64.6221826972
65.6  86.3255082083  64.594473906  64.594473906  64.594473906
65.7  86.2994988805  64.5666150302  64.5666150302  64.5666150302
65.8  86.2732578951  64.5386072356  64.5386072356  64.5386072356
65.9  86.2467868167  64.5104517002  64.5104517002  64.5104517002
66.0  86.2200872267  64.4821496138  64.4821496138  64.4821496138
66.1  86.1931607236  64.4537021783  64.4537021783  64.4537021783
66.2  86.1660089223  64.4251106069  64.4251106069  64.4251106069
66.3  86.138633454  64.3963761245  64.3963761245  64.3963761245
66.4  86.1110359663  64.367499967  64.367499967  64.367499967
66.5  86.0832181225  64.3384833817  64.3384833817  64.3384833817
66.6  86.0551816017  64.3093276267  64.3093276267  64.3093276267
66.7  86.0269280983  64.2800339707  64.2800339707  64.2800339707
66.8  85.9984593221  64.2506036932  64.2506036932  64.2506036932
66.9  85.9697769978  64.2210380839  64.2210380839  64.2210380839
67.0  85.9408828648  64.191338443  64.191338443  64.191338443
67.1  85.9117786771  64.1615060805  64.1615060805  64.1615060805
67.2  85.882466203  64.1315423163  64.1315423163  64.1315423163
67.3  85.8529472249  64.1014484802  64.1014484802  64.1014484802
67.4  85.823223539  64.0712259113  64.0712259113  64.0712259113
67.5  85.7932969552  64.0408759581  64.0408759581  64.0408759581
67.6  85.7631692965  64.0103999785  64.0103999785  64.0103999785
67.7  85.7328423994  63.9797993392  63.9797993392  63.9797993392
67.8  85.7023181132  63.9490754157  63.9490754157  63.9490754157
67.9  85.6715982998  63.9182295923  63.9182295923  63.9182295923
68.0  85.6406848336  63.8872632617  63.8872632617  63.8872632617
68.1  85.6095796014  63.8561778251  63.8561778251  63.8561778251
68.2  85.5782845017  63.8249746916  63.8249746916  63.8249746916
68.3  85.5468014451  63.7936552785  63.7936552785  63.7936552785
68.4  85.5151323536  63.7622210107  63.7622210107  63.7622210107
68.5  85.4832791604  63.7306733209  63.7306733209  63.7306733209
68.6  85.45124381  63.6990136492  63.6990136492  63.6990136492
68.7  85.4190282577  63.6672434431  63.6672434431  63.6672434431
68.8  85.3866344693  63.6353641569  63.6353641569  63.6353641569
68.9  85.3540644212  63.6033772522  63.6033772522  63.6033772522
69.0  85.3213201  63.5712841974  63.5712841974  63.5712841974
69.1  85.288403502  63.5390864672  63.5390864672  63.5390864672
69.2  85.2553166334  63.506785543  63.506785543  63.506785543
69.3  85.2220615099  63.4743829124  63.4743829124  63.4743829124
69.4  85.1886401564  63.4418800691  63.4418800691  63.4418800691
69.5  85.155054607  63.4092785129  63.4092785129  63.4092785129
69.6  85.1213069045  63.376579749  63.376579749  63.376579749
69.7  85.0873991003  63.3437852887  63.3437852887  63.3437852887
69.8  85.0533332541  63.3108966483  63.3108966483  63.3108966483
69.9  85.019111434  63.2779153497  63.2779153497  63.2779153497
70.0  84.9847357156  63.2448429196  63.2448429196  63.2448429196
70.1  84.9502081827  63.21168089  63.21168089  63.21168089
70.2  84.9155309262  63.1784307975  63.1784307975  63.1784307975
70.3  84.8807060443  63.1450941831  63.1450941831  63.1450941831
70.4  84.8457356424  63.1116725927  63.1116725927  63.1116725927
70.5  84.8106218326  63.078167576  63.078167576  63.078167576
70.6  84.7753667335  63.0445806873  63.0445806873  63.0445806873
70.7  84.7399724702  63.0109134844  63.0109134844  63.0109134844
70.8  84.7044411738  62.9771675293  62.9771675293  62.9771675293
70.9  84.6687749815  62.9433443873  62.9433443873  62.9433443873
71.0  84.6329760359  62.9094456274  62.9094456274  62.9094456274
71.1  84.5970464855  62.8754728219  62.8754728219  62.8754728219
71.2  84.5609884836  62.841427546  62.841427546  62.841427546
71.3  84.5248041889  62.8073113782  62.8073113782  62.8073113782
71.4  84.4884957648  62.7731258996  62.7731258996  62.7731258996
71.5  84.4520653791  62.7388726941  62.7388726941  62.7388726941
71.6  84.4155152043  62.7045533481  62.7045533481  62.7045533481
71.7  84.3788474169  62.6701694504  62.6701694504  62.6701694504
71.8  84.3420641974  62.6357225917  62.6357225917  62.6357225917
71.9  84.30516773  62.6012143651  62.6012143651  62.6012143651
72.0  84.2681602023  62.5666463654  62.5666463654  62.5666463654
72.1  84.2310438055  62.5320201891  62.5320201891  62.5320201891
72.2  84.1938207336  62.4973374344  62.4973374344  62.4973374344
72.3  84.1564931837  62.4625997008  62.4625997008  62.4625997008
72.4  84.1190633554  62.4278085891  62.4278085891  62.4278085891
72.5  84.0815334509  62.3929657011  62.3929657011  62.3929657011
72.6  84.0439056744  62.3580726398  62.3580726398  62.3580726398
72.7  84.0061822324  62.3231310087  62.3231310087  62.3231310087
72.8  83.968365333  62.2881424121  62.2881424121  62.2881424121
72.9  83.9304571861  62.2531084548  62.2531084548  62.2531084548
73.0  83.8924600029  62.2180307418  62.2180307418  62.2180307418
73.1  83.8543759957  62.1829108786  62.1829108786  62.1829108786
73.2  83.8162073779  62.1477504703  62.1477504703  62.1477504703
73.3  83.7779563637  62.1125511222  62.1125511222  62.1125511222
73.4  83.7396251677  62.0773144394  62.0773144394  62.0773144394
73.5  83.7012160052  62.0420420262  62.0420420262  62.0420420262
73.6  83.6627310912  62.0067354868  62.0067354868  62.0067354868
73.7  83.6241726411  61.9713964243  61.9713964243  61.9713964243
73.8  83.5855428696  61.9360264413  61.9360264413  61.9360264413
73.9  83.5468439914  61.9006271391  61.9006271391  61.9006271391
74.0  83.5080782202  61.8652001181  61.8652001181  61.8652001181
74.1  83.4692477691  61.8297469773  61.8297469773  61.8297469773
74.2  83.4303548498  61.7942693142  61.7942693142  61.7942693142
74.3  83.3914016732  61.7587687249  61.7587687249  61.7587687249
74.4  83.3523904484  61.7232468036  61.7232468036  61.7232468036
74.5  83.313323383  61.6877051428  61.6877051428  61.6877051428
74.6  83.2742026826  61.6521453328  61.6521453328  61.6521453328
74.7  83.2350305509  61.6165689621  61.6165689621  61.6165689621
74.8  83.1958091893  61.5809776164  61.5809776164  61.5809776164
74.9  83.1565407968  61.5453728796  61.5453728796  61.5453728796
75.0  83.1172275698  61.5097563325  61.5097563325  61.5097563325
75.1  83.0778717017  61.4741295536  61.4741295536  61.4741295536
75.2  83.038475383  61.4384941182  61.4384941182  61.4384941182
75.3  82.9990408011  61.402851599  61.402851599  61.402851599
75.4  82.9595701397  61.3672035652  61.3672035652  61.3672035652
75.5  82.9200655793  61.3315515832  61.3315515832  61.3315515832
75.6  82.8805292963  61.2958972157  61.2958972157  61.2958972157
75.7  82.8409634633  61.2602420219  61.2602420219  61.2602420219
75.8  82.8013702487  61.2245875576  61.2245875576  61.2245875576
75.9  82.7617518166  61.1889353745  61.1889353745  61.1889353745
76.0  82.7221103264  61.1532870207  61.1532870207  61.1532870207
76.1  82.682447933  61.11764404  61.11764404  61.11764404
76.2  82.6427667864  61.0820079723  61.0820079723  61.0820079723
76.3  82.6030690314  61.0463803529  61.0463803529  61.0463803529
76.4  82.5633568077  61.010762713  61.010762713  61.010762713
76.5  82.5236322493  60.9751565789  60.9751565789  60.9751565789
76.6  82.4838974849  60.9395634725  60.9395634725  60.9395634725
76.7  82.4441546372  60.9039849107  60.9039849107  60.9039849107
76.8  82.4044058231  60.8684224057  60.8684224057  60.8684224057
76.9  82.3646531531  60.8328774645  60.8328774645  60.8328774645
77.0  82.3248987315  60.7973515888  60.7973515888  60.7973515888
77.1  82.2851446563  60.7618462752  60.7618462752  60.7618462752
77.2  82.2453930186  60.7263630148  60.7263630148  60.7263630148
77.3  82.2056459027  60.6909032931  60.6909032931  60.6909032931
77.4  82.1659053858  60.6554685901  60.6554685901  60.6554685901
77.5  82.1261735381  60.6200603797  60.6200603797  60.6200603797
77.6  82.0864524224  60.5846801303  60.5846801303  60.5846801303
77.7  82.0467440939  60.549329304  60.549329304  60.549329304
77.8  82.0070506001  60.5140093568  60.5140093568  60.5140093568
77.9  81.9673739808  60.4787217385  60.4787217385  60.4787217385
78.0  81.9277162676  60.4434678924  60.4434678924  60.4434678924
78.1  81.8880794839  60.4082492555  60.4082492555  60.4082492555
78.2  81.848465645  60.3730672582  60.3730672582  60.3730672582
78.3  81.8088767575  60.3379233239  60.3379233239  60.3379233239
78.4  81.7693148192  60.3028188694  60.3028188694  60.3028188694
78.5  81.7297818195  60.2677553046  60.2677553046  60.2677553046
78.6  81.6902797383  60.2327340323  60.2327340323  60.2327340323
78.7  81.6508105468  60.197756448  60.197756448  60.197756448
78.8  81.6113762065  60.1628239401  60.1628239401  60.1628239401
78.9  81.5719786698  60.1279378895  60.1279378895  60.1279378895
79.0  81.5326198793  60.0930996698  60.0930996698  60.0930996698
79.1  81.4933017678  60.0583106469  60.0583106469  60.0583106469
79.2  81.4540262583  60.0235721788  60.0235721788  60.0235721788
79.3  81.4147952636  59.9888856161  59.9888856161  59.9888856161
79.4  81.3756106866  59.9542523013  59.9542523013  59.9542523013
79.5  81.3364744194  59.9196735687  59.9196735687  59.9196735687
79.6  81.2973883438  59.8851507449  59.8851507449  59.8851507449
79.7  81.2583543311  59.8506851478  59.8506851478  59.8506851478
79.8  81.2193742415  59.8162780876  59.8162780876  59.8162780876
79.9  81.1804499244  59.7819308655  59.7819308655  59.7819308655
80.0  81.1415832182  59.7476447744  59.7476447744  59.7476447744
80.1  81.10277595  59.7134210989  59.7134210989  59.7134210989
80.2  81.0640299354  59.6792611144  59.6792611144  59.6792611144
80.3  81.0253469788  59.6451660879  59.6451660879  59.6451660879
80.4  80.9867288725  59.6111372772  59.6111372772  59.6111372772
80.5  80.9481773976  59.5771759313  59.5771759313  59.5771759313
80.6  80.9096943227  59.5432832902  59.5432832902  59.5432832902
80.7  80.8712814049  59.5094605845  59.5094605845  59.5094605845
80.8  80.8329403886  59.4757090357  59.4757090357  59.4757090357
80.9  80.7946730063  59.4420298558  59.4420298558  59.4420298558
81.0  80.7564809778  59.4084242477  59.4084242477  59.4084242477
81.1  80.7183660105  59.3748934043  59.3748934043  59.3748934043
81.2  80.680329799  59.3414385092  59.3414385092  59.3414385092
81.3  80.6423740252  59.3080607362  59.3080607362  59.3080607362
81.4  80.6045003578  59.2747612493  59.2747612493  59.2747612493
81.5  80.5667104526  59.2415412028  59.2415412028  59.2415412028
81.6  80.5290059523  59.2084017407  59.2084017407  59.2084017407
81.7  80.4913884861  59.1753439973  59.1753439973  59.1753439973
81.8  80.4538596699  59.1423690966  59.1423690966  59.1423690966
81.9  80.4164211059  59.1094781525  59.1094781525  59.1094781525
82.0  80.3790743827  59.0766722684  59.0766722684  59.0766722684
82.1  80.3418210752  59.0439525377  59.0439525377  59.0439525377
82.2  80.3046627443  59.011320043  59.011320043  59.011320043
82.3  80.267600937  58.9787758567  58.9787758567  58.9787758567
82.4  80.2306371858  58.9463210404  58.9463210404  58.9463210404
82.5  80.1937730096  58.9139566451  58.9139566451  58.9139566451
82.6  80.1570099123  58.881683711  58.881683711  58.881683711
82.7  80.1203493838  58.8495032676  58.8495032676  58.8495032676
82.8  80.0837928992  58.8174163336  58.8174163336  58.8174163336
82.9  80.047341919  58.7854239164  58.7854239164  58.7854239164
83.0  80.010997889  58.7535270128  58.7535270128  58.7535270128
83.1  79.97476224  58.7217266081  58.7217266081  58.7217266081
83.2  79.938636388  58.6900236768  58.6900236768  58.6900236768
83.3  79.9026217336  58.658419182  58.658419182  58.658419182
83.4  79.8667196626  58.6269140754  58.6269140754  58.6269140754
83.5  79.8309315453  58.5955092976  58.5955092976  58.5955092976
83.6  79.7952587368  58.5642057775  58.5642057775  58.5642057775
83.7  79.7597025764  58.5330044327  58.5330044327  58.5330044327
83.8  79.7242643883  58.5019061693  58.5019061693  58.5019061693
83.9  79.6889454807  58.4709118816  58.4709118816  58.4709118816
84.0  79.6537471462  58.4400224524  58.4400224524  58.4400224524
84.1  79.6186706617  58.4092387526  58.4092387526  58.4092387526
84.2  79.5837172878  58.3785616415  58.3785616415  58.3785616415
84.3  79.5488882696  58.3479919664  58.3479919664  58.3479919664
84.4  79.5141848356  58.3175305629  58.3175305629  58.3175305629
84.5  79.4796081986  58.2871782543  58.2871782543  58.2871782543
84.6  79.4451595549  58.2569358523  58.2569358523  58.2569358523
84.7  79.4108400844  58.2268041563  58.2268041563  58.2268041563
84.8  79.3766509508  58.1967839535  58.1967839535  58.1967839535
84.9  79.3425933011  58.1668760193  58.1668760193  58.1668760193
85.0  79.3086682659  58.1370811165  58.1370811165  58.1370811165
85.1  79.2748769591  58.1073999958  58.1073999958  58.1073999958
85.2  79.2412204778  58.0778333956  58.0778333956  58.0778333956
85.3  79.2076999025  58.048382042  58.048382042  58.048382042
85.4  79.1743162966  58.0190466484  58.0190466484  58.0190466484
85.5  79.1410707067  57.9898279162  57.9898279162  57.9898279162
85.6  79.1079641625  57.960726534  57.960726534  57.960726534
85.7  79.0749976765  57.9317431779  57.9317431779  57.9317431779
85.8  79.042172244  57.9028785115  57.9028785115  57.9028785115
85.9  79.0094888433  57.8741331857  57.8741331857  57.8741331857
86.0  78.9769484353  57.8455078388  57.8455078388  57.8455078388
86.1  78.9445519637  57.8170030963  57.8170030963  57.8170030963
86.2  78.9123003547  57.7886195713  57.7886195713  57.7886195713
86.3  78.8801945172  57.7603578636  57.7603578636  57.7603578636
86.4  78.8482353424  57.7322185606  57.7322185606  57.7322185606
86.5  78.8164237042  57.7042022367  57.7042022367  57.7042022367
86.6  78.7847604587  57.6763094535  57.6763094535  57.6763094535
86.7  78.7532464445  57.6485407596  57.6485407596  57.6485407596
86.8  78.7218824824  57.6208966907  57.6208966907  57.6208966907
86.9  78.6906693754  57.5933777695  57.5933777695  57.5933777695
87.0  78.6596079088  57.5659845058  57.5659845058  57.5659845058
87.1  78.62869885  57.5387173963  57.5387173963  57.5387173963
87.2  78.5979429486  57.5115769246  57.5115769246  57.5115769246
87.3  78.567340936  57.4845635612  57.4845635612  57.4845635612
87.4  78.536893526  57.4576777637  57.4576777637  57.4576777637
87.5  78.506601414  57.4309199763  57.4309199763  57.4309199763
87.6  78.4764652777  57.4042906302  57.4042906302  57.4042906302
87.7  78.4464857763  57.3777901434  57.3777901434  57.3777901434
87.8  78.4166635512  57.3514189207  57.3514189207  57.3514189207
87.9  78.3869992254  57.3251773536  57.3251773536  57.3251773536
88.0  78.357493404  57.2990658205  57.2990658205  57.2990658205
88.1  78.3281466734  57.2730846864  57.2730846864  57.2730846864
88.2  78.2989596021  57.2472343031  57.2472343031  57.2472343031
88.3  78.2699327403  57.2215150091  57.2215150091  57.2215150091
88.4  78.2410666195  57.1959271297  57.1959271297  57.1959271297
88.5  78.2123617534  57.1704709766  57.1704709766  57.1704709766
88.6  78.1838186368  57.1451468484  57.1451468484  57.1451468484
88.7  78.1554377464  57.1199550304  57.1199550304  57.1199550304
88.8  78.1272195404  57.0948957943  57.0948957943  57.0948957943
88.9  78.0991644585  57.0699693986  57.0699693986  57.0699693986
89.0  78.0712729221  57.0451760884  57.0451760884  57.0451760884
89.1  78.043545334  57.0205160954  57.0205160954  57.0205160954
89.2  78.0159820784  56.995989638  56.995989638  56.995989638
89.3  77.9885835212  56.9715969211  56.9715969211  56.9715969211
89.4  77.9613500096  56.9473381361  56.9473381361  56.9473381361
89.5  77.9342818724  56.9232134612  56.9232134612  56.9232134612
89.6  77.9073794197  56.8992230612  56.8992230612  56.8992230612
89.7  77.8806429431  56.8753670872  56.8753670872  56.8753670872
89.8  77.8540727157  56.8516456773  56.8516456773  56.8516456773
89.9  77.827668992  56.8280589558  56.8280589558  56.8280589558
90.0  77.8014320079  56.8046070339  56.8046070339  56.8046070339
90.0  77.8014320079  56.8046070339  56.8046070339  56.8046070339
90.1  77.7753619807  56.7812900091  56.7812900091  56.7812900091
90.2  77.7494591091  56.7581079659  56.7581079659  56.7581079659
90.3  77.7237235733  56.7350609749  56.7350609749  56.7350609749
90.4  77.6981555348  56.7121490938  56.7121490938  56.7121490938
90.5  77.6727551367  56.6893723665  56.6893723665  56.6893723665
90.6  77.6475225034  56.6667308239  56.6667308239  56.6667308239
90.7  77.6224577406  56.6442244831  56.6442244831  56.6442244831
90.8  77.5975609357  56.6218533482  56.6218533482  56.6218533482
90.9  77.5728321574  56.5996174098  56.5996174098  56.5996174098
91.0  77.5482714558  56.5775166451  56.5775166451  56.5775166451
91.1  77.5238788627  56.5555510182  56.5555510182  56.5555510182
91.2  77.4996543911  56.5337204796  56.5337204796  56.5337204796
91.3  77.4755980356  56.5120249667  56.5120249667  56.5120249667
91.4  77.4517097723  56.4904644036  56.4904644036  56.4904644036
91.5  77.4279895589  56.4690387009  56.4690387009  56.4690387009
91.6  77.4044373345  56.4477477564  56.4477477564  56.4477477564
91.7  77.38105302  56.4265914542  56.4265914542  56.4265914542
91.8  77.3578365175  56.4055696654  56.4055696654  56.4055696654
91.9  77.3347877111  56.384682248  56.384682248  56.384682248
92.0  77.3119064663  56.3639290467  56.3639290467  56.3639290467
92.1  77.2891926302  56.3433098931  56.3433098931  56.3433098931
92.2  77.2666460318  56.3228246056  56.3228246056  56.3228246056
92.3  77.2442664817  56.3024729897  56.3024729897  56.3024729897
92.4  77.2220537723  56.2822548375  56.2822548375  56.2822548375
92.5  77.2000076775  56.2621699283  56.2621699283  56.2621699283
92.6  77.1781279534  56.2422180284  56.2422180284  56.2422180284
92.7  77.1564143376  56.222398891  56.222398891  56.222398891
92.8  77.1348665498  56.2027122564  56.2027122564  56.2027122564
92.9  77.1134842915  56.1831578518  56.1831578518  56.1831578518
93.0  77.0922672462  56.1637353918  56.1637353918  56.1637353918
93.1  77.0712150794  56.144444578  56.144444578  56.144444578
93.2  77.0503274384  56.1252850989  56.1252850989  56.1252850989
93.3  77.029603953  56.1062566307  56.1062566307  56.1062566307
93.4  77.0090442346  56.0873588365  56.0873588365  56.0873588365
93.5  76.9886478772  56.0685913666  56.0685913666  56.0685913666
93.6  76.9684144568  56.049953859  56.049953859  56.049953859
93.7  76.9483435317  56.0314459387  56.0314459387  56.0314459387
93.8  76.9284346424  56.0130672181  56.0130672181  56.0130672181
93.9  76.9086873118  55.9948172973  55.9948172973  55.9948172973
94.0  76.8891010454  55.9766957636  55.9766957636  55.9766957636
94.1  76.8696753309  55.9587021919  55.9587021919  55.9587021919
94.2  76.8504096385  55.9408361446  55.9408361446  55.9408361446
94.3  76.8313034212  55.9230971719  55.9230971719  55.9230971719
94.4  76.8123561145  55.9054848114  55.9054848114  55.9054848114
94.5  76.7935671366  55.8879985885  55.8879985885  55.8879985885
94.6  76.7749358883  55.8706380163  55.8706380163  55.8706380163
94.7  76.7564617535  55.8534025958  55.8534025958  55.8534025958
94.8  76.7381440987  55.8362918156  55.8362918156  55.8362918156
94.9  76.7199822735  55.8193051524  55.8193051524  55.8193051524
95.0  76.7019756103  55.8024420708  55.8024420708  55.8024420708
95.1  76.6841234249  55.7857020232  55.7857020232  55.7857020232
95.2  76.6664250159  55.7690844504  55.7690844504  55.7690844504
95.3  76.6488796653  55.7525887808  55.7525887808  55.7525887808
95.4  76.6314866383  55.7362144314  55.7362144314  55.7362144314
95.5  76.6142451835  55.7199608071  55.7199608071  55.7199608071
95.6  76.5971545328  55.7038273012  55.7038273012  55.7038273012
95.7  76.5802139018  55.6878132953  55.6878132953  55.6878132953
95.8  76.5634224894  55.6719181594  55.6719181594  55.6719181594
95.9  76.5467794785  55.6561412517  55.6561412517  55.6561412517
96.0  76.5302840354  55.6404819192  55.6404819192  55.6404819192
96.1  76.5139353104  55.6249394974  55.6249394974  55.6249394974
96.2  76.4977324376  55.6095133102  55.6095133102  55.6095133102
96.3  76.4816745351  55.5942026703  55.5942026703  55.5942026703
96.4  76.4657607051  55.5790068792  55.5790068792  55.5790068792
96.5  76.4499900339  55.5639252271  55.5639252271  55.5639252271
96.6  76.434361592  55.5489569932  55.5489569932  55.5489569932
96.7  76.4188744343  55.5341014454  55.5341014454  55.5341014454
96.8  76.4035276  55.519357841  55.519357841  55.519357841
96.9  76.388320113  55.5047254259  55.5047254259  55.5047254259
97.0  76.3732509814  55.4902034354  55.4902034354  55.4902034354
97.1  76.3629733715  55.4791724404  55.4791724404  55.475791094
97.2  76.3357340329  55.4558286043  55.4558286043  55.4614876154
97.3  76.3085044108  55.4325027713  55.4325027713  55.4472922027
97.4  76.2812845017  55.4091949093  55.4091949093  55.4361887203
97.5  76.2540743023  55.3859049861  55.3859049861  55.4132341253
97.6  76.2268738089  55.3626329695  55.3626329695  55.390297519
97.7  76.1996830182  55.3393788276  55.3393788276  55.3673788631
97.8  76.1725019267  55.3161425284  55.3161425284  55.3444781195
97.9  76.1453305309  55.2929240401  55.2929240401  55.3215952501
98.0  76.1181688274  55.2697233309  55.2697233309  55.2987302169
98.1  76.0910168127  55.246540369  55.246540369  55.2758829821
98.2  76.0638744833  55.223375123  55.223375123  55.2530535081
98.3  76.0367418359  55.2002275611  55.2002275611  55.2302417572
98.4  76.0096188669  55.1770976519  55.1770976519  55.2074476919
98.5  75.982505573  55.1539853641  55.1539853641  55.1846712748
98.6  75.9554019505  55.1308906663  55.1308906663  55.1619124688
98.7  75.9283079962  55.1078135272  55.1078135272  55.1391712366
98.8  75.9012237065  55.0847539157  55.0847539157  55.1164475412
98.9  75.874149078  55.0617118007  55.0617118007  55.0937413457
99.0  75.8470841073  55.0386871511  55.0386871511  55.0710526132
99.1  75.8200287909  55.0156799361  55.0156799361  55.0483813072
99.2  75.7929831254  54.9926901247  54.9926901247  55.0257273909
99.3  75.7659471072  54.9697176861  54.9697176861  55.0030908279
99.4  75.7389207331  54.9467625896  54.9467625896  54.9804715818
99.5  75.7119039995  54.9238248046  54.9238248046  54.9578696164
99.6  75.684896903  54.9009043006  54.9009043006  54.9352848955
99.7  75.6578994402  54.8780010468  54.8780010468  54.9127173831
99.8  75.6309116076  54.8551150131  54.8551150131  54.8901670432
99.9  75.6039334018  54.832246169  54.832246169  54.86763384
100.0  75.5769648194  54.8093944841  54.8093944841  54.8451177378
100.1  75.5500058569  54.7865599284  54.7865599284  54.822618701
100.2  75.5230565109  54.7637424717  54.7637424717  54.800136694
100.3  75.4961167779  54.7409420839  54.7409420839  54.7776716815
100.4  75.4691866546  54.718158735  54.718158735  54.7552236281
100.5  75.4422661375  54.6953923952  54.6953923952  54.7327924988
100.6  75.4153552232  54.6726430345  54.6726430345  54.7103782584
100.7  75.3884539083  54.6499106231  54.6499106231  54.6879808719
100.8  75.3615621892  54.6271951315  54.6271951315  54.6656003044
100.9  75.3346800627  54.60449653  54.60449653  54.6432365213
120.0  70.3721133241  50.5475518265  50.5475518265  50.6438531868
150.0  63.2291456335  45.051858146  45.051858146  45.1946194106
180.0  56.8112092801  40.319997877  40.319997877  40.4603119859
210.0  51.0447115414  36.1583763751  36.1583763751  36.2690409723
240.0  45.8635295633  32.4582709592  32.4582709592  32.5290845688
270.0  41.2082521476  29.1506985547  29.1506985547  29.1810042905
300.0  37.0254985003  26.1862048009  26.1862048009  26.179784301
330.0  33.267306128  23.5257995123  23.5257995123  23.4880530127
360.0  29.8905808656  21.1368116866  21.1368116866  21.0733743678
390.0  26.8566027272  18.9909098896  18.9909098896  18.9070431003
420.0  24.1305819145  17.0630816716  17.0630816716  16.963448425
450.0  21.6812598914  15.3310453698  15.3310453698  15.2196643171
480.0  19.4805509518  13.7748640888  13.7748640888  13.6551403257
510.0  17.5032201673  12.3766605707  12.3766605707  12.2514453424

#SVE monte-carlo points sigmaR (r, sigmaR_med, sigmaR_std)
25.2  94.5123278378  0.0
28.7  90.5385290517  0.0
32.1  88.1573313321  0.0
35.6  86.9290033244  0.0
39.1  86.6094538884  0.0
42.6  86.8698711107  0.0
46.1  87.4132848374  0.0
49.6  87.9918700626  0.0
53.1  88.4166937783  0.0
56.6  88.5609635332  0.0
60.0  88.368780954  0.0
63.5  87.8155047577  0.0
67.0  86.9320537014  0.0
70.5  85.782510753  0.0
74.0  84.4526106037  0.0
77.5  83.0377246265  0.0
81.0  81.631646759  0.0
84.5  80.3168358823  0.0
88.0  79.1566306873  0.0
91.4  78.2145812692  0.0
94.9  77.4467549632  0.0
98.4  76.7423294315  0.0
390.0  26.7385270234  0.0

#SVE monte-carlo points sigmaZ (r, sigmaZ_med, sigmaZ_std)
25.6  76.2330755229  0.0
29.1  72.276022044  0.0
32.5  69.7244185176  0.0
36.0  68.1372715842  0.0
39.5  67.3085405394  0.0
43.0  66.9614767896  0.0
46.5  66.8573786236  0.0
50.0  66.8047057277  0.0
53.5  66.6627376743  0.0
57.0  66.3408775241  0.0
60.4  65.8134607166  0.0
63.9  65.0442103735  0.0
67.4  64.0712259113  0.0
70.9  62.9433443873  0.0
74.4  61.7232468036  0.0
77.9  60.4787217385  0.0
81.4  59.2747612493  0.0
84.9  58.1668760193  0.0
88.4  57.1959271297  0.0
91.8  56.4055696654  0.0
95.3  55.7525887808  0.0
98.8  55.1164475412  0.0
510.0  12.2514453424  0.0

#SVE monte-carlo points sigmaPhi (r, sigmaPhi_med, sigmaPhi_std)
26.1  75.5746814004  0.0
29.6  71.8274432562  0.0
33.0  69.4400298476  0.0
36.5  67.9792332659  0.0
40.0  67.2355053236  0.0
43.5  66.936736195  0.0
47.0  66.8505432124  0.0
50.5  66.7925351371  0.0
54.0  66.6292831926  0.0
57.5  66.2770872078  0.0
60.9  65.7173275494  0.0
64.4  64.9167530889  0.0
67.9  63.9182295923  0.0
71.4  62.7731258996  0.0
74.9  61.5453728796  0.0
78.4  60.3028188694  0.0
81.9  59.1094781525  0.0
85.4  58.0190466484  0.0
88.9  57.0699693986  0.0
92.3  56.3024729897  0.0
95.8  55.6719181594  0.0
99.3  55.0030908279  0.0
