#SVE points (r, sigmaR, sigmaZ, sigmaPhi, sigmaMajRestored)
25.1  107.110158306  76.924485611  76.924485611  76.924485611
25.2  107.063515442  76.7835292204  76.7835292204  76.7835292204
25.3  107.016892891  76.6439154301  76.6439154301  76.6439154301
25.4  106.970290642  76.5056388524  76.5056388524  76.5056388524
25.5  106.923708686  76.3686940473  76.3686940473  76.3686940473
25.6  106.877147016  76.2330755229  76.2330755229  76.2330755229
25.7  106.830605621  76.0987777366  76.0987777366  76.0987777366
25.8  106.784084494  75.9657950962  75.9657950962  75.9657950962
25.9  106.737583625  75.8341219606  75.8341219606  75.8341219606
26.0  106.691103005  75.7037526407  75.7037526407  75.7037526407
26.1  106.644642627  75.5746814004  75.5746814004  75.5746814004
26.2  106.59820248  75.4469024578  75.4469024578  75.4469024578
26.3  106.551782556  75.3204099854  75.3204099854  75.3204099854
26.4  106.505382847  75.1951981117  75.1951981117  75.1951981117
26.5  106.459003343  75.0712609217  75.0712609217  75.0712609217
26.6  106.412644036  74.948592458  74.948592458  74.948592458
26.7  106.366304917  74.8271867214  74.8271867214  74.8271867214
26.8  106.319985977  74.707037672  74.707037672  74.707037672
26.9  106.273687208  74.5881392301  74.5881392301  74.5881392301
27.0  106.227408599  74.4704852768  74.4704852768  74.4704852768
27.1  106.181150144  74.3540696552  74.3540696552  74.3540696552
27.2  106.134911833  74.2388861709  74.2388861709  74.2388861709
27.3  106.088693657  74.124928593  74.124928593  74.124928593
27.4  106.042495607  74.0121906551  74.0121906551  74.0121906551
27.5  105.996317675  73.9006660558  73.9006660558  73.9006660558
27.6  105.950159852  73.7903484597  73.7903484597  73.7903484597
27.7  105.904022129  73.6812314983  73.6812314983  73.6812314983
27.8  105.857904497  73.5733087705  73.5733087705  73.5733087705
27.9  105.811806949  73.4665738438  73.4665738438  73.4665738438
28.0  105.765729474  73.3610202547  73.3610202547  73.3610202547
28.1  105.719672064  73.25664151  73.25664151  73.25664151
28.2  105.673634711  73.153431087  73.153431087  73.153431087
28.3  105.627617406  73.0513824345  73.0513824345  73.0513824345
28.4  105.581620139  72.9504889739  72.9504889739  72.9504889739
28.5  105.535642903  72.8507440995  72.8507440995  72.8507440995
28.6  105.489685688  72.7521411794  72.7521411794  72.7521411794
28.7  105.443748486  72.6546735564  72.6546735564  72.6546735564
28.8  105.397831288  72.5583345487  72.5583345487  72.5583345487
28.9  105.351934086  72.4631174505  72.4631174505  72.4631174505
29.0  105.30605687  72.3690155327  72.3690155327  72.3690155327
29.1  105.260199632  72.276022044  72.276022044  72.276022044
29.2  105.214362364  72.1841302113  72.1841302113  72.1841302113
29.3  105.168545056  72.0933332403  72.0933332403  72.0933332403
29.4  105.1227477  72.0036243166  72.0036243166  72.0036243166
29.5  105.076970287  71.9149966062  71.9149966062  71.9149966062
29.6  105.031212809  71.8274432562  71.8274432562  71.8274432562
29.7  104.985475257  71.7409573956  71.7409573956  71.7409573956
29.8  104.939757621  71.6555321355  71.6555321355  71.6555321355
29.9  104.894059895  71.5711605707  71.5711605707  71.5711605707
30.0  104.848382068  71.4878357796  71.4878357796  71.4878357796
30.0  104.848382068  71.4878357796  71.4878357796  71.4878357796
30.1  104.802724132  71.4055508251  71.4055508251  71.4055508251
30.2  104.757086079  71.3242987554  71.3242987554  71.3242987554
30.3  104.711467899  71.2440726044  71.2440726044  71.2440726044
30.4  104.665869585  71.1648653928  71.1648653928  71.1648653928
30.5  104.620291127  71.0866701282  71.0866701282  71.0866701282
30.6  104.574732517  71.009479806  71.009479806  71.009479806
30.7  104.529193747  70.9332874104  70.9332874104  70.9332874104
30.8  104.483674807  70.8580859141  70.8580859141  70.8580859141
30.9  104.438175689  70.7838682801  70.7838682801  70.7838682801
31.0  104.392696384  70.7106274613  70.7106274613  70.7106274613
31.1  104.347236884  70.6383564017  70.6383564017  70.6383564017
31.2  104.30179718  70.567048037  70.567048037  70.567048037
31.3  104.256377263  70.4966952947  70.4966952947  70.4966952947
31.4  104.210977126  70.4272910955  70.4272910955  70.4272910955
31.5  104.165596758  70.358828353  70.358828353  70.358828353
31.6  104.120236152  70.2912999753  70.2912999753  70.2912999753
31.7  104.0748953  70.2246988644  70.2246988644  70.2246988644
31.8  104.029574191  70.159017918  70.159017918  70.159017918
31.9  103.984272819  70.0942500291  70.0942500291  70.0942500291
32.0  103.938991173  70.0303880871  70.0303880871  70.0303880871
32.1  103.893729247  69.9674249782  69.9674249782  69.9674249782
32.2  103.84848703  69.905353586  69.905353586  69.905353586
32.3  103.803264515  69.844166792  69.844166792  69.844166792
32.4  103.758061692  69.7838574762  69.7838574762  69.7838574762
32.5  103.712878554  69.7244185176  69.7244185176  69.7244185176
32.6  103.667715092  69.6658427948  69.6658427948  69.6658427948
32.7  103.622571297  69.6081231865  69.6081231865  69.6081231865
32.8  103.57744716  69.5512525719  69.5512525719  69.5512525719
32.9  103.532342674  69.4952238316  69.4952238316  69.4952238316
33.0  103.487257829  69.4400298476  69.4400298476  69.4400298476
33.1  103.442192617  69.3856635042  69.3856635042  69.3856635042
33.2  103.397147029  69.3321176884  69.3321176884  69.3321176884
33.3  103.352121057  69.2793852903  69.2793852903  69.2793852903
33.4  103.307114693  69.2274592038  69.2274592038  69.2274592038
33.5  103.262127927  69.1763323269  69.1763323269  69.1763323269
33.6  103.217160751  69.1259975624  69.1259975624  69.1259975624
33.7  103.172213158  69.076447818  69.076447818  69.076447818
33.8  103.127285137  69.0276760073  69.0276760073  69.0276760073
33.9  103.082376681  68.9796750497  68.9796750497  68.9796750497
34.0  103.037487781  68.9324378716  68.9324378716  68.9324378716
34.1  102.992618428  68.885957406  68.885957406  68.885957406
34.2  102.947768615  68.8402265938  68.8402265938  68.8402265938
34.3  102.902938332  68.7952383834  68.7952383834  68.7952383834
34.4  102.858127572  68.750985732  68.750985732  68.750985732
34.5  102.813336325  68.7074616055  68.7074616055  68.7074616055
34.6  102.768564583  68.664658979  68.664658979  68.664658979
34.7  102.723812337  68.6225708375  68.6225708375  68.6225708375
34.8  102.67907958  68.5811901761  68.5811901761  68.5811901761
34.9  102.634366302  68.5405100004  68.5405100004  68.5405100004
35.0  102.589672496  68.500523327  68.500523327  68.500523327
35.1  102.544998152  68.4612231842  68.4612231842  68.4612231842
35.2  102.500343262  68.4226026117  68.4226026117  68.4226026117
35.3  102.455707818  68.3846546617  68.3846546617  68.3846546617
35.4  102.411091811  68.3473723992  68.3473723992  68.3473723992
35.5  102.366495233  68.310748902  68.310748902  68.310748902
35.6  102.321918075  68.2747772614  68.2747772614  68.2747772614
35.7  102.27736033  68.2394505826  68.2394505826  68.2394505826
35.8  102.232821987  68.204761985  68.204761985  68.204761985
35.9  102.188303039  68.1707046025  68.1707046025  68.1707046025
36.0  102.143803478  68.1372715842  68.1372715842  68.1372715842
36.1  102.099323295  68.1044560945  68.1044560945  68.1044560945
36.2  102.054862482  68.0722513134  68.0722513134  68.0722513134
36.3  102.01042103  68.040650437  68.040650437  68.040650437
36.4  101.96599893  68.009646678  68.009646678  68.009646678
36.5  101.921596175  67.9792332659  67.9792332659  67.9792332659
36.6  101.877212756  67.9494034472  67.9494034472  67.9494034472
36.7  101.832848664  67.920150486  67.920150486  67.920150486
36.8  101.788503892  67.8914676644  67.8914676644  67.8914676644
36.9  101.74417843  67.8633482824  67.8633482824  67.8633482824
37.0  101.69987227  67.8357856588  67.8357856588  67.8357856588
37.1  101.655585404  67.8087731311  67.8087731311  67.8087731311
37.2  101.611317824  67.7823040561  67.7823040561  67.7823040561
37.3  101.56706952  67.75637181  67.75637181  67.75637181
37.4  101.522840485  67.7309697889  67.7309697889  67.7309697889
37.5  101.478630711  67.706091409  67.706091409  67.706091409
37.6  101.434440188  67.681730107  67.681730107  67.681730107
37.7  101.390268909  67.6578793404  67.6578793404  67.6578793404
37.8  101.346116865  67.6345325877  67.6345325877  67.6345325877
37.9  101.301984048  67.6116833488  67.6116833488  67.6116833488
38.0  101.257870449  67.5893251452  67.5893251452  67.5893251452
38.1  101.21377606  67.5674515203  67.5674515203  67.5674515203
38.2  101.169700872  67.54605604  67.54605604  67.54605604
38.3  101.125644878  67.5251322926  67.5251322926  67.5251322926
38.4  101.081608069  67.5046738889  67.5046738889  67.5046738889
38.5  101.037590436  67.4846744633  67.4846744633  67.4846744633
38.6  100.993591972  67.4651276732  67.4651276732  67.4651276732
38.7  100.949612667  67.4460271996  67.4460271996  67.4460271996
38.8  100.905652514  67.4273667476  67.4273667476  67.4273667476
38.9  100.861711504  67.4091400463  67.4091400463  67.4091400463
39.0  100.817789629  67.3913408492  67.3913408492  67.3913408492
39.1  100.77388688  67.3739629344  67.3739629344  67.3739629344
39.2  100.730003249  67.3570001052  67.3570001052  67.3570001052
39.3  100.686138729  67.3404461895  67.3404461895  67.3404461895
39.4  100.64229331  67.3242950412  67.3242950412  67.3242950412
39.5  100.598466984  67.3085405394  67.3085405394  67.3085405394
39.6  100.554659743  67.2931765891  67.2931765891  67.2931765891
39.7  100.510871578  67.2781971216  67.2781971216  67.2781971216
39.8  100.467102482  67.2635960944  67.2635960944  67.2635960944
39.9  100.423352446  67.2493674914  67.2493674914  67.2493674914
40.0  100.379621461  67.2355053236  67.2355053236  67.2355053236
40.1  100.33590952  67.2220036286  67.2220036286  67.2220036286
40.2  100.292216614  67.2088564714  67.2088564714  67.2088564714
40.3  100.248542735  67.1960579444  67.1960579444  67.1960579444
40.4  100.204887874  67.1836021676  67.1836021676  67.1836021676
40.5  100.161252023  67.1714832886  67.1714832886  67.1714832886
40.6  100.117635174  67.1596954834  67.1596954834  67.1596954834
40.7  100.074037319  67.1482329559  67.1482329559  67.1482329559
40.8  100.03045845  67.1370899384  67.1370899384  67.1370899384
40.9  99.9868985574  67.126260692  67.126260692  67.126260692
41.0  99.9433576338  67.1157395064  67.1157395064  67.1157395064
41.1  99.8998356708  67.1055207002  67.1055207002  67.1055207002
41.2  99.8563326601  67.0955986213  67.0955986213  67.0955986213
41.3  99.8128485935  67.0859676468  67.0859676468  67.0859676468
41.4  99.7693834628  67.0766221832  67.0766221832  67.0766221832
41.5  99.7259372597  67.0675566669  67.0675566669  67.0675566669
41.6  99.6825099759  67.0587655639  67.0587655639  67.0587655639
41.7  99.6391016033  67.0502433702  67.0502433702  67.0502433702
41.8  99.5957121335  67.0419846119  67.0419846119  67.0419846119
41.9  99.5523415584  67.0339838456  67.0339838456  67.0339838456
42.0  99.5089898697  67.0262356581  67.0262356581  67.0262356581
42.1  99.4656570592  67.0187346668  67.0187346668  67.0187346668
42.2  99.4223431187  67.0114755201  67.0114755201  67.0114755201
42.3  99.37904804  67.0044528971  67.0044528971  67.0044528971
42.4  99.3357718148  66.9976615077  66.9976615077  66.9976615077
42.5  99.2925144349  66.9910960934  66.9910960934  66.9910960934
42.6  99.2492758922  66.9847514267  66.9847514267  66.9847514267
42.7  99.2060561784  66.9786223116  66.9786223116  66.9786223116
42.8  99.1628552853  66.9727035836  66.9727035836  66.9727035836
42.9  99.1196732048  66.9669901099  66.9669901099  66.9669901099
43.0  99.0765099286  66.9614767897  66.9614767897  66.9614767897
43.1  99.0333654485  66.9561585537  66.9561585537  66.9561585537
43.2  98.9902397564  66.951030365  66.951030365  66.951030365
43.3  98.9471328441  66.9460872187  66.9460872187  66.9460872187
43.4  98.9040447034  66.9413241421  66.9413241421  66.9413241421
43.5  98.8609753262  66.936736195  66.936736195  66.936736195
43.6  98.8179247042  66.9323184696  66.9323184696  66.9323184696
43.7  98.7748928293  66.9280660906  66.9280660906  66.9280660906
43.8  98.7318796933  66.9239742154  66.9239742154  66.9239742154
43.9  98.6888852881  66.9200380342  66.9200380342  66.9200380342
44.0  98.6459096055  66.9162527701  66.9162527701  66.9162527701
44.1  98.6029526374  66.912613679  66.912613679  66.912613679
44.2  98.5600143755  66.9091160499  66.9091160499  66.9091160499
44.3  98.5170948119  66.9057552051  66.9057552051  66.9057552051
44.4  98.4741939383  66.9025264997  66.9025264997  66.9025264997
44.5  98.4313117465  66.8994253223  66.8994253223  66.8994253223
44.6  98.3884482285  66.896447095  66.896447095  66.896447095
44.7  98.3456033761  66.8935872731  66.8935872731  66.8935872731
44.8  98.3027771813  66.8908413455  66.8908413455  66.8908413455
44.9  98.2599696357  66.8882048345  66.8882048345  66.8882048345
45.0  98.2171807315  66.8856732962  66.8856732962  66.8856732962
45.1  98.1744104603  66.8832423204  66.8832423204  66.8832423204
45.2  98.1316588142  66.8809075305  66.8809075305  66.8809075305
45.3  98.0889257849  66.878664584  66.878664584  66.878664584
45.4  98.0462113645  66.8765091718  66.8765091718  66.8765091718
45.5  98.0035155447  66.8744370191  66.8744370191  66.8744370191
45.6  97.9608383175  66.872443885  66.872443885  66.872443885
45.7  97.9181796748  66.8705255625  66.8705255625  66.8705255625
45.8  97.8755396086  66.8686778787  66.8686778787  66.8686778787
45.9  97.8329181106  66.8668966948  66.8668966948  66.8668966948
46.0  97.7903151729  66.8651779062  66.8651779062  66.8651779062
46.1  97.7477307873  66.8635174424  66.8635174424  66.8635174424
46.2  97.7051649457  66.8619112671  66.8619112671  66.8619112671
46.3  97.6626176402  66.8603553783  66.8603553783  66.8603553783
46.4  97.6200888626  66.8588458083  66.8588458083  66.8588458083
46.5  97.5775786048  66.8573786236  66.8573786236  66.8573786236
46.6  97.5350868588  66.855949925  66.855949925  66.855949925
46.7  97.4926136165  66.8545558478  66.8545558478  66.8545558478
46.8  97.4501588699  66.8531925616  66.8531925616  66.8531925616
46.9  97.4077226109  66.8518562704  66.8518562704  66.8518562704
47.0  97.3653048315  66.8505432125  66.8505432125  66.8505432125
47.1  97.3229055236  66.8492496606  66.8492496606  66.8492496606
47.2  97.2805246791  66.8479719222  66.8479719222  66.8479719222
47.3  97.2381622901  66.8467063387  66.8467063387  66.8467063387
47.4  97.1958183485  66.8454492862  66.8454492862  66.8454492862
47.5  97.1534928462  66.8441971754  66.8441971754  66.8441971754
47.6  97.1111857753  66.8429464511  66.8429464511  66.8429464511
47.7  97.0688971276  66.8416935929  66.8416935929  66.8416935929
47.8  97.0266268953  66.8404351145  66.8404351145  66.8404351145
47.9  96.9843750702  66.8391675644  66.8391675644  66.8391675644
48.0  96.9421416443  66.8378875252  66.8378875252  66.8378875252
48.1  96.8999266097  66.8365916142  66.8365916142  66.8365916142
48.2  96.8577299583  66.8352764828  66.8352764828  66.8352764828
48.3  96.8155516821  66.8339388172  66.8339388172  66.8339388172
48.4  96.7733917732  66.8325753376  66.8325753376  66.8325753376
48.5  96.7312502234  66.8311827989  66.8311827989  66.8311827989
48.6  96.6891270249  66.82975799  66.82975799  66.82975799
48.7  96.6470221696  66.8282977345  66.8282977345  66.8282977345
48.8  96.6049356496  66.8267988901  66.8267988901  66.8267988901
48.9  96.5628674568  66.8252583487  66.8252583487  66.8252583487
49.0  96.5208175833  66.8236730366  66.8236730366  66.8236730366
49.1  96.4787860211  66.8220399143  66.8220399143  66.8220399143
49.2  96.4367727623  66.8203559764  66.8203559764  66.8203559764
49.3  96.3947777988  66.8186182518  66.8186182518  66.8186182518
49.4  96.3528011227  66.8168238034  66.8168238034  66.8168238034
49.5  96.310842726  66.8149697282  66.8149697282  66.8149697282
49.6  96.2689026008  66.8130531574  66.8130531574  66.8130531574
49.7  96.226980739  66.8110712559  66.8110712559  66.8110712559
49.8  96.1850771329  66.8090212229  66.8090212229  66.8090212229
49.9  96.1431917743  66.8069002912  66.8069002912  66.8069002912
50.0  96.1013246555  66.8047057277  66.8047057277  66.8047057277
50.1  96.0594757683  66.8024348332  66.8024348332  66.8024348332
50.2  96.0176451049  66.8000849418  66.8000849418  66.8000849418
50.3  95.9758326574  66.7976534219  66.7976534219  66.7976534219
50.4  95.9340384177  66.7951376752  66.7951376752  66.7951376752
50.5  95.8922623781  66.7925351371  66.7925351371  66.7925351371
50.6  95.8505045305  66.7898432766  66.7898432766  66.7898432766
50.7  95.808764867  66.7870595961  66.7870595961  66.7870595961
50.8  95.7670433798  66.7841816315  66.7841816315  66.7841816315
50.9  95.7253400609  66.7812069521  66.7812069521  66.7812069521
51.0  95.6836549023  66.7781331605  66.7781331605  66.7781331605
51.1  95.6419878963  66.7749578924  66.7749578924  66.7749578924
51.2  95.6003390348  66.7716788168  66.7716788168  66.7716788168
51.3  95.5587083099  66.7682936358  66.7682936358  66.7682936358
51.4  95.5170957139  66.7648000844  66.7648000844  66.7648000844
51.5  95.4755012388  66.7611959309  66.7611959309  66.7611959309
51.6  95.4339248766  66.7574789759  66.7574789759  66.7574789759
51.7  95.3923666195  66.7536470535  66.7536470535  66.7536470535
51.8  95.3508264597  66.7496980299  66.7496980299  66.7496980299
51.9  95.3093043892  66.7456298044  66.7456298044  66.7456298044
52.0  95.2678004002  66.7414403087  66.7414403087  66.7414403087
52.1  95.2263144847  66.7371275069  66.7371275069  66.7371275069
52.2  95.184846635  66.7326893957  66.7326893957  66.7326893957
52.3  95.1433968431  66.728124004  66.728124004  66.728124004
52.4  95.1019651012  66.7234293928  66.7234293928  66.7234293928
52.5  95.0605514014  66.7186036556  66.7186036556  66.7186036556
52.6  95.0191557359  66.7136449177  66.7136449177  66.7136449177
52.7  94.9777780968  66.7085513363  66.7085513363  66.7085513363
52.8  94.9364184763  66.7033211007  66.7033211007  66.7033211007
52.9  94.8950768665  66.6979524319  66.6979524319  66.6979524319
53.0  94.8537532596  66.6924435824  66.6924435824  66.6924435824
53.1  94.8124476477  66.6867928366  66.6867928366  66.6867928366
53.2  94.7711600231  66.6809985102  66.6809985102  66.6809985102
53.3  94.7298903778  66.6750589502  66.6750589502  66.6750589502
53.4  94.688638704  66.668972535  66.668972535  66.668972535
53.5  94.6474049939  66.6627376743  66.6627376743  66.6627376743
53.6  94.6061892398  66.6563528087  66.6563528087  66.6563528087
53.7  94.5649914337  66.6498164099  66.6498164099  66.6498164099
53.8  94.5238115678  66.6431269803  66.6431269803  66.6431269803
53.9  94.4826496344  66.6362830532  66.6362830532  66.6362830532
54.0  94.4415056257  66.6292831926  66.6292831926  66.6292831926
54.1  94.4003795337  66.622125993  66.622125993  66.622125993
54.2  94.3592713508  66.6148100792  66.6148100792  66.6148100792
54.3  94.3181810692  66.6073341065  66.6073341065  66.6073341065
54.4  94.2771086809  66.5996967603  66.5996967603  66.5996967603
54.5  94.2360541783  66.5918967561  66.5918967561  66.5918967561
54.6  94.1950175536  66.5839328395  66.5839328395  66.5839328395
54.7  94.1539987989  66.5758037858  66.5758037858  66.5758037858
54.8  94.1129979065  66.5675084001  66.5675084001  66.5675084001
54.9  94.0720148686  66.559045517  66.559045517  66.559045517
55.0  94.0310496774  66.550414001  66.550414001  66.550414001
55.1  93.9901023252  66.5416127454  66.5416127454  66.5416127454
55.2  93.9491728042  66.5326406733  66.5326406733  66.5326406733
55.3  93.9082611066  66.5234967365  66.5234967365  66.5234967365
55.4  93.8673672247  66.5141799161  66.5141799161  66.5141799161
55.5  93.8264911507  66.5046892219  66.5046892219  66.5046892219
55.6  93.7856328768  66.4950236925  66.4950236925  66.4950236925
55.7  93.7447923954  66.4851823952  66.4851823952  66.4851823952
55.8  93.7039696985  66.4751644257  66.4751644257  66.4751644257
55.9  93.6631647786  66.4649689082  66.4649689082  66.4649689082
56.0  93.6223776279  66.4545949948  66.4545949948  66.4545949948
56.1  93.5816082386  66.4440418662  66.4440418662  66.4440418662
56.2  93.540856603  66.4333087306  66.4333087306  66.4333087306
56.3  93.5001227134  66.4223948242  66.4223948242  66.4223948242
56.4  93.4594065619  66.4112994111  66.4112994111  66.4112994111
56.5  93.418708141  66.4000217827  66.4000217827  66.4000217827
56.6  93.3780274429  66.3885612578  66.3885612578  66.3885612578
56.7  93.3373644599  66.3769171827  66.3769171827  66.3769171827
56.8  93.2967191842  66.3650889307  66.3650889307  66.3650889307
56.9  93.2560916082  66.3530759021  66.3530759021  66.3530759021
57.0  93.2154817241  66.3408775241  66.3408775241  66.3408775241
57.1  93.1748895243  66.3284932507  66.3284932507  66.3284932507
57.2  93.1343150009  66.3159225623  66.3159225623  66.3159225623
57.3  93.0937581465  66.3031649658  66.3031649658  66.3031649658
57.4  93.0532189531  66.2902199946  66.2902199946  66.2902199946
57.5  93.0126974132  66.2770872079  66.2770872079  66.2770872079
57.6  92.9721935191  66.2637661911  66.2637661911  66.2637661911
57.7  92.9317072631  66.2502565554  66.2502565554  66.2502565554
57.8  92.8912386374  66.2365579378  66.2365579378  66.2365579378
57.9  92.8507876345  66.2226700007  66.2226700007  66.2226700007
58.0  92.8103542466  66.2085924321  66.2085924321  66.2085924321
58.1  92.7699384661  66.194324945  66.194324945  66.194324945
58.2  92.7295402853  66.1798672777  66.1798672777  66.1798672777
58.3  92.6891596966  66.1652191935  66.1652191935  66.1652191935
58.4  92.6487966923  66.1503804803  66.1503804803  66.1503804803
58.5  92.6084512646  66.1353509509  66.1353509509  66.1353509509
58.6  92.5681234061  66.1201304422  66.1201304422  66.1201304422
58.7  92.5278131089  66.104718816  66.104718816  66.104718816
58.8  92.4875203656  66.0891159578  66.0891159578  66.0891159578
58.9  92.4472451684  66.0733217773  66.0733217773  66.0733217773
59.0  92.4069875096  66.0573362082  66.0573362082  66.0573362082
59.1  92.3667473818  66.0411592078  66.0411592078  66.0411592078
59.2  92.3265247771  66.0247907569  66.0247907569  66.0247907569
59.3  92.286319688  66.0082308599  66.0082308599  66.0082308599
59.4  92.2461321069  65.9914795442  65.9914795442  65.9914795442
59.5  92.2059620261  65.9745368605  65.9745368605  65.9745368605
59.6  92.1658094381  65.9574028823  65.9574028823  65.9574028823
59.7  92.1256743351  65.9400777059  65.9400777059  65.9400777059
59.8  92.0855567096  65.9225614502  65.9225614502  65.9225614502
59.9  92.045456554  65.9048542565  65.9048542565  65.9048542565
60.0  92.0053738607  65.8869562885  65.8869562885  65.8869562885
60.0  92.0053738607  65.8869562885  65.8869562885  65.8869562885
60.1  91.965308622  65.868867732  65.868867732  65.868867732
60.2  91.9252608304  65.8505887945  65.8505887945  65.8505887945
60.3  91.8852304783  65.8321197057  65.8321197057  65.8321197057
60.4  91.845217558  65.8134607166  65.8134607166  65.8134607166
60.5  91.805222062  65.7946120998  65.7946120998  65.7946120998
60.6  91.7652439827  65.7755741493  65.7755741493  65.7755741493
60.7  91.7252833125  65.7563471799  65.7563471799  65.7563471799
60.8  91.6853400438  65.7369315276  65.7369315276  65.7369315276
60.9  91.645414169  65.7173275494  65.7173275494  65.7173275494
61.0  91.6055056807  65.6975356225  65.6975356225  65.6975356225
61.1  91.5656145711  65.6775561448  65.6775561448  65.6775561448
61.2  91.5257408328  65.6573895345  65.6573895345  65.6573895345
61.3  91.4858844581  65.6370362299  65.6370362299  65.6370362299
61.4  91.4460454396  65.6164966893  65.6164966893  65.6164966893
61.5  91.4062237696  65.5957713906  65.5957713906  65.5957713906
61.6  91.3664194406  65.5748608317  65.5748608317  65.5748608317
61.7  91.326632445  65.5537655296  65.5537655296  65.5537655296
61.8  91.2868627753  65.5324860207  65.5324860207  65.5324860207
61.9  91.247110424  65.5110228606  65.5110228606  65.5110228606
62.0  91.2073753835  65.4893766237  65.4893766237  65.4893766237
62.1  91.1676576463  65.4675479033  65.4675479033  65.4675479033
62.2  91.1279572048  65.4455373111  65.4455373111  65.4455373111
62.3  91.0882740515  65.4233454776  65.4233454776  65.4233454776
62.4  91.0486081788  65.4009730512  65.4009730512  65.4009730512
62.5  91.0089595794  65.3784206986  65.3784206986  65.3784206986
62.6  90.9693282455  65.3556891041  65.3556891041  65.3556891041
62.7  90.9297141698  65.3327789703  65.3327789703  65.3327789703
62.8  90.8901173447  65.3096910168  65.3096910168  65.3096910168
62.9  90.8505377626  65.2864259809  65.2864259809  65.2864259809
63.0  90.8109754161  65.2629846171  65.2629846171  65.2629846171
63.1  90.7714302977  65.2393676969  65.2393676969  65.2393676969
63.2  90.7319023998  65.2155760087  65.2155760087  65.2155760087
63.3  90.6923917151  65.1916103575  65.1916103575  65.1916103575
63.4  90.6528982358  65.1674715649  65.1674715649  65.1674715649
63.5  90.6134219547  65.143160469  65.143160469  65.143160469
63.6  90.5739628642  65.1186779239  65.1186779239  65.1186779239
63.7  90.5345209567  65.0940247996  65.0940247996  65.0940247996
63.8  90.4950962249  65.0692019823  65.0692019823  65.0692019823
63.9  90.4556886612  65.0442103735  65.0442103735  65.0442103735
64.0  90.4162982582  65.0190508904  65.0190508904  65.0190508904
64.1  90.3769250084  64.9937244654  64.9937244654  64.9937244654
64.2  90.3375689043  64.968232046  64.968232046  64.968232046
64.3  90.2982299385  64.9425745947  64.9425745947  64.9425745947
64.4  90.2589081034  64.9167530889  64.9167530889  64.9167530889
64.5  90.2196033917  64.8907685204  64.8907685204  64.8907685204
64.6  90.1803157959  64.8646218955  64.8646218955  64.8646218955
64.7  90.1410453085  64.8383142349  64.8383142349  64.8383142349
64.8  90.101791922  64.8118465732  64.8118465732  64.8118465732
64.9  90.0625556291  64.785219959  64.785219959  64.785219959
65.0  90.0233364223  64.7584354545  64.7584354545  64.7584354545
65.1  89.9841342941  64.7314941356  64.7314941356  64.7314941356
65.2  89.9449492371  64.7043970915  64.7043970915  64.7043970915
65.3  89.9057812439  64.6771454246  64.6771454246  64.6771454246
65.4  89.866630307  64.6497402504  64.6497402504  64.6497402504
65.5  89.8274964191  64.6221826972  64.6221826972  64.6221826972
65.6  89.7883795726  64.594473906  64.594473906  64.594473906
65.7  89.7492797602  64.5666150302  64.5666150302  64.5666150302
65.8  89.7101969745  64.5386072356  64.5386072356  64.5386072356
65.9  89.6711312079  64.5104517002  64.5104517002  64.5104517002
66.0  89.6320824532  64.4821496138  64.4821496138  64.4821496138
66.1  89.593050703  64.4537021783  64.4537021783  64.4537021783
66.2  89.5540359497  64.4251106069  64.4251106069  64.4251106069
66.3  89.5150381861  64.3963761245  64.3963761245  64.3963761245
66.4  89.4760574046  64.367499967  64.367499967  64.367499967
66.5  89.437093598  64.3384833817  64.3384833817  64.3384833817
66.6  89.3981467588  64.3093276267  64.3093276267  64.3093276267
66.7  89.3592168796  64.2800339707  64.2800339707  64.2800339707
66.8  89.3203039531  64.2506036932  64.2506036932  64.2506036932
66.9  89.2814079719  64.2210380839  64.2210380839  64.2210380839
67.0  89.2425289285  64.191338443  64.191338443  64.191338443
67.1  89.2036668157  64.1615060805  64.1615060805  64.1615060805
67.2  89.164821626  64.1315423163  64.1315423163  64.1315423163
67.3  89.125993352  64.1014484802  64.1014484802  64.1014484802
67.4  89.0871819865  64.0712259113  64.0712259113  64.0712259113
67.5  89.048387522  64.0408759582  64.0408759582  64.0408759582
67.6  89.0096099512  64.0103999785  64.0103999785  64.0103999785
67.7  88.9708492667  63.9797993392  63.9797993392  63.9797993392
67.8  88.9321054612  63.9490754157  63.9490754157  63.9490754157
67.9  88.8933785273  63.9182295923  63.9182295923  63.9182295923
68.0  88.8546684577  63.8872632617  63.8872632617  63.8872632617
68.1  88.815975245  63.8561778251  63.8561778251  63.8561778251
68.2  88.7772988819  63.8249746916  63.8249746916  63.8249746916
68.3  88.7386393611  63.7936552785  63.7936552785  63.7936552785
68.4  88.6999966751  63.7622210107  63.7622210107  63.7622210107
68.5  88.6613708168  63.7306733209  63.7306733209  63.7306733209
68.6  88.6227617787  63.6990136493  63.6990136493  63.6990136493
68.7  88.5841695536  63.6672434431  63.6672434431  63.6672434431
68.8  88.545594134  63.6353641569  63.6353641569  63.6353641569
68.9  88.5070355128  63.6033772523  63.6033772523  63.6033772523
69.0  88.4684936825  63.5712841974  63.5712841974  63.5712841974
69.1  88.429968636  63.5390864672  63.5390864672  63.5390864672
69.2  88.3914603657  63.506785543  63.506785543  63.506785543
69.3  88.3529688645  63.4743829124  63.4743829124  63.4743829124
69.4  88.3144941251  63.4418800691  63.4418800691  63.4418800691
69.5  88.2760361401  63.4092785129  63.4092785129  63.4092785129
69.6  88.2375949023  63.376579749  63.376579749  63.376579749
69.7  88.1991704044  63.3437852887  63.3437852887  63.3437852887
69.8  88.160762639  63.3108966483  63.3108966483  63.3108966483
69.9  88.1223715989  63.2779153497  63.2779153497  63.2779153497
70.0  88.0839972768  63.2448429197  63.2448429197  63.2448429197
70.1  88.0456396654  63.2116808901  63.2116808901  63.2116808901
70.2  88.0072987575  63.1784307975  63.1784307975  63.1784307975
70.3  87.9689745458  63.1450941831  63.1450941831  63.1450941831
70.4  87.9306670229  63.1116725927  63.1116725927  63.1116725927
70.5  87.8923761817  63.078167576  63.078167576  63.078167576
70.6  87.8541020149  63.0445806873  63.0445806873  63.0445806873
70.7  87.8158445151  63.0109134844  63.0109134844  63.0109134844
70.8  87.7776036753  62.9771675293  62.9771675293  62.9771675293
70.9  87.739379488  62.9433443873  62.9433443873  62.9433443873
71.0  87.701171946  62.9094456275  62.9094456275  62.9094456275
71.1  87.6629810422  62.8754728219  62.8754728219  62.8754728219
71.2  87.6248067692  62.841427546  62.841427546  62.841427546
71.3  87.5866491198  62.8073113782  62.8073113782  62.8073113782
71.4  87.5485080868  62.7731258996  62.7731258996  62.7731258996
71.5  87.5103836629  62.7388726942  62.7388726942  62.7388726942
71.6  87.472275841  62.7045533482  62.7045533482  62.7045533482
71.7  87.4341846137  62.6701694504  62.6701694504  62.6701694504
71.8  87.3961099738  62.6357225917  62.6357225917  62.6357225917
71.9  87.3580519142  62.6012143651  62.6012143651  62.6012143651
72.0  87.3200104275  62.5666463654  62.5666463654  62.5666463654
72.1  87.2819855067  62.5320201891  62.5320201891  62.5320201891
72.2  87.2439771444  62.4973374344  62.4973374344  62.4973374344
72.3  87.2059853335  62.4625997008  62.4625997008  62.4625997008
72.4  87.1680100667  62.4278085891  62.4278085891  62.4278085891
72.5  87.1300513369  62.3929657011  62.3929657011  62.3929657011
72.6  87.0921091368  62.3580726398  62.3580726398  62.3580726398
72.7  87.0541834593  62.3231310087  62.3231310087  62.3231310087
72.8  87.0162742971  62.2881424121  62.2881424121  62.2881424121
72.9  86.9783816431  62.2531084548  62.2531084548  62.2531084548
73.0  86.9405054901  62.2180307419  62.2180307419  62.2180307419
73.1  86.9026458309  62.1829108786  62.1829108786  62.1829108786
73.2  86.8648026582  62.1477504703  62.1477504703  62.1477504703
73.3  86.826975965  62.1125511223  62.1125511223  62.1125511223
73.4  86.7891657441  62.0773144394  62.0773144394  62.0773144394
73.5  86.7513719882  62.0420420262  62.0420420262  62.0420420262
73.6  86.7135946902  62.0067354868  62.0067354868  62.0067354868
73.7  86.675833843  61.9713964243  61.9713964243  61.9713964243
73.8  86.6380894393  61.9360264413  61.9360264413  61.9360264413
73.9  86.600361472  61.9006271391  61.9006271391  61.9006271391
74.0  86.562649934  61.8652001182  61.8652001182  61.8652001182
74.1  86.5249548182  61.8297469773  61.8297469773  61.8297469773
74.2  86.4872761172  61.7942693142  61.7942693142  61.7942693142
74.3  86.4496138241  61.7587687249  61.7587687249  61.7587687249
74.4  86.4119679316  61.7232468036  61.7232468036  61.7232468036
74.5  86.3743384327  61.6877051428  61.6877051428  61.6877051428
74.6  86.3367253201  61.6521453328  61.6521453328  61.6521453328
74.7  86.2991285868  61.6165689621  61.6165689621  61.6165689621
74.8  86.2615482255  61.5809776165  61.5809776165  61.5809776165
74.9  86.2239842293  61.5453728796  61.5453728796  61.5453728796
75.0  86.1864365909  61.5097563326  61.5097563326  61.5097563326
75.1  86.1489053032  61.4741295536  61.4741295536  61.4741295536
75.2  86.1113903592  61.4384941182  61.4384941182  61.4384941182
75.3  86.0738917516  61.402851599  61.402851599  61.402851599
75.4  86.0364094735  61.3672035653  61.3672035653  61.3672035653
75.5  85.9989435176  61.3315515832  61.3315515832  61.3315515832
75.6  85.9614938768  61.2958972157  61.2958972157  61.2958972157
75.7  85.9240605441  61.2602420219  61.2602420219  61.2602420219
75.8  85.8866435124  61.2245875576  61.2245875576  61.2245875576
75.9  85.8492427745  61.1889353745  61.1889353745  61.1889353745
76.0  85.8118583234  61.1532870207  61.1532870207  61.1532870207
76.1  85.7744901519  61.1176440401  61.1176440401  61.1176440401
76.2  85.7371382531  61.0820079723  61.0820079723  61.0820079723
76.3  85.6998026197  61.0463803529  61.0463803529  61.0463803529
76.4  85.6624832447  61.010762713  61.010762713  61.010762713
76.5  85.6251801211  60.9751565789  60.9751565789  60.9751565789
76.6  85.5878932417  60.9395634725  60.9395634725  60.9395634725
76.7  85.5506225995  60.9039849108  60.9039849108  60.9039849108
76.8  85.5133681874  60.8684224058  60.8684224058  60.8684224058
76.9  85.4761299983  60.8328774645  60.8328774645  60.8328774645
77.0  85.4389080253  60.7973515888  60.7973515888  60.7973515888
77.1  85.4017022611  60.7618462752  60.7618462752  60.7618462752
77.2  85.3645126988  60.7263630148  60.7263630148  60.7263630148
77.3  85.3273393313  60.6909032931  60.6909032931  60.6909032931
77.4  85.2901821515  60.6554685901  60.6554685901  60.6554685901
77.5  85.2530411524  60.6200603798  60.6200603798  60.6200603798
77.6  85.215916327  60.5846801304  60.5846801304  60.5846801304
77.7  85.1788076682  60.549329304  60.549329304  60.549329304
77.8  85.141715169  60.5140093568  60.5140093568  60.5140093568
77.9  85.1046388223  60.4787217385  60.4787217385  60.4787217385
78.0  85.0675786211  60.4434678924  60.4434678924  60.4434678924
78.1  85.0305345584  60.4082492556  60.4082492556  60.4082492556
78.2  84.9935066271  60.3730672582  60.3730672582  60.3730672582
78.3  84.9564948202  60.3379233239  60.3379233239  60.3379233239
78.4  84.9194991307  60.3028188694  60.3028188694  60.3028188694
78.5  84.8825195516  60.2677553046  60.2677553046  60.2677553046
78.6  84.8455560759  60.2327340323  60.2327340323  60.2327340323
78.7  84.8086086965  60.197756448  60.197756448  60.197756448
78.8  84.7716774064  60.1628239401  60.1628239401  60.1628239401
78.9  84.7347621987  60.1279378895  60.1279378895  60.1279378895
79.0  84.6978630663  60.0930996698  60.0930996698  60.0930996698
79.1  84.6609800022  60.0583106469  60.0583106469  60.0583106469
79.2  84.6241129995  60.0235721788  60.0235721788  60.0235721788
79.3  84.5872620511  59.9888856162  59.9888856162  59.9888856162
79.4  84.55042715  59.9542523013  59.9542523013  59.9542523013
79.5  84.5136082893  59.9196735687  59.9196735687  59.9196735687
79.6  84.476805462  59.8851507449  59.8851507449  59.8851507449
79.7  84.4400186611  59.8506851479  59.8506851479  59.8506851479
79.8  84.4032478795  59.8162780876  59.8162780876  59.8162780876
79.9  84.3664931104  59.7819308655  59.7819308655  59.7819308655
80.0  84.3297543468  59.7476447745  59.7476447745  59.7476447745
80.1  84.2930315817  59.7134210989  59.7134210989  59.7134210989
80.2  84.2563248081  59.6792611144  59.6792611144  59.6792611144
80.3  84.219634019  59.6451660879  59.6451660879  59.6451660879
80.4  84.1829592076  59.6111372772  59.6111372772  59.6111372772
80.5  84.1463003668  59.5771759313  59.5771759313  59.5771759313
80.6  84.1096574897  59.5432832902  59.5432832902  59.5432832902
80.7  84.0730305693  59.5094605845  59.5094605845  59.5094605845
80.8  84.0364195987  59.4757090357  59.4757090357  59.4757090357
80.9  83.999824571  59.4420298559  59.4420298559  59.4420298559
81.0  83.9632454792  59.4084242477  59.4084242477  59.4084242477
81.1  83.9266823163  59.3748934043  59.3748934043  59.3748934043
81.2  83.8901350754  59.3414385092  59.3414385092  59.3414385092
81.3  83.8536037497  59.3080607362  59.3080607362  59.3080607362
81.4  83.8170883321  59.2747612493  59.2747612493  59.2747612493
81.5  83.7805888157  59.2415412028  59.2415412028  59.2415412028
81.6  83.7441051936  59.2084017407  59.2084017407  59.2084017407
81.7  83.707637459  59.1753439973  59.1753439973  59.1753439973
81.8  83.6711856048  59.1423690966  59.1423690966  59.1423690966
81.9  83.6347496241  59.1094781525  59.1094781525  59.1094781525
82.0  83.5983295101  59.0766722684  59.0766722684  59.0766722684
82.1  83.5619252558  59.0439525377  59.0439525377  59.0439525377
82.2  83.5255368544  59.0113200431  59.0113200431  59.0113200431
82.3  83.4891642989  58.9787758567  58.9787758567  58.9787758567
82.4  83.4528075824  58.9463210404  58.9463210404  58.9463210404
82.5  83.416466698  58.9139566451  58.9139566451  58.9139566451
82.6  83.3801416388  58.881683711  58.881683711  58.881683711
82.7  83.343832398  58.8495032677  58.8495032677  58.8495032677
82.8  83.3075389687  58.8174163336  58.8174163336  58.8174163336
82.9  83.2712613439  58.7854239165  58.7854239165  58.7854239165
83.0  83.2349995168  58.7535270128  58.7535270128  58.7535270128
83.1  83.1987534804  58.7217266082  58.7217266082  58.7217266082
83.2  83.1625232281  58.6900236769  58.6900236769  58.6900236769
83.3  83.1263087527  58.658419182  58.658419182  58.658419182
83.4  83.0901100476  58.6269140754  58.6269140754  58.6269140754
83.5  83.0539271058  58.5955092976  58.5955092976  58.5955092976
83.6  83.0177599204  58.5642057775  58.5642057775  58.5642057775
83.7  82.9816084846  58.5330044328  58.5330044328  58.5330044328
83.8  82.9454727915  58.5019061693  58.5019061693  58.5019061693
83.9  82.9093528343  58.4709118817  58.4709118817  58.4709118817
84.0  82.8732486062  58.4400224524  58.4400224524  58.4400224524
84.1  82.8371601002  58.4092387526  58.4092387526  58.4092387526
84.2  82.8010873095  58.3785616415  58.3785616415  58.3785616415
84.3  82.7650302274  58.3479919665  58.3479919665  58.3479919665
84.4  82.7289888468  58.3175305629  58.3175305629  58.3175305629
84.5  82.6929631611  58.2871782543  58.2871782543  58.2871782543
84.6  82.6569531634  58.2569358523  58.2569358523  58.2569358523
84.7  82.6209588468  58.2268041563  58.2268041563  58.2268041563
84.8  82.5849802045  58.1967839536  58.1967839536  58.1967839536
84.9  82.5490172297  58.1668760193  58.1668760193  58.1668760193
85.0  82.5130699155  58.1370811165  58.1370811165  58.1370811165
85.1  82.4771382552  58.1073999958  58.1073999958  58.1073999958
85.2  82.4412222419  58.0778333956  58.0778333956  58.0778333956
85.3  82.4053218689  58.048382042  58.048382042  58.048382042
85.4  82.3694371292  58.0190466485  58.0190466485  58.0190466485
85.5  82.3335680161  57.9898279163  57.9898279163  57.9898279163
85.6  82.2977145228  57.960726534  57.960726534  57.960726534
85.7  82.2618766425  57.9317431779  57.9317431779  57.9317431779
85.8  82.2260543684  57.9028785115  57.9028785115  57.9028785115
85.9  82.1902476937  57.8741331857  57.8741331857  57.8741331857
86.0  82.1544566116  57.8455078388  57.8455078388  57.8455078388
86.1  82.1186811153  57.8170030964  57.8170030964  57.8170030964
86.2  82.082921198  57.7886195713  57.7886195713  57.7886195713
86.3  82.047176853  57.7603578636  57.7603578636  57.7603578636
86.4  82.0114480734  57.7322185606  57.7322185606  57.7322185606
86.5  81.9757348525  57.7042022368  57.7042022368  57.7042022368
86.6  81.9400371835  57.6763094535  57.6763094535  57.6763094535
86.7  81.9043550596  57.6485407596  57.6485407596  57.6485407596
86.8  81.8686884741  57.6208966907  57.6208966907  57.6208966907
86.9  81.8330374202  57.5933777696  57.5933777696  57.5933777696
87.0  81.7974018911  57.5659845059  57.5659845059  57.5659845059
87.1  81.7617818801  57.5387173963  57.5387173963  57.5387173963
87.2  81.7261773804  57.5115769246  57.5115769246  57.5115769246
87.3  81.6905883853  57.4845635612  57.4845635612  57.4845635612
87.4  81.655014888  57.4576777637  57.4576777637  57.4576777637
87.5  81.6194568817  57.4309199763  57.4309199763  57.4309199763
87.6  81.5839143598  57.4042906302  57.4042906302  57.4042906302
87.7  81.5483873154  57.3777901434  57.3777901434  57.3777901434
87.8  81.5128757418  57.3514189207  57.3514189207  57.3514189207
87.9  81.4773796324  57.3251773536  57.3251773536  57.3251773536
88.0  81.4418989803  57.2990658205  57.2990658205  57.2990658205
88.1  81.4064337788  57.2730846864  57.2730846864  57.2730846864
88.2  81.3709840212  57.2472343031  57.2472343031  57.2472343031
88.3  81.3355497008  57.2215150091  57.2215150091  57.2215150091
88.4  81.3001308109  57.1959271297  57.1959271297  57.1959271297
88.5  81.2647273446  57.1704709766  57.1704709766  57.1704709766
88.6  81.2293392954  57.1451468484  57.1451468484  57.1451468484
88.7  81.1939666565  57.1199550304  57.1199550304  57.1199550304
88.8  81.1586094212  57.0948957943  57.0948957943  57.0948957943
88.9  81.1232675828  57.0699693986  57.0699693986  57.0699693986
89.0  81.0879411346  57.0451760884  57.0451760884  57.0451760884
89.1  81.0526300698  57.0205160955  57.0205160955  57.0205160955
89.2  81.0173343818  56.995989638  56.995989638  56.995989638
89.3  80.9820540639  56.9715969211  56.9715969211  56.9715969211
89.4  80.9467891094  56.9473381361  56.9473381361  56.9473381361
89.5  80.9115395116  56.9232134613  56.9232134613  56.9232134613
89.6  80.8763052638  56.8992230612  56.8992230612  56.8992230612
89.7  80.8410863593  56.8753670872  56.8753670872  56.8753670872
89.8  80.8058827915  56.8516456773  56.8516456773  56.8516456773
89.9  80.7706945536  56.8280589558  56.8280589558  56.8280589558
90.0  80.735521639  56.8046070339  56.8046070339  56.8046070339
90.0  80.735521639  56.8046070339  56.8046070339  56.8046070339
90.1  80.7003640411  56.7812900091  56.7812900091  56.7812900091
90.2  80.6652217531  56.7581079659  56.7581079659  56.7581079659
90.3  80.6300947683  56.735060975  56.735060975  56.735060975
90.4  80.5949830802  56.7121490938  56.7121490938  56.7121490938
90.5  80.5598866821  56.6893723666  56.6893723666  56.6893723666
90.6  80.5248055672  56.6667308239  56.6667308239  56.6667308239
90.7  80.489739729  56.6442244831  56.6442244831  56.6442244831
90.8  80.4546891608  56.6218533482  56.6218533482  56.6218533482
90.9  80.4196538559  56.5996174098  56.5996174098  56.5996174098
91.0  80.3846338077  56.5775166451  56.5775166451  56.5775166451
91.1  80.3496290096  56.5555510182  56.5555510182  56.5555510182
91.2  80.3146394549  56.5337204796  56.5337204796  56.5337204796
91.3  80.2796651369  56.5120249667  56.5120249667  56.5120249667
91.4  80.2447060491  56.4904644036  56.4904644036  56.4904644036
91.5  80.2097621848  56.469038701  56.469038701  56.469038701
91.6  80.1748335374  56.4477477564  56.4477477564  56.4477477564
91.7  80.1399201002  56.4265914542  56.4265914542  56.4265914542
91.8  80.1050218666  56.4055696654  56.4055696654  56.4055696654
91.9  80.0701388301  56.3846822481  56.3846822481  56.3846822481
92.0  80.0352709839  56.3639290468  56.3639290468  56.3639290468
92.1  80.0004183215  56.3433098931  56.3433098931  56.3433098931
92.2  79.9655808362  56.3228246057  56.3228246057  56.3228246057
92.3  79.9307585215  56.3024729897  56.3024729897  56.3024729897
92.4  79.8959513708  56.2822548375  56.2822548375  56.2822548375
92.5  79.8611593774  56.2621699284  56.2621699284  56.2621699284
92.6  79.8263825347  56.2422180285  56.2422180285  56.2422180285
92.7  79.7916208362  56.2223988911  56.2223988911  56.2223988911
92.8  79.7568742752  56.2027122564  56.2027122564  56.2027122564
92.9  79.7221428452  56.1831578519  56.1831578519  56.1831578519
93.0  79.6874265395  56.1637353919  56.1637353919  56.1637353919
93.1  79.6527253517  56.144444578  56.144444578  56.144444578
93.2  79.618039275  56.125285099  56.125285099  56.125285099
93.3  79.5833683029  56.1062566307  56.1062566307  56.1062566307
93.4  79.5487124289  56.0873588365  56.0873588365  56.0873588365
93.5  79.5140716464  56.0685913667  56.0685913667  56.0685913667
93.6  79.4794459487  56.049953859  56.049953859  56.049953859
93.7  79.4448353294  56.0314459387  56.0314459387  56.0314459387
93.8  79.4102397818  56.0130672182  56.0130672182  56.0130672182
93.9  79.3756592994  55.9948172973  55.9948172973  55.9948172973
94.0  79.3410938757  55.9766957636  55.9766957636  55.9766957636
94.1  79.306543504  55.9587021919  55.9587021919  55.9587021919
94.2  79.2720081778  55.9408361446  55.9408361446  55.9408361446
94.3  79.2374878907  55.9230971719  55.9230971719  55.9230971719
94.4  79.2029826359  55.9054848114  55.9054848114  55.9054848114
94.5  79.168492407  55.8879985885  55.8879985885  55.8879985885
94.6  79.1340171975  55.8706380163  55.8706380163  55.8706380163
94.7  79.0995570007  55.8534025958  55.8534025958  55.8534025958
94.8  79.0651118102  55.8362918156  55.8362918156  55.8362918156
94.9  79.0306816194  55.8193051524  55.8193051524  55.8193051524
95.0  78.9962664218  55.8024420708  55.8024420708  55.8024420708
95.1  78.9618662109  55.7857020233  55.7857020233  55.7857020233
95.2  78.9274809801  55.7690844504  55.7690844504  55.7690844504
95.3  78.8931107229  55.7525887808  55.7525887808  55.7525887808
95.4  78.8587554327  55.7362144314  55.7362144314  55.7362144314
95.5  78.8244151032  55.7199608071  55.7199608071  55.7199608071
95.6  78.7900897277  55.7038273012  55.7038273012  55.7038273012
95.7  78.7557792998  55.6878132953  55.6878132953  55.6878132953
95.8  78.7214838129  55.6719181594  55.6719181594  55.6719181594
95.9  78.6872032605  55.6561412517  55.6561412517  55.6561412517
96.0  78.6529376361  55.6404819193  55.6404819193  55.6404819193
96.1  78.6186869333  55.6249394974  55.6249394974  55.6249394974
96.2  78.5844511455  55.6095133102  55.6095133102  55.6095133102
96.3  78.5502302662  55.5942026703  55.5942026703  55.5942026703
96.4  78.516024289  55.5790068792  55.5790068792  55.5790068792
96.5  78.4818332073  55.5639252271  55.5639252271  55.5639252271
96.6  78.4476570147  55.5489569932  55.5489569932  55.5489569932
96.7  78.4134957047  55.5341014455  55.5341014455  55.5341014455
96.8  78.3793492707  55.519357841  55.519357841  55.519357841
96.9  78.3452177064  55.5047254259  55.5047254259  55.5047254259
97.0  78.3111010052  55.4902034354  55.4902034354  55.4902034354
97.1  78.2769991607  55.475791094  55.475791094  55.475791094
97.2  78.2429121664  55.4614876154  55.4614876154  55.4614876154
97.3  78.2088400159  55.4472922027  55.4472922027  55.4472922027
97.4  78.1747827026  55.4332040485  55.4332040485  55.4332040485
97.5  78.1407402201  55.4192223347  55.4192223347  55.4192223347
97.6  78.106712562  55.4053462328  55.4053462328  55.4053462328
97.7  78.0726997218  55.3915749042  55.3915749042  55.3915749042
97.8  78.038701693  55.3779074997  55.3779074997  55.3779074997
97.9  78.0047184692  55.3643431601  55.3643431601  55.3643431601
98.0  77.970750044  55.350881016  55.350881016  55.350881016
98.1  77.9367964108  55.3375201878  55.3375201878  55.3375201878
98.2  77.9028575634  55.3242597862  55.3242597862  55.3242597862
98.3  77.8689334951  55.3110989119  55.3110989119  55.3110989119
98.4  77.8350241997  55.2980366558  55.2980366558  55.2980366558
98.5  77.8011296706  55.2850720989  55.2850720989  55.2850720989
98.6  77.7672499014  55.2722043128  55.2722043128  55.2722043128
98.7  77.7333848857  55.2594323593  55.2594323593  55.2594323593
98.8  77.6995346171  55.2467552911  55.2467552911  55.2467552911
98.9  77.6656990891  55.234172151  55.234172151  55.234172151
99.0  77.6318782954  55.2216819728  55.2216819728  55.2216819728
99.1  77.5980722295  55.2092837812  55.2092837812  55.2092837812
99.2  77.564280885  55.1969765913  55.1969765913  55.1969765913
99.3  77.5305042555  55.1847594096  55.1847594096  55.1847594096
99.4  77.4967423346  55.1726312334  55.1726312334  55.1726312334
99.5  77.4629951158  55.1605910513  55.1605910513  55.1605910513
99.6  77.4292625928  55.1486378428  55.1486378428  55.1486378428
99.7  77.3955447592  55.1367705791  55.1367705791  55.1367705791
99.8  77.3618416086  55.1249882226  55.1249882226  55.1249882226
99.9  77.3281531346  55.1132897271  55.1132897271  55.1132897271
100.0  77.2944793307  55.1016740381  55.1016740381  55.1016740381
100.1  77.2608201907  55.0901400929  55.0901400929  55.0901400929
100.2  77.2271757081  55.0786868204  55.0786868204  55.0786868204
100.3  77.1935458765  55.0673131413  55.0673131413  55.0673131413
100.4  77.1599306896  55.0560179686  55.0560179686  55.0560179686
100.5  77.126330141  55.0448002069  55.0448002069  55.0448002069
100.6  77.0927442242  55.0336587533  55.0336587533  55.0336587533
100.7  77.059172933  55.022592497  55.022592497  55.022592497
100.8  77.025616261  55.0116003198  55.0116003198  55.0116003198
100.9  76.9920742018  55.0006810955  55.0006810955  55.0006810955

#SVE monte-carlo points sigmaR (r, sigmaR_med, sigmaR_std)
25.2  109.131256845  0.0
28.7  107.375830782  0.0
32.1  105.697602113  0.0
35.6  103.997407952  0.0
39.1  102.324562191  0.0
42.6  100.678624916  0.0
46.1  99.0591632944  0.0
49.6  97.4657514515  0.0
53.1  95.8979703652  0.0
56.6  94.355407753  0.0
60.0  92.8806815578  0.0
63.5  91.386653413  0.0
67.0  89.9166573925  0.0
70.5  88.4703069289  0.0
74.0  87.0472216724  0.0
77.5  85.6470273916  0.0
81.0  84.2693558748  0.0
84.5  82.9138448329  0.0
88.0  81.5801378047  0.0
91.4  80.3050824677  0.0
94.9  79.0133385725  0.0
98.4  77.7423729673  0.0

#SVE monte-carlo points sigmaZ (r, sigmaZ_med, sigmaZ_std)
25.6  76.2330755229  0.0
29.1  72.276022044  0.0
32.5  69.7244185176  0.0
36.0  68.1372715842  0.0
39.5  67.3085405394  0.0
43.0  66.9614767897  0.0
46.5  66.8573786236  0.0
50.0  66.8047057277  0.0
53.5  66.6627376743  0.0
57.0  66.3408775241  0.0
60.4  65.8134607166  0.0
63.9  65.0442103735  0.0
67.4  64.0712259113  0.0
70.9  62.9433443873  0.0
74.4  61.7232468036  0.0
77.9  60.4787217385  0.0
81.4  59.2747612493  0.0
84.9  58.1668760193  0.0
88.4  57.1959271297  0.0
91.8  56.4055696654  0.0
95.3  55.7525887808  0.0
98.8  55.2467552911  0.0

#SVE monte-carlo points sigmaPhi (r, sigmaPhi_med, sigmaPhi_std)
26.1  75.5746814004  0.0
29.6  71.8274432562  0.0
33.0  69.4400298476  0.0
36.5  67.9792332659  0.0
40.0  67.2355053236  0.0
43.5  66.936736195  0.0
47.0  66.8505432125  0.0
50.5  66.7925351371  0.0
54.0  66.6292831926  0.0
57.5  66.2770872079  0.0
60.9  65.7173275494  0.0
64.4  64.9167530889  0.0
67.9  63.9182295923  0.0
71.4  62.7731258996  0.0
74.9  61.5453728796  0.0
78.4  60.3028188694  0.0
81.9  59.1094781525  0.0
85.4  58.0190466485  0.0
88.9  57.0699693986  0.0
92.3  56.3024729897  0.0
95.8  55.6719181594  0.0
99.3  55.1847594096  0.0
