#Star points (r, v, dv)
99.1  228.220371535  31.9447088015
79.8  221.258063206  12.7983608981
62.0  225.45592558  11.0577838159
44.7  224.432056709  10.7506231544
29.0  215.114849974  10.9553969288
20.4  205.285708805  11.5697182519
13.8  167.300173659  13.6174559955
8.1  186.54890845  8.70288541068
3.8  104.844172477  8.49811163631
1.3  30.9208399297  8.80527229787
1.3  30.9208399297  8.80527229787
3.8  104.844172477  8.49811163631
8.1  186.54890845  8.70288541068
13.8  167.300173659  13.6174559955
20.4  205.285708805  11.5697182519
29.0  215.114849974  10.9553969288
44.7  224.432056709  10.7506231544
62.0  225.45592558  11.0577838159
79.8  221.258063206  12.7983608981
99.1  228.220371535  31.9447088015

#Star and gas polinom (r, p_star, p_gas)
1.3  30.2653594396  -89.3983947252
1.4  33.2071386926  -81.8898580477
1.5  36.196473253  -73.3966328712
1.6  39.2270500554  -64.0701474609
1.7  42.2928408359  -54.0492405077
1.8  45.3880935766  -43.4609360446
1.9  48.5073241394  -32.4211801651
2.0  51.6453080856  -21.0355410932
2.1  54.7970726776  -9.399874104
2.2  57.9578890606  2.39904725613
2.3  61.1232646212  14.2829322521
2.4  64.2889355197  26.1814049946
2.5  67.4508593927  38.0314661221
2.6  70.6052082249  49.7769828722
2.7  73.748361385  61.3682063274
2.8  76.8768988245  72.7613146636
2.9  79.9875944363  83.917981271
3.0  83.0774095697  94.8049666564
3.1  86.1434867001  105.393733078
3.2  89.1831432501  115.660080899
3.3  92.1938655591  125.583805682
3.4  95.1733030001  135.148375084
3.5  98.1192622389  144.340624658
3.6  101.029701636  153.150471664
3.7  103.902725785  161.57064608
3.8  106.736580192  169.596437979
3.9  109.52964608  177.22546052
4.0  112.280435333  184.457427781
4.1  114.987585568  191.293946733
4.2  117.649855327  197.738322663
4.3  120.266119399  203.795377369
4.4  122.835364264  209.471279509
4.5  125.356683655  214.77338648
4.6  127.829274235  219.710097235
4.7  130.252431396  224.290715495
4.8  132.62554516  228.525322787
4.9  134.948096206  232.424660817
5.0  137.21965199  236.000022662
5.1  139.439862982  239.263152311
5.2  141.608459005  242.226152099
5.3  143.725245672  244.9013976
5.4  145.790100932  247.301459555
5.5  147.802971705  249.439032441
5.6  149.763870622  251.326869291
5.7  151.672872853  252.977722408
5.8  153.530113031  254.40428962
5.9  155.335782265  255.619165739
6.0  157.090125244  256.634798908
6.1  158.793437429  257.463451541
6.2  160.446062321  258.117165543
6.3  162.048388828  258.607731564
6.4  163.600848698  258.946662002
6.5  165.103914046  259.145167503
6.6  166.558094947  259.214136746
6.7  167.963937111  259.16411925
6.8  169.322019638  259.005311012
6.9  170.632952836  258.74754277
7.0  171.897376118  258.400270683
7.1  173.115955966  257.972569253
7.2  174.289383967  257.473126318
7.3  175.418374909  256.910239941
7.4  176.503664951  256.291817046
7.5  177.546009851  255.625373643
7.6  178.546183258  254.91803652
7.7  179.504975066  254.176546244
7.8  180.423189828  253.407261373
7.9  181.301645226  252.616163743
8.0  182.141170599  251.808864723
8.1  182.942605529  250.990612339
8.2  183.706798475  250.166299169
8.3  184.434605468  249.340470906
8.4  185.12688885  248.51733552
8.5  185.784516069  247.700772923
8.6  186.40835852  246.894345068
8.7  186.999290431  246.101306422
8.8  187.558187806  245.324614722
8.9  188.085927401  244.56694198
9.0  188.583385752  243.830685662
9.1  189.051438243  243.117980003
9.2  189.490958217  242.430707389
9.3  189.902816131  241.770509786
9.4  190.28787874  241.138800156
9.5  190.647008337  240.536773833
9.6  190.981062013  239.96541981
9.7  191.290890965  239.425531929
9.8  191.577339838  238.917719921
9.9  191.841246094  238.442420284
10.0  192.083439428  237.999906974
10.1  192.304741203  237.590301879
10.2  192.505963927  237.213585073
10.3  192.687910755  236.869604814
10.4  192.851375021  236.558087295
10.5  192.997139806  236.278646108
10.6  193.125977524  236.030791436
10.7  193.238649541  235.813938942
10.8  193.335905823  235.627418369
10.9  193.418484601  235.470481823
11.0  193.487112071  235.342311752
11.1  193.542502111  235.242028605
11.2  193.585356024  235.168698179
11.3  193.616362303  235.121338646
11.4  193.636196417  235.098927261
11.5  193.64552062  235.100406757
11.6  193.644983778  235.124691415
11.7  193.635221219  235.170672838
11.8  193.616854596  235.237225396
11.9  193.590491778  235.323211384
12.0  193.556726744  235.427485863
12.1  193.516139512  235.54890122
12.2  193.469296068  235.686311429
12.3  193.416748322  235.838576027
12.4  193.359034071  236.004563824
12.5  193.296676986  236.183156332
12.6  193.230186601  236.373250932
12.7  193.160058326  236.573763793
12.8  193.08677347  236.783632539
12.9  193.010799269  237.00181867
13.0  192.932588938  237.227309763
13.1  192.852581726  237.459121444
13.2  192.771202983  237.696299141
13.3  192.688864241  237.937919636
13.4  192.605963299  238.183092419
13.5  192.522884322  238.430960846
13.6  192.439997949  238.680703126
13.7  192.357661407  238.931533121
13.8  192.276218631  239.182700995
13.9  192.196000402  239.433493698
14.0  192.117324476  239.683235307
14.1  192.040495738  239.931287225
14.2  191.965806346  240.177048243
14.3  191.893535893  240.41995449
14.4  191.823951566  240.659479253
14.5  191.75730832  240.895132699
14.6  191.693849047  241.126461487
14.7  191.633804755  241.353048295
14.8  191.577394754  241.57451125
14.9  191.524826837  241.790503282
15.0  191.476297476  242.00071141
15.1  191.431992012  242.204855951
15.2  191.392084852  242.402689671
15.3  191.356739672  242.59399689
15.4  191.326109616  242.778592522
15.5  191.300337503  242.956321089
15.6  191.279556032  243.127055682
15.7  191.263887993  243.290696898
15.8  191.253446475  243.447171749
15.9  191.248335076  243.596432545
16.0  191.248648122  243.738455756
16.1  191.254470875  243.873240874
16.2  191.265879746  244.000809243
16.3  191.282942517  244.121202907
16.4  191.305718549  244.234483433
16.5  191.334259  244.340730755
16.6  191.368607041  244.440042011
16.7  191.408798069  244.53253039
16.8  191.454859923  244.618323993
16.9  191.506813094  244.697564704
17.0  191.564670946  244.770407078
17.1  191.62843992  244.837017248
17.2  191.698119749  244.897571854
17.3  191.773703669  244.952256989
17.4  191.855178626  245.00126718
17.5  191.942525482  245.044804379
17.6  192.035719225  245.083077001
17.7  192.134729169  245.116298975
17.8  192.239519158  245.144688833
17.9  192.350047767  245.168468829
18.0  192.4662685  245.187864092
18.1  192.588129987  245.203101805
18.2  192.715576175  245.214410427
18.3  192.848546526  245.222018944
18.4  192.986976202  245.226156154
18.5  193.130796252  245.227049991
18.6  193.279933801  245.224926881
18.7  193.43431223  245.22001113
18.8  193.593851354  245.21252436
18.9  193.758467601  245.202684961
19.0  193.928074186  245.190707595
19.1  194.102581284  245.176802727
19.2  194.281896195  245.161176192
19.3  194.465923514  245.144028791
19.4  194.654565293  245.125555929
19.5  194.847721196  245.105947282
19.6  195.045288667  245.085386493
19.7  195.247163071  245.064050905
19.8  195.453237858  245.04211132
19.9  195.663404699  245.019731793
20.0  195.877553642  244.997069452
20.1  196.095573245  244.974274346
20.2  196.317350721  244.951489327
20.3  196.542772069  244.928849943
20.4  196.771722212  244.906484379
20.5  197.004085121  244.884513406
20.6  197.239743945  244.863050354
20.7  197.478581133  244.842201126
20.8  197.720478555  244.822064203
20.9  197.965317618  244.8027307
21.0  198.212979378  244.784284424
21.1  198.463344656  244.766801959
21.2  198.716294141  244.750352755
21.3  198.971708498  244.734999259
21.4  199.229468467  244.72079703
21.5  199.48945496  244.707794902
21.6  199.751549163  244.696035123
21.7  200.015632621  244.685553545
21.8  200.281587332  244.676379795
21.9  200.549295832  244.668537477
22.0  200.818641278  244.662044366
22.1  201.089507531  244.656912629
22.2  201.361779228  244.653149035
22.3  201.635341865  244.65075519
22.4  201.910081862  244.649727761
22.5  202.185886635  244.650058713
22.6  202.462644662  244.65173556
22.7  202.740245546  244.654741591
22.8  203.018580079  244.659056131
22.9  203.297540294  244.664654786
23.0  203.577019526  244.671509684
23.1  203.856912465  244.679589732
23.2  204.1371152  244.68886086
23.3  204.417525275  244.699286275
23.4  204.698041729  244.71082669
23.5  204.97856514  244.723440589
23.6  205.258997667  244.737084448
23.7  205.539243087  244.751712983
23.8  205.819206828  244.767279377
23.9  206.098796008  244.783735511
24.0  206.377919461  244.801032179
24.1  206.65648777  244.819119311
24.2  206.934413291  244.837946196
24.3  207.211610177  244.857461656
24.4  207.487994403  244.877614279
24.5  207.763483787  244.898352592
24.6  208.037998005  244.919625247
24.7  208.31145861  244.941381199
24.8  208.583789046  244.963569888
24.9  208.854914662  244.986141372
25.0  209.124762721  245.009046511
25.1  209.393262411  245.032237096
25.2  209.660344849  245.055666002
25.3  209.925943092  245.07928729
25.4  210.189992137  245.103056353
25.5  210.452428925  245.12693002
25.6  210.713192341  245.150866658
25.7  210.972223215  245.174826271
25.8  211.22946432  245.198770575
25.9  211.484860365  245.222663096
26.0  211.738357994  245.24646923
26.1  211.989905779  245.270156298
26.2  212.23945421  245.293693623
26.3  212.486955691  245.317052529
26.4  212.732364524  245.340206439
26.5  212.975636902  245.363130871
26.6  213.216730898  245.385803443
26.7  213.455606444  245.408203932
26.8  213.692225328  245.430314258
26.9  213.926551166  245.452118464
27.0  214.158549397  245.47360275
27.1  214.388187257  245.494755434
27.2  214.615433765  245.515566949
27.3  214.840259704  245.536029802
27.4  215.0626376  245.556138535
27.5  215.282541699  245.575889715
27.6  215.49994795  245.595281892
27.7  215.714833981  245.614315507
27.8  215.927179074  245.632992888
27.9  216.136964145  245.651318171
28.0  216.344171717  245.669297249
28.1  216.548785899  245.686937687
28.2  216.750792354  245.704248664
28.3  216.950178283  245.72124094
28.4  217.14693239  245.737926681
28.5  217.341044859  245.754319478
28.6  217.53250733  245.770434254
28.7  217.721312867  245.786287078
28.8  217.907455931  245.801895243
28.9  218.090932354  245.817277056
29.0  218.271739311  245.83245177
29.1  218.449875288  245.84743954
29.2  218.625340058  245.862261276
29.3  218.798134648  245.876938618
29.4  218.96826131  245.891493746
29.5  219.135723497  245.905949409
29.6  219.300525827  245.920328719
29.7  219.462674057  245.934655138
29.8  219.622175053  245.948952355
29.9  219.77903676  245.963244188
30.0  219.933268173  245.977554534
30.1  220.084879307  245.99190723
30.2  220.233881168  246.00632597
30.3  220.380285721  246.020834339
30.4  220.524105864  246.035455483
30.5  220.665355397  246.050212286
30.6  220.804048992  246.065127157
30.7  220.940202167  246.08022198
30.8  221.073831252  246.095518004
30.9  221.204953363  246.11103583
31.0  221.333586375  246.126795374
31.1  221.45974889  246.14281563
31.2  221.58346021  246.159114829
31.3  221.704740312  246.175710207
31.4  221.823609815  246.192618041
31.5  221.940089955  246.209853604
31.6  222.054202559  246.227431012
31.7  222.165970016  246.245363296
31.8  222.275415251  246.263662317
31.9  222.382561699  246.282338714
32.0  222.487433277  246.301401869
32.1  222.590054362  246.320859876
32.2  222.690449761  246.340719561
32.3  222.78864469  246.360986353
32.4  222.884664746  246.381664407
32.5  222.978535885  246.402756412
32.6  223.070284397  246.424263816
32.7  223.159936882  246.446186536
32.8  223.247520229  246.468523121
32.9  223.333061589  246.491270839
33.0  223.416588356  246.51442543
33.1  223.498128146  246.537981272
33.2  223.577708771  246.561931373
33.3  223.655358221  246.58626741
33.4  223.731104643  246.610979607
33.5  223.804976319  246.636056994
33.6  223.87700165  246.661487138
33.7  223.94720913  246.687256376
33.8  224.015627334  246.713349848
33.9  224.082284895  246.739751347
34.0  224.147210488  246.76644353
34.1  224.210432809  246.793407984
34.2  224.271980563  246.820625017
34.3  224.331882442  246.848073916
34.4  224.390167114  246.875732948
34.5  224.446863199  246.903579422
34.6  224.501999264  246.931589663
34.7  224.5556038  246.959739067
34.8  224.607705209  246.98800227
34.9  224.658331793  247.016353145
35.0  224.707511735  247.044764813
35.1  224.755273093  247.073209534
35.2  224.80164378  247.101659273
35.3  224.846651556  247.130085225
35.4  224.890324013  247.158458244
35.5  224.932688567  247.186748495
35.6  224.973772445  247.214926204
35.7  225.013602673  247.242960825
35.8  225.052206069  247.270821877
35.9  225.08960923  247.298478612
36.0  225.125838524  247.32590016
36.1  225.160920083  247.353055605
36.2  225.194879788  247.379913972
36.3  225.227743271  247.406444651
36.4  225.259535896  247.432616698
36.5  225.290282761  247.458399947
36.6  225.320008684  247.483763931
36.7  225.348738201  247.508678844
36.8  225.376495559  247.533115272
36.9  225.403304706  247.557044135
37.0  225.429189291  247.580436855
37.1  225.454172656  247.603265538
37.2  225.478277833  247.6255029
37.3  225.501527536  247.64712229
37.4  225.523944161  247.668097656
37.5  225.545549778  247.688404031
37.6  225.566366131  247.708016959
37.7  225.586414636  247.72691308
37.8  225.605716373  247.745070089
37.9  225.624292086  247.762466111
38.0  225.642162185  247.779080961
38.1  225.659346735  247.794895072
38.2  225.675865465  247.809890083
38.3  225.691737757  247.824048961
38.4  225.706982652  247.837355476
38.5  225.721618845  247.849794892
38.6  225.735664687  247.86135352
38.7  225.749138182  247.87201922
38.8  225.762056991  247.881780521
38.9  225.774438428  247.890628122
39.0  225.786299462  247.898553013
39.1  225.79765672  247.905548595
39.2  225.808526484  247.911608853
39.3  225.818924695  247.916729536
39.4  225.828866953  247.92090745
39.5  225.838368519  247.92414101
39.6  225.847444315  247.926430017
39.7  225.85610893  247.927775363
39.8  225.864376618  247.928179987
39.9  225.872261302  247.92764739
40.0  225.879776576  247.926182762
40.1  225.886935708  247.923793135
40.2  225.893751642  247.92048604
40.3  225.900237002  247.91627117
40.4  225.906404096  247.911159212
40.5  225.912264913  247.905161455
40.6  225.917831135  247.898291911
40.7  225.923114136  247.890564643
40.8  225.928124982  247.881995464
40.9  225.932874443  247.872601106
41.0  225.937372989  247.862400159
41.1  225.941630799  247.851411072
41.2  225.945657761  247.83965523
41.3  225.94946348  247.827153501
41.4  225.953057277  247.813928118
41.5  225.9564482  247.800003459
41.6  225.959645021  247.785402786
41.7  225.962656245  247.770152563
41.8  225.965490114  247.754278638
41.9  225.968154608  247.737807942
42.0  225.970657453  247.720768176
42.1  225.973006127  247.703188499
42.2  225.975207856  247.685097518
42.3  225.977269631  247.666525555
42.4  225.979198201  247.647503149
42.5  225.981000086  247.62806099
42.6  225.982681576  247.608231118
42.7  225.984248739  247.588045265
42.8  225.985707425  247.567535523
42.9  225.987063269  247.546734335
43.0  225.988321699  247.525675472
43.1  225.989487937  247.504391072
43.2  225.990567006  247.482914642
43.3  225.991563733  247.461279682
43.4  225.992482756  247.439520027
43.5  225.993328527  247.417667829
43.6  225.994105314  247.395757652
43.7  225.994817215  247.373822151
43.8  225.995468149  247.351894339
43.9  225.996061871  247.330006252
44.0  225.996601973  247.30819193
44.1  225.997091888  247.286482391
44.2  225.997534894  247.264910201
44.3  225.997934121  247.243505944
44.4  225.998292554  247.222300642
44.5  225.998613034  247.201324109
44.6  225.998898269  247.180606539
44.7  225.999150831  247.160177828
44.8  225.999373166  247.140064655
44.9  225.999567594  247.120295519
45.0  225.999736317  247.100897973
45.1  225.999881419  247.08189616
45.2  226.000004872  247.06331716
45.3  226.000108539  247.04518339
45.4  226.00019418  247.0275204
45.5  226.000263453  247.010349017
45.6  226.000317919  246.993690929
45.7  226.000359044  246.977566511
45.8  226.000388207  246.961995674
45.9  226.000406697  246.946995519
46.0  226.000415724  246.932583829
46.1  226.000416414  246.918776852
46.2  226.000409819  246.905588574
46.3  226.000396918  246.893032437
46.4  226.000378617  246.88112167
46.5  226.000355759  246.869867048
46.6  226.000329121  246.85927821
46.7  226.000299417  246.849364498
46.8  226.000267306  246.84013162
46.9  226.000233391  246.831587812
47.0  226.000198219  246.823737245
47.1  226.000162291  246.816582682
47.2  226.000126057  246.810127458
47.3  226.000089926  246.80437204
47.4  226.00005426  246.799315929
47.5  226.000019384  246.794957191
47.6  225.999985582  246.791294304
47.7  225.999953107  246.788322413
47.8  225.999922173  246.786037821
47.9  225.999892965  246.784431084
48.0  225.999865639  246.783496397
48.1  225.999840322  246.783223903
48.2  225.999817116  246.783603129
48.3  225.9997961  246.784624215
48.4  225.999777329  246.786273235
48.5  225.999760838  246.788536636
48.6  225.999746645  246.79140229
48.7  225.999734746  246.794849279
48.8  225.999725128  246.798866703
48.9  225.999717756  246.803432568
49.0  225.999712588  246.808528211
49.1  225.999709565  246.814139485
49.2  225.999708624  246.820236095
49.3  225.999709685  246.826804857
49.4  225.999712665  246.833820218
49.5  225.999717474  246.841257876
49.6  225.99972401  246.849095464
49.7  225.999732173  246.857307569
49.8  225.999741855  246.865871027
49.9  225.999752944  246.874756783
50.0  225.999765326  246.883942313
50.1  225.999778888  246.893395122
50.2  225.999793511  246.903092852
50.3  225.999809078  246.913001567
50.4  225.999825472  246.92310156
50.5  225.999842578  246.933357445
50.6  225.999860279  246.943740499
50.7  225.999878461  246.954223454
50.8  225.999897015  246.964776371
50.9  225.999915831  246.975369904
51.0  225.999934802  246.985973105
51.1  225.999953827  246.996555748
51.2  225.999972807  247.007088414
51.3  225.999991647  247.017544106
51.4  226.000010255  247.027889522
51.5  226.000028547  247.038096256
51.6  226.000046439  247.048136751
51.7  226.000063853  247.057974214
51.8  226.000080721  247.06758944
51.9  226.00009697  247.076946837
52.0  226.000112542  247.086024774
52.1  226.000127378  247.094787588
52.2  226.000141425  247.103214223
52.3  226.000154637  247.111273191
52.4  226.000166971  247.118942792
52.5  226.000178391  247.12619164
52.6  226.000188864  247.132997733
52.7  226.000198364  247.139334282
52.8  226.00020687  247.145182414
52.9  226.000214362  247.15051422
53.0  226.000220831  247.155305544
53.1  226.000226265  247.159544967
53.2  226.000230664  247.163200911
53.3  226.000234028  247.166254393
53.4  226.00023636  247.168696234
53.5  226.000237672  247.170499152
53.6  226.000237975  247.171647566
53.7  226.000237286  247.172123449
53.8  226.000235625  247.171914462
53.9  226.000233017  247.171012757
54.0  226.000229486  247.169399008
54.1  226.000225062  247.167051387
54.2  226.000219778  247.163973034
54.3  226.000213669  247.160153852
54.4  226.000206771  247.155576533
54.5  226.000199125  247.150239624
54.6  226.00019077  247.14413285
54.7  226.000181749  247.137256414
54.8  226.000172109  247.129604644
54.9  226.000161894  247.121167079
55.0  226.00015115  247.111949754
55.1  226.000139926  247.1019452
55.2  226.000128273  247.091161258
55.3  226.000116237  247.079595475
55.4  226.000103868  247.067251987
55.5  226.000091218  247.054128747
55.6  226.000078335  247.040245083
55.7  226.000065269  247.025587286
55.8  226.000052071  247.010176255
55.9  226.000038789  246.994024912
56.0  226.000025471  246.977126714
56.1  226.000012167  246.959497522
56.2  225.999998922  246.941156077
56.3  225.999985781  246.922110199
56.4  225.999972791  246.902367897
56.5  225.999959994  246.881946436
56.6  225.999947435  246.860875134
56.7  225.999935148  246.839152821
56.8  225.999923179  246.816802194
56.9  225.999911562  246.793840518
57.0  225.999900333  246.770293304
57.1  225.999889526  246.746168798
57.2  225.999879173  246.721501044
57.3  225.999869304  246.69629564
57.4  225.999859946  246.670590642
57.5  225.999851125  246.644401571
57.6  225.999842863  246.617744622
57.7  225.999835185  246.590662575
57.8  225.999828111  246.563159868
57.9  225.999821651  246.535272154
58.0  225.999815826  246.507026965
58.1  225.999810648  246.478445909
58.2  225.999806125  246.449557192
58.3  225.99980227  246.420389043
58.4  225.999799083  246.390959253
58.5  225.99979657  246.361311693
58.6  225.999794734  246.331459065
58.7  225.999793575  246.30143156
58.8  225.999793087  246.271272663
58.9  225.999793268  246.240997321
59.0  225.99979411  246.210632999
59.1  225.999795608  246.180204637
59.2  225.999797747  246.149759454
59.3  225.999800518  246.119303732
59.4  225.999803903  246.088888388
59.5  225.999807888  246.058520346
59.6  225.999812455  246.02823925
59.7  225.999817587  245.998063846
59.8  225.999823265  245.968036794
59.9  225.999829462  245.938162453
60.0  225.999836155  245.908491888
60.1  225.999843323  245.879041097
60.2  225.999850939  245.849833099
60.3  225.999858975  245.820907296
60.4  225.999867407  245.792257124
60.5  225.999876199  245.763946927
60.6  225.999885328  245.735976444
60.7  225.999894762  245.708374473
60.8  225.999904472  245.681156725
60.9  225.999914421  245.654363585
61.0  225.999924586  245.627994413
61.1  225.999934926  245.602089091
61.2  225.999945414  245.576665171
61.3  225.999956021  245.551717579
61.4  225.999966704  245.52731331
61.5  225.99997744  245.503413141
61.6  225.999988196  245.480062971
61.7  225.999998934  245.457278983
61.8  226.000009628  245.435065704
61.9  226.000020246  245.413468507
62.0  226.000030755  245.392447302
62.1  226.00004113  245.372060221
62.2  226.000051336  245.352283574
62.3  226.000061341  245.33314587
62.4  226.000071127  245.314647318
62.5  226.000080664  245.296816228
62.6  226.000089917  245.279641866
62.7  226.000098873  245.263136337
62.8  226.000107498  245.247293392
62.9  226.000115775  245.232127168
63.0  226.000123681  245.217618076
63.1  226.000131191  245.203800669
63.2  226.000138291  245.190643326
63.3  226.000144961  245.178183763
63.4  226.000151182  245.166390295
63.5  226.000156944  245.155253928
63.6  226.000162227  245.144778293
63.7  226.000167022  245.134963835
63.8  226.000171316  245.125836148
63.9  226.000175101  245.117312369
64.0  226.000178367  245.109443847
64.1  226.000181107  245.102204794
64.2  226.000183322  245.095545228
64.3  226.000184998  245.089512339
64.4  226.000186139  245.084076759
64.5  226.000186744  245.079217657
64.6  226.000186813  245.074908938
64.7  226.000186349  245.071139661
64.8  226.000185358  245.067902825
64.9  226.000183836  245.065171421
65.0  226.000181805  245.062915162
65.1  226.000179257  245.061152321
65.2  226.000176211  245.059843433
65.3  226.000172676  245.058945242
65.4  226.000168657  245.058438488
65.5  226.000164183  245.058339537
65.6  226.000159251  245.058551109
65.7  226.000153892  245.059117746
65.8  226.000148106  245.060016736
65.9  226.000141925  245.061145591
66.0  226.000135364  245.062561916
66.1  226.000128443  245.064197308
66.2  226.000121177  245.06601113
66.3  226.000113595  245.067999492
66.4  226.000105717  245.070137172
66.5  226.00009756  245.072338559
66.6  226.000089155  245.074635775
66.7  226.000080526  245.076989937
66.8  226.000071698  245.079335195
66.9  226.000062688  245.081658658
67.0  226.000053533  245.083894085
67.1  226.000044249  245.086104934
67.2  226.000034868  245.088174685
67.3  226.000025416  245.090051659
67.4  226.000015916  245.091786658
67.5  226.000006393  245.093266597
67.6  225.999996885  245.094549332
67.7  225.999987408  245.095468117
67.8  225.99997799  245.096122305
67.9  225.999968657  245.096376218
68.0  225.999959437  245.096201942
68.1  225.999950352  245.095712305
68.2  225.999941424  245.094640743
68.3  225.999932683  245.093153396
68.4  225.999924155  245.091112272
68.5  225.999915858  245.088533775
68.6  225.999907809  245.085365147
68.7  225.999900043  245.081493252
68.8  225.999892562  245.076950032
68.9  225.999885405  245.071784589
69.0  225.999878584  245.06587842
69.1  225.999872116  245.059221758
69.2  225.999866011  245.051709148
69.3  225.999860304  245.043431079
69.4  225.999854994  245.034304526
69.5  225.999850096  245.024231793
69.6  225.999845624  245.013262854
69.7  225.999841591  245.001374022
69.8  225.999838015  244.988540078
69.9  225.999834891  244.974684989
70.0  225.999832237  244.959812339
70.1  225.99983005  244.943861059
70.2  225.999828342  244.92683586
70.3  225.999827117  244.908743137
70.4  225.999826382  244.889557517
70.5  225.999826124  244.869181644
70.6  225.999826361  244.847691822
70.7  225.999827066  244.824900243
70.8  225.99982827  244.801006082
70.9  225.999829942  244.775891688
71.0  225.999832087  244.749476845
71.1  225.999834695  244.721832021
71.2  225.999837762  244.692926972
71.3  225.999841275  244.662728042
71.4  225.999845232  244.631251314
71.5  225.999849611  244.598450299
71.6  225.999854409  244.564330933
71.7  225.999859594  244.528838146
71.8  225.999865184  244.492080184
71.9  225.999871128  244.453906691
72.0  225.999877427  244.414452709
72.1  225.999884067  244.373592845
72.2  225.999891019  244.331415011
72.3  225.999898265  244.287824776
72.4  225.999905783  244.242886058
72.5  225.999913563  244.196708954
72.6  225.999921571  244.149070948
72.7  225.999929793  244.100103952
72.8  225.999938199  244.049854726
72.9  225.999946768  243.998225168
73.0  225.999955485  243.945238792
73.1  225.999964309  243.89097257
73.2  225.999973226  243.835446267
73.3  225.999982203  243.778659324
73.4  225.999991216  243.720535866
73.5  226.000000251  243.661189934
73.6  226.000009278  243.600616254
73.7  226.000018259  243.538870652
73.8  226.000027187  243.475927939
73.9  226.000036016  243.411763551
74.0  226.000044749  243.346526809
74.1  226.000053339  243.280116903
74.2  226.000061764  243.212726773
74.3  226.000070005  243.144148878
74.4  226.000078041  243.074769961
74.5  226.000085848  243.004172427
74.6  226.000093392  242.932767654
74.7  226.000100672  242.860422739
74.8  226.000107645  242.787179392
74.9  226.000114311  242.71317818
75.0  226.000120643  242.638397032
75.1  226.000126626  242.562810932
75.2  226.000132234  242.486522129
75.3  226.000137442  242.409584591
75.4  226.000142259  242.332053085
75.5  226.000146668  242.25404772
75.6  226.000150642  242.175436063
75.7  226.000154189  242.096439159
75.8  226.00015726  242.017061139
75.9  226.000159899  241.937287655
76.0  226.00016204  241.857220585
76.1  226.000163713  241.776960546
76.2  226.000164933  241.696576441
76.3  226.000165638  241.616120556
76.4  226.000165883  241.535513673
76.5  226.000165624  241.454941932
76.6  226.000164889  241.374537972
76.7  226.000163644  241.294153954
76.8  226.000161949  241.213986565
76.9  226.000159766  241.134364878
77.0  226.000157093  241.054762317
77.1  226.000153966  240.975746214
77.2  226.000150385  240.897174031
77.3  226.000146353  240.819210635
77.4  226.000141882  240.74185912
77.5  226.000137009  240.665139231
77.6  226.000131721  240.589088537
77.7  226.000126034  240.514077285
77.8  226.00011996  240.439859118
77.9  226.000113545  240.36656376
78.0  226.000106766  240.294412254
78.1  226.000099688  240.22346292
78.2  226.000092288  240.153540807
78.3  226.000084633  240.08479757
78.4  226.000076702  240.017574297
78.5  226.000068544  239.951625538
78.6  226.000060173  239.887260318
78.7  226.000051618  239.824253266
78.8  226.000042894  239.762954586
78.9  226.000034047  239.703246176
79.0  226.000025116  239.645252293
79.1  226.000016081  239.589089074
79.2  226.000007007  239.534741901
79.3  225.999997915  239.4823167
79.4  225.999988783  239.431644121
79.5  225.999979732  239.383237295
79.6  225.999970719  239.336787542
79.7  225.999961796  239.292504754
79.8  225.999952969  239.250503757
79.9  225.999944331  239.210504784
80.0  225.99993583  239.172717184
80.1  225.999927534  239.137488554
80.2  225.999919464  239.104373976
80.3  225.999911645  239.073862005
80.4  225.999904104  239.045534718
80.5  225.999896843  239.019502273
80.6  225.999889916  238.996254858
80.7  225.999883333  238.975485492
80.8  225.99987712  238.956905914
80.9  225.999871298  238.941079805
81.0  225.999865896  238.927886747
81.1  225.999860925  238.916992855
81.2  225.999856373  238.908551466
81.3  225.999852273  238.90316366
81.4  225.999848652  238.899924372
81.5  225.999845546  238.899149435
81.6  225.999842947  238.901103659
81.7  225.999840838  238.905476601
81.8  225.999839243  238.91235779
81.9  225.999838188  238.92165243
82.0  225.999837661  238.933533902
82.1  225.999837657  238.947618985
82.2  225.999838186  238.96423903
82.3  225.999839275  238.983012721
82.4  225.999840861  239.00413817
82.5  225.999843024  239.027215362
82.6  225.99984568  239.052779114
82.7  225.999848889  239.080429786
82.8  225.999852582  239.109937411
82.9  225.999856788  239.141461193
83.0  225.999861483  239.174922751
83.1  225.999866669  239.210067808
83.2  225.999872318  239.24688486
83.3  225.999878378  239.285550167
83.4  225.999884882  239.325486296
83.5  225.999891786  239.367072858
83.6  225.999899075  239.409829425
83.7  225.99990674  239.454032393
83.8  225.999914736  239.499349387
83.9  225.999922981  239.545353774
84.0  225.99993158  239.592465863
84.1  225.999940408  239.639955738
84.2  225.999949478  239.688817608
84.3  225.999958708  239.738032353
84.4  225.999968127  239.787435498
84.5  225.999977647  239.837321158
84.6  225.999987288  239.887149519
84.7  225.999996965  239.936683927
84.8  226.000006708  239.986881368
84.9  226.000016435  240.036460832
85.0  226.000026109  240.085682646
85.1  226.000035699  240.134158262
85.2  226.00004518  240.18242929
85.3  226.000054513  240.229604067
85.4  226.000063709  240.275969785
85.5  226.000072654  240.321283419
85.6  226.000081324  240.364984796
85.7  226.000089707  240.407345695
85.8  226.000097854  240.448997267
85.9  226.000105579  240.488648292
86.0  226.000112945  240.526548179
86.1  226.000119915  240.562782582
86.2  226.000126438  240.597262626
86.3  226.000132501  240.629077028
86.4  226.000138034  240.659474559
86.5  226.000143097  240.68707069
86.6  226.000147593  240.712210528
86.7  226.000151555  240.735541715
86.8  226.000154952  240.756232975
86.9  226.000157697  240.77346891
87.0  226.000159863  240.789100289
87.1  226.000161385  240.80155542
87.2  226.000162314  240.811047288
87.3  226.000162599  240.81768983
87.4  226.000162178  240.821460055
87.5  226.000161196  240.822338576
87.6  226.000159469  240.821095146
87.7  226.000157138  240.815784084
87.8  226.000154184  240.808188249
87.9  226.000150567  240.797466066
88.0  226.000146283  240.783324567
88.1  226.000141433  240.766724437
88.2  226.000136008  240.748051828
88.3  226.000129959  240.725137489
88.4  226.000123385  240.699917557
88.5  226.000116205  240.672660549
88.6  226.000108551  240.643042279
88.7  226.000100353  240.609804647
88.8  226.000091812  240.57521986
88.9  226.000082752  240.537854127
89.0  226.000073345  240.497583146
89.1  226.000063593  240.456849473
89.2  226.000053429  240.41262934
89.3  226.000043138  240.368074447
89.4  226.000032519  240.321102619
89.5  226.000021788  240.27337403
89.6  226.000010818  240.224514887
89.7  225.99999979  240.174288522
89.8  225.999988821  240.123086419
89.9  225.99997776  240.071629395
90.0  225.99996676  240.019869601
90.1  225.99995583  239.968525824
90.2  225.999945064  239.915541975
90.3  225.999934547  239.864294627
90.4  225.999924254  239.81388954
90.5  225.999914257  239.763744692
90.6  225.999904621  239.714276672
90.7  225.999895437  239.666698247
90.8  225.999886679  239.619383698
90.9  225.999878436  239.575661478
91.0  225.999870709  239.531640477
91.1  225.99986355  239.492442099
91.2  225.999856999  239.45498223
91.3  225.999851184  239.419310515
91.4  225.999846018  239.386752268
91.5  225.999841627  239.357816654
91.6  225.999837922  239.331799131
91.7  225.999835118  239.309225474
91.8  225.999833131  239.290153381
91.9  225.999831914  239.274926246
92.0  225.999831559  239.264452774
92.1  225.999832069  239.256757159
92.2  225.999833517  239.254089758
92.3  225.999835794  239.255368051
92.4  225.999838929  239.260929972
92.5  225.999842961  239.27079061
92.6  225.999847856  239.285593662
92.7  225.999853518  239.304462262
92.8  225.999860172  239.326643211
92.9  225.999867556  239.354566368
93.0  225.99987568  239.38664784
93.1  225.999884468  239.421386044
93.2  225.999894165  239.461582213
93.3  225.999904458  239.504485033
93.4  225.999915298  239.551173329
93.5  225.99992671  239.602432649
93.6  225.999938646  239.655723145
93.7  225.999950937  239.710907723
93.8  225.999963732  239.769166873
93.9  225.999976805  239.830792134
94.0  225.999989993  239.892342237
94.1  226.00000357  239.958202372
94.2  226.000017037  240.021924849
94.3  226.000030586  240.08783937
94.4  226.000043941  240.153293196
94.5  226.000057202  240.218913026
94.6  226.000070128  240.281576763
94.7  226.000082897  240.344544426
94.8  226.000095152  240.404984142
94.9  226.000106826  240.465091211
95.0  226.000117916  240.518940656
95.1  226.000128417  240.571001335
95.2  226.000137989  240.619392453
95.3  226.000146896  240.662599512
95.4  226.000154626  240.700145794
95.5  226.000161603  240.730334013
95.6  226.000167393  240.755794315
95.7  226.000172059  240.77600135
95.8  226.000175585  240.789012189
95.9  226.000177986  240.794489238
96.0  226.000178923  240.792903073
96.1  226.000178721  240.782571467
96.2  226.000177037  240.764172381
96.3  226.000174116  240.739193305
96.4  226.00016973  240.703508206
96.5  226.000164053  240.662472369
96.6  226.000157048  240.610638861
96.7  226.000148644  240.553261363
96.8  226.000138936  240.488695204
96.9  226.000128073  240.415012524
97.0  226.000116061  240.334781117
97.1  226.000102919  240.250818268
97.2  226.000088585  240.158028794
97.3  226.000073413  240.067068347
97.4  226.000057478  239.968997747
97.5  226.000040726  239.871841359
97.6  226.000023449  239.769609577
97.7  226.000005631  239.671397177
97.8  225.999987304  239.573762738
97.9  225.999969033  239.481546233
98.0  225.999950863  239.390106395
98.1  225.999932905  239.312801386
98.2  225.999915287  239.240077224
98.3  225.999898072  239.177748897
98.4  225.999881757  239.130426156
98.5  225.999866227  239.096945398
98.6  225.999851704  239.080728334
98.7  225.999838692  239.080518687
98.8  225.999827192  239.101318713
98.9  225.999817206  239.141922866
99.0  225.99980914  239.203451932
99.1  225.999803006  239.293872597
99.2  225.999799193  239.400844927
99.3  225.99979753  239.533292549
99.4  225.99979814  239.688002457
99.5  225.999801368  239.861117796
99.6  225.999807081  240.050292283
99.7  225.99981519  240.260108648
99.8  225.999826389  240.479058578
99.9  225.999839701  240.701098155
100.0  225.999855526  240.919504735
100.1  225.999874087  241.131720208
100.2  225.999894643  241.314801822
100.3  225.999917445  241.464133467
100.4  225.999941917  241.563587012
100.5  225.999968241  241.591234698
100.6  225.999995609  241.530329553
100.7  226.000024144  241.348707245
100.8  226.000052896  241.027792409
100.9  226.000081955  240.529921078
101.0  226.00011032  239.81050981
101.1  226.000137877  238.833334995
101.2  226.000164  237.552086084
101.3  226.000187709  235.905440377
101.4  226.000208631  233.833330469
101.5  226.000226164  231.267461425
101.6  226.000239523  228.126440381
101.7  226.000248414  224.323521935
101.8  226.000251618  219.761208908
101.9  226.000249205  214.340627587
102.0  226.000240163  207.920419193
102.1  226.000223962  200.381643572
102.2  226.000200909  191.572038687
102.3  226.000170301  181.326494173
102.4  226.000132437  169.469536101
102.5  226.000087147  155.787784018
102.6  226.000035616  140.066809623
102.7  225.999977809  122.082286044
102.8  225.999915046  101.559113523
102.9  225.999849467  78.198780227
103.0  225.99978237  51.6982118133
103.1  225.999717146  21.6974140283
103.2  225.999656774  -12.1635938133
103.3  225.999605167  -50.3060633864
103.4  225.999567461  -93.1795782443
103.5  225.999549337  -141.269360861
103.6  225.999558436  -195.11338798
103.7  225.999602601  -255.277092245
103.8  225.999691015  -322.387228401
103.9  225.999835651  -397.138399715
104.0  226.000049389  -480.254291948
104.1  226.000346699  -572.530536671
104.2  226.000744738  -674.826914075
104.3  226.001263155  -788.06489359
104.4  226.001923633  -913.282276284
104.5  226.002751687  -1051.53876296
104.6  226.003774936  -1204.0076693
104.7  226.005025285  -1371.95064584
104.8  226.006538483  -1556.7306814
104.9  226.008354337  -1759.80779109
105.0  226.010517051  -1982.7748829
105.1  226.013077172  -2227.28178445
105.2  226.016088478  -2495.17757709
105.3  226.019613761  -2788.41386817
105.4  226.023720001  -3109.07544905
105.5  226.028483428  -3459.42144994
105.6  226.033985999  -3841.86219695
105.7  226.040320026  -4258.97006685
105.8  226.047585885  -4713.52845324
105.9  226.055895301  -5208.46408764
106.0  226.065369512  -5746.98784313
106.1  226.076142441  -6332.47252433
106.2  226.088361016  -6968.52962693
106.3  226.102185075  -7659.03992637
106.4  226.117790142  -8408.12428812
106.5  226.135366755  -9220.22164766
106.6  226.155124569  -10100.0247008
106.7  226.177289926  -11052.553083
106.8  226.202111395  -12083.1481891
106.9  226.229857022  -13197.5517878
107.0  226.2608188  -14401.8094288
107.1  226.295314997  -15702.4223753
107.2  226.333689224  -17106.2458374
107.3  226.376314664  -18620.6472544
107.4  226.423594173  -20253.4171359
107.5  226.47596538  -22012.823788
107.6  226.533899727  -23907.725439
107.7  226.597907568  -25947.4391617
107.8  226.668540309  -28141.9521613
107.9  226.746391782  -30501.7993496
108.0  226.832100531  -33038.2149329
108.1  226.926358114  -35763.0593388
108.2  227.02990654  -38688.9899212
108.3  227.143545548  -41829.3720517
108.4  227.268133449  -45198.390771
108.5  227.404593411  -48811.0795827
108.6  227.553917758  -52683.3736782
108.7  227.717171551  -56832.1362755
108.8  227.895494419  -61275.2114294
108.9  228.090112355  -66031.5383399
109.0  228.302335666  -71121.0864569
109.1  228.533571319  -76565.0485744
109.2  228.785323504  -82385.7553112
109.3  229.059199846  -88606.9350174
109.4  229.356924012  -95253.5712261
109.5  229.680333162  -102352.091861
109.6  230.031396164  -109930.423724
109.7  230.412210313  -118018.073024
109.8  230.825018579  -126646.158571
109.9  231.272211106  -135847.60224
110.0  231.75633785  -145657.055889
110.1  232.280119174  -156111.153675
110.2  232.846452105  -167248.481337
110.3  233.458422881  -179109.81623
110.4  234.119316959  -191738.06781
110.5  234.832634411  -205178.519219
110.6  235.602095244  -219478.844921
110.7  236.431658347  -234689.302754
110.8  237.325529087  -250862.906147
110.9  238.288184039  -268055.344488
111.0  239.324368531  -286325.373386
111.1  240.43913344  -305734.795103
111.2  241.637831226  -326348.635329
111.3  242.926146594  -348235.363678
111.4  244.310113389  -371466.974677
111.5  245.796120871  -396119.243337
111.6  247.390954887  -422271.78382
111.7  249.101800049  -450008.348345
111.8  250.936269243  -479417.008333
111.9  252.902427695  -510590.207978
112.0  255.008815127  -543625.193506
112.1  257.264469261  -578624.111169
112.2  259.678957453  -615694.231775
112.3  262.262395512  -654948.144831
112.4  265.025486388  -696504.188616
112.5  267.979543999  -740486.480978
112.6  271.136529341  -787025.341152
112.7  274.509079206  -836257.582971
112.8  278.110545335  -888326.611476
112.9  281.955023562  -943382.970291
113.0  286.057403628  -1001584.45636
113.1  290.433398019  -1063096.76192
113.2  295.099591918  -1128093.2478
113.3  300.07347786  -1196755.96734
113.4  305.37350761  -1269275.5924
113.5  311.019140492  -1345851.90648
113.6  317.030888002  -1426694.29734
113.7  323.430370285  -1512022.06366
113.8  330.240367672  -1602064.97333
113.9  337.48487946  -1697063.5834
114.0  345.189177361  -1797269.71244
114.1  353.379877937  -1902947.22093
114.2  362.084998602  -2014371.98298
114.3  371.334025857  -2131832.96236
114.4  381.157988868  -2255632.44456
114.5  391.589526298  -2386086.67877
114.6  402.66297429  -2523526.64254
114.7  414.414431779  -2668298.2817
114.8  426.881853059  -2820763.46203
114.9  440.105137574  -2981300.6984
115.0  454.126207097  -3150305.62817
115.1  468.989111055  -3328191.72326
115.2  484.740124302  -3515391.2358
115.3  501.427845163  -3712355.87084
115.4  519.103298347  -3919557.67916
115.5  537.820058701  -4137489.70567
115.6  557.634354979  -4366666.96877
115.7  578.605198244  -4607627.45457
115.8  600.79449607  -4860932.94998
115.9  624.267202463  -5127170.1579
116.0  649.091434798  -5406951.46347
116.1  675.338624538  -5700916.17287
116.2  703.083660647  -6009731.49273
116.3  732.405055036  -6334093.90119
116.4  763.385082983  -6674729.98066
116.5  796.109953183  -7032397.97248
116.6  830.670006426  -7407888.66736
116.7  867.159850874  -7802027.09717
116.8  905.67858873  -8215673.63901
116.9  946.329985502  -8649725.57399
117.0  989.222685745  -9105118.44035
117.1  1034.47041292  -9582827.48284
117.2  1082.19219873  -10083869.5361
117.3  1132.51259489  -10609304.2882
117.4  1185.56191822  -11160236.3255
117.5  1241.47650484  -11737816.3177
117.6  1300.39893465  -12343243.6404
117.7  1362.47833533  -12977767.3239
117.8  1427.87061805  -13642689.0479
117.9  1496.73878609  -14339364.1325
118.0  1569.2532344  -15069204.212
118.1  1645.59203274  -15833679.3835
118.2  1725.94126281  -16634320.1414
118.3  1810.49534477  -17472720.0638
118.4  1899.45738437  -18350537.8262
118.5  1993.03952101  -19269500.2895
118.6  2091.46331048  -20231404.1143
118.7  2194.96009181  -21238119.2448
118.8  2303.77139397  -22291591.7517
118.9  2418.14935409  -23393845.8565
119.0  2538.35714973  -24546987.4715

#Gas points (r, v, dv)
0.0  0.0  0.1
5.0  236.0  0.1
10.0  238.0  0.1
15.0  242.0  0.1
20.0  245.0  0.1
25.0  245.0  0.1
30.0  246.0  0.1
35.0  247.0  0.1
40.0  248.0  0.1
45.0  247.0  0.1
50.0  247.0  0.1
55.0  247.0  0.1
60.0  246.0  0.1
65.0  245.0  0.1
70.0  245.0  0.1
75.0  241.0  3.0
90.0  243.0  3.0
72  240  1
73  240  1
74  240  1
75  240  1
76  240  1
77  240  1
78  240  1
79  240  1
80  240  1
81  240  1
82  240  1
83  240  1
84  240  1
85  240  1
86  240  1
87  240  1
88  240  1
