#SVE points (r, sigmaR, sigmaZ, sigmaPhi, sigmaMajRestored)
15.0  185.703244624  92.8516223118  203.254526809  150.956014862
29.0  148.870811265  74.4354056323  117.840985331  91.9403642807
29.1  148.545870927  74.2729354635  117.439727774  91.6580518657
29.2  148.221947868  74.1109739338  117.041472552  91.3779209223
29.3  147.899064332  73.9495321658  116.646208572  91.0999599971
29.4  147.577241961  73.7886209805  116.253924503  90.8241575062
29.5  147.256501796  73.6282508982  115.864608774  90.5505017406
29.6  146.936864277  73.4684321384  115.478249584  90.2789808713
29.7  146.618349241  73.3091746205  115.094834898  90.0095829542
29.8  146.300975929  73.1504879644  114.714352455  89.7422959347
29.9  145.984762983  72.9923814914  114.336789766  89.4771076517
30.0  145.669728449  72.8348642244  113.962134124  89.2140058422
30.0  145.669728449  72.8348642244  113.962134124  89.2140058422
30.1  145.355889779  72.6779448894  113.590372597  88.9529781447
30.2  145.043263831  72.5216319156  113.22149204  88.6940121035
30.3  144.731866874  72.3659334371  112.855479095  88.4370951714
30.4  144.421714587  72.2108572934  112.492320189  88.1822147135
30.5  144.112822061  72.0564110306  112.132001545  87.9293580102
30.6  143.805203806  71.9026019029  111.774509179  87.6785122601
30.7  143.498873746  71.749436873  111.419828903  87.4296645825
30.8  143.193845229  71.5969226145  111.067946332  87.1828020205
30.9  142.890131024  71.445065512  110.718846884  86.9379115429
31.0  142.587743327  71.2938716636  110.37251578  86.6949800468
31.1  142.286693763  71.1433468817  110.028938052  86.4539943595
31.2  141.986993389  70.9934966946  109.688098544  86.2149412408
31.3  141.688652697  70.8443263483  109.349981913  85.9778073846
31.4  141.391681616  70.695840808  109.014572634  85.7425794209
31.5  141.096089519  70.5480447597  108.681855001  85.5092439175
31.6  140.801885224  70.4009426121  108.35181313  85.2777873811
31.7  140.509076997  70.2545384984  108.024430965  85.0481962593
31.8  140.217672556  70.1088362778  107.699692277  84.8204569419
31.9  139.927679076  69.9638395381  107.377580665  84.5945557617
32.0  139.639103194  69.8195515969  107.058079567  84.3704789965
32.1  139.351951008  69.6759755041  106.741172253  84.1482128695
32.2  139.066228088  69.5331140438  106.426841834  83.9277435509
32.3  138.781939473  69.3909697364  106.115071264  83.7090571586
32.4  138.499089681  69.2495448405  105.80584334  83.4921397593
32.5  138.217682712  69.1088413558  105.499140708  83.2769773696
32.6  137.937722049  68.9688610244  105.194945863  83.0635559564
32.7  137.659210668  68.8296053339  104.893241155  82.8518614382
32.8  137.382151038  68.6910755192  104.594008788  82.6418796857
32.9  137.10654513  68.5532725651  104.297230825  82.4335965225
33.0  136.832394417  68.4161972087  104.002889192  82.2269977261
33.1  136.559699883  68.2798499417  103.710965678  82.0220690282
33.2  136.288462026  68.1442310132  103.421441939  81.8187961158
33.3  136.018680863  68.0093404317  103.134299501  81.6171646319
33.4  135.750355936  67.8751779682  102.849519765  81.4171601756
33.5  135.483486317  67.7417431586  102.567084003  81.2187683036
33.6  135.218070612  67.6090353061  102.28697337  81.0219745303
33.7  134.954106969  67.4770534844  102.009168898  80.8267643285
33.8  134.69159308  67.3457965398  101.733651506  80.6331231302
33.9  134.430526188  67.2152630942  101.460401999  80.4410363275
34.0  134.170903096  67.0854515482  101.189401072  80.2504892728
34.1  133.912720166  66.9563600832  100.920629311  80.0614672796
34.2  133.65597333  66.8279866648  100.654067199  79.8739556236
34.3  133.400658091  66.7003290454  100.389695117  79.6879395429
34.4  133.146769534  66.5733847671  100.127493346  79.503404239
34.5  132.894302329  66.4471511647  99.8674420729  79.3203348773
34.6  132.643250737  66.3216253684  99.6095213897  79.1387165884
34.7  132.393608615  66.1968043073  99.3537112993  78.9585344681
34.8  132.145369423  66.0726847115  99.0999917167  78.7797735789
34.9  131.898526232  65.949263116  98.8483424729  78.6024189504
35.0  131.653071726  65.8265358631  98.5987433172  78.4264555802
35.1  131.408998212  65.704499106  98.3511739202  78.2518684351
35.2  131.166297622  65.5831488112  98.1056138772  78.0786424516
35.3  130.924961524  65.4624807622  97.8620427105  77.9067625369
35.4  130.684981124  65.3424905622  97.6204398727  77.73621357
35.5  130.446347275  65.2231736374  97.3807847497  77.5669804027
35.6  130.209050481  65.1045252403  97.1430566635  77.3990478606
35.7  129.973080905  64.9865404524  96.907234875  77.2324007437
35.8  129.738428376  64.8692141878  96.6732985874  77.0670238284
35.9  129.505082393  64.7525411964  96.4412269489  76.9029018675
36.0  129.273032133  64.6365160667  96.2109990558  76.7400195923
36.1  129.042266459  64.5211332293  95.9825939553  76.5783617133
36.2  128.812773921  64.4063869603  95.7559906486  76.4179129213
36.3  128.584542768  64.292271384  95.531168094  76.2586578888
36.4  128.357560953  64.1787804767  95.3081052098  76.1005812716
36.5  128.131816139  64.0659080697  95.0867808774  75.9436677093
36.6  127.907295705  63.9536478525  94.8671739441  75.7879018273
36.7  127.683986753  63.8419933765  94.6492632264  75.6332682381
36.8  127.461876115  63.7309380575  94.4330275129  75.4797515422
36.9  127.24095036  63.6204751798  94.2184455671  75.32733633
37.0  127.021195798  63.510597899  94.005496131  75.1760071831
37.1  126.802598491  63.4012992454  93.7941579275  75.0257486759
37.2  126.585144255  63.2925721276  93.584409664  74.8765453768
37.3  126.368818671  63.1844093353  93.3762300349  74.7283818501
37.4  126.153607086  63.0768035429  93.1695977252  74.5812426572
37.5  125.939494626  62.969747313  92.964491413  74.4351123587
37.6  125.726466198  62.8632330992  92.7608897731  74.2899755154
37.7  125.5145065  62.75725325  92.5587714795  74.1458166906
37.8  125.303600023  62.6518000116  92.3581152088  74.0026204512
37.9  125.093731063  62.5468655316  92.1588996434  73.86037137
38.0  124.884883724  62.442441862  91.9611034739  73.7190540267
38.1  124.677041926  62.3385209629  91.764705403  73.5786530104
38.2  124.470189411  62.2350947053  91.5696841479  73.4391529209
38.3  124.26430975  62.1321548749  91.3760184436  73.3005383708
38.4  124.05938635  62.029693175  91.1836870459  73.162793987
38.5  123.85540246  61.9277012301  90.9926687345  73.0259044129
38.6  123.652341178  61.826170589  90.8029423161  72.88985431
38.7  123.450185456  61.7250927281  90.6144866272  72.7546283601
38.8  123.24891811  61.6244590549  90.4272805375  72.6202112667
38.9  123.048521822  61.5242609108  90.2413029524  72.4865877575
39.0  122.84897915  61.4244895749  90.0565328166  72.3537425861
39.1  122.650272533  61.3251362667  89.8729491168  72.2216605338
39.2  122.4523843  61.22619215  89.6905308849  72.090326412
39.3  122.255296671  61.1276483356  89.5092572006  71.9597250636
39.4  122.058991769  61.0294958844  89.329107195  71.8298413658
39.5  121.863451623  60.9317258114  89.1500600531  71.7006602314
39.6  121.668658176  60.834329088  88.9720950172  71.5721666111
39.7  121.474593292  60.7372966458  88.7951913894  71.4443454958
39.8  121.281238759  60.6406193794  88.619328535  71.3171819183
39.9  121.088576299  60.5442881497  88.4444858854  71.1906609555
40.0  120.896587574  60.4482937872  88.2706429407  71.0647677306
40.1  120.705254189  60.3526270947  88.097779273  70.939487415
40.2  120.514557702  60.257278851  87.9258745292  70.8148052306
40.3  120.324479627  60.1622398133  87.7549084341  70.6907064517
40.4  120.135001442  60.0675007211  87.5848607929  70.5671764072
40.5  119.946104597  59.9730522985  87.4157114946  70.4442004828
40.6  119.757770515  59.8788852576  87.2474405143  70.3217641229
40.7  119.569980603  59.7849903016  87.0800279166  70.1998528331
40.8  119.382716255  59.6913581275  86.9134538582  70.0784521819
40.9  119.195958859  59.5979794296  86.7476985907  69.957547803
41.0  119.009689804  59.5048449018  86.5827424636  69.8371253976
41.1  118.823890482  59.4119452411  86.4185659269  69.7171707361
41.2  118.638542301  59.3192711503  86.255149534  69.5976696608
41.3  118.453626682  59.2268133408  86.0924739445  69.4786080875
41.4  118.269125072  59.134562536  85.9305199267  69.3599720078
41.5  118.085018946  59.0425094732  85.7692683607  69.2417474914
41.6  117.901289815  58.9506449075  85.608700241  69.123920688
41.7  117.717919228  58.8589596139  85.4487966789  69.0064778294
41.8  117.534888781  58.7674443903  85.2895389055  68.8894052316
41.9  117.352180121  58.6760900605  85.1309082744  68.7726892972
42.0  117.169774953  58.5848874764  84.972886264  68.6563165169
42.1  116.987655043  58.4938275214  84.8154544803  68.5402734721
42.2  116.805802225  58.4029011125  84.6585946595  68.4245468367
42.3  116.624198407  58.3120992033  84.5022886706  68.3091233792
42.4  116.442825573  58.2214127865  84.3465185178  68.1939899649
42.5  116.261665793  58.1308328966  84.191266343  68.0791335576
42.6  116.080701225  58.0403506125  84.0365144284  67.9645412217
42.7  115.89991412  57.9499570599  83.8822451991  67.8502001248
42.8  115.719286828  57.8596434139  83.7284412251  67.7360975386
42.9  115.538801804  57.7694009018  83.5750852241  67.6222208418
43.0  115.35844161  57.6792208049  83.4221600637  67.5085575218
43.1  115.178188924  57.5890944618  83.2696487639  67.3950951762
43.2  114.99802654  57.49901327  83.1175344992  67.2818215155
43.3  114.817937378  57.4089686888  82.965800601  67.1687243643
43.4  114.637904483  57.3189522415  82.81443056  67.0557916637
43.5  114.457911036  57.2289555178  82.6634080281  66.9430114727
43.6  114.277940352  57.1389701759  82.5127168212  66.8303719705
43.7  114.09797589  57.048987945  82.3623409206  66.7178614581
43.8  113.918001255  56.9590006273  82.2122644757  66.60546836
43.9  113.738000201  56.8690001003  82.062471806  66.4931812263
44.0  113.557956638  56.7789783192  81.912947403  66.3809887342
44.1  113.377854637  56.6889273186  81.7636759325  66.2688796897
44.2  113.19767843  56.5988392148  81.6146422362  66.1568430295
44.3  113.017412416  56.5087062079  81.4658313344  66.0448678228
44.4  112.837041168  56.418520584  81.3172284271  65.9329432725
44.5  112.656549433  56.3282747167  81.1688188964  65.8210587172
44.6  112.475922139  56.2379610697  81.0205883083  65.7092036329
44.7  112.295144396  56.1475721982  80.8725224146  65.5973676342
44.8  112.114201502  56.0571007509  80.7246071545  65.4855404762
44.9  111.933078945  55.9665394723  80.5768286564  65.3737120559
45.0  111.751762408  55.8758812039  80.4291732398  65.2618724137
45.0  111.751762408  55.8758812039  80.4291732397  65.2618724137
45.1  111.570237773  55.7851188864  80.2816274167  65.1500117349
45.2  111.388491123  55.6942455613  80.1341778938  65.0381203511
45.3  111.206508746  55.6032543728  79.9868115733  64.9261887417
45.4  111.024277139  55.5121385693  79.8395155551  64.8142075352
45.5  110.84178301  55.4208915048  79.6922771383  64.7021675106
45.6  110.659013282  55.3295066412  79.5450838221  64.5900595987
45.7  110.475955099  55.2379775493  79.397923308  64.4778748835
45.8  110.292595821  55.1462979106  79.2507835009  64.3656046033
45.9  110.108923037  55.0544615186  79.1036525103  64.2532401519
46.0  109.924924561  54.9624622804  78.9565186518  64.14077308
46.1  109.740588437  54.8702942183  78.8093704485  64.0281950962
46.2  109.555902942  54.7779514709  78.6621966321  63.9154980684
46.3  109.370856589  54.6854282943  78.5149861439  63.8026740243
46.4  109.185438128  54.5927190641  78.3677281365  63.6897151531
46.5  108.999636552  54.4998182761  78.2204119743  63.5766138062
46.6  108.813441095  54.4067205474  78.0730272352  63.4633624982
46.7  108.626841237  54.3134206183  77.925563711  63.349953908
46.8  108.439826706  54.2199133528  77.7780114089  63.2363808796
46.9  108.25238748  54.1261937401  77.6303605521  63.122636423
47.0  108.064513791  54.0322568955  77.4826015809  63.008713715
47.1  107.876196123  53.9380980613  77.3347251535  62.8946061001
47.2  107.687425217  53.8437126084  77.1867221467  62.7803070914
47.3  107.498192073  53.7490960367  77.038583657  62.6658103709
47.4  107.308487952  53.6542439761  76.8903010007  62.5511097908
47.5  107.118304375  53.5591521876  76.7418657154  62.4361993737
47.6  106.927633128  53.4638165641  76.5932695598  62.3210733133
47.7  106.736466262  53.3682331311  76.4445045149  62.2057259751
47.8  106.544796095  53.2723980474  76.2955627842  62.0901518971
47.9  106.352615213  53.1763076064  76.1464367943  61.9743457898
48.0  106.159916472  53.0799582359  75.9971191955  61.8583025373
48.1  105.966692999  52.9833464995  75.8476028618  61.7420171973
48.2  105.772938194  52.8864690968  75.6978808916  61.6254850015
48.3  105.578645728  52.7893228642  75.5479466079  61.5087013563
48.4  105.383809551  52.6919047754  75.3977935584  61.3916618429
48.5  105.188423884  52.5942119418  75.2474155162  61.2743622173
48.6  104.992483226  52.4962416129  75.0968064792  61.1567984112
48.7  104.795982354  52.3979911771  74.9459606709  61.0389665315
48.8  104.598916323  52.2994581617  74.7948725401  60.9208628609
48.9  104.401280466  52.2006402332  74.6435367611  60.802483858
49.0  104.203070396  52.101535198  74.4919482336  60.6838261571
49.1  104.004282005  52.0021410024  74.3401020825  60.5648865685
49.2  103.804911466  51.9024557328  74.187993658  60.4456620784
49.3  103.604955232  51.8024776159  74.0356185354  60.3261498489
49.4  103.404410038  51.702205019  73.8829725146  60.206347218
49.5  103.2032729  51.6016364499  73.7300516202  60.0862516992
49.6  103.001541114  51.5007705572  73.5768521012  59.9658609816
49.7  102.79921226  51.39960613  73.4233704301  59.8451729297
49.8  102.596284197  51.2981420983  73.2696033031  59.724185583
49.9  102.392755065  51.1963775326  73.1155476396  59.6028971559
50.0  102.188623288  51.0943116441  72.9612005811  59.4813060371
50.1  101.983887569  50.9919437844  72.8065594915  59.3594107897
50.2  101.77854689  50.8892734452  72.6516219557  59.2372101504
50.3  101.572600517  50.7863002586  72.4963857795  59.1147030293
50.4  101.366047993  50.6830239963  72.3408489889  58.991888509
50.5  101.158889139  50.5794445696  72.1850098289  58.8687658449
50.6  100.951124059  50.4755620293  72.0288667632  58.7453344637
50.7  100.742753129  50.3713765647  71.8724184732  58.6215939637
50.8  100.533777008  50.266888504  71.715663857  58.4975441133
50.9  100.324196627  50.1620983133  71.5586020287  58.373184851
51.0  100.114013193  50.0570065964  71.4012323172  58.2485162844
51.1  99.9032281886  49.9516140943  71.2435542654  58.1235386894
51.2  99.6918433689  49.8459216845  71.0855676289  57.9982525097
51.3  99.479860761  49.7399303805  70.9272723752  57.8726583554
51.4  99.267282663  49.6336413315  70.7686686823  57.746757003
51.5  99.0541116423  49.5270558212  70.6097569374  57.6205493935
51.6  98.8403505351  49.4201752675  70.4505377362  57.4940366322
51.7  98.6260024437  49.3130012219  70.2910118808  57.3672199876
51.8  98.4110707364  49.2055353682  70.1311803792  57.24010089
51.9  98.1955590447  49.0977795223  69.9710444432  57.1126809307
52.0  97.9794712625  48.9897356312  69.8106054874  56.984961861
52.1  97.762811544  48.881405772  69.6498651278  56.8569455911
52.2  97.545584302  48.772792151  69.4888251799  56.7286341886
52.3  97.3277942062  48.6638971031  69.3274876575  56.6000298774
52.4  97.109446181  48.5547230905  69.1658547708  56.4711350369
52.5  96.8905454039  48.4452727019  69.003928925  56.3419522
52.6  96.671097303  48.3355486515  68.8417127188  56.2124840526
52.7  96.4511075554  48.2255537777  68.679208942  56.0827334313
52.8  96.2305820846  48.1152910423  68.5164205745  55.952703323
52.9  96.0095270586  48.0047635293  68.3533507838  55.8223968627
53.0  95.7879488872  47.8939744436  68.1900029238  55.6918173326
53.1  95.5658542201  47.78292711  68.0263805324  55.5609681602
53.2  95.343249944  47.671624972  67.86248733  55.429852917
53.3  95.1201431807  47.5600715903  67.698327217  55.2984753171
53.4  94.8965412838  47.4482706419  67.5339042723  55.166839215
53.5  94.6724518369  47.3362259184  67.369222751  55.0349486048
53.6  94.44788265  47.223941325  67.2042870824  54.902807618
53.7  94.2228417579  47.1114208789  67.0391018678  54.7704205218
53.8  93.9973374162  46.9986687081  66.8736718782  54.6377917178
53.9  93.7713780996  46.8856890498  66.7080020525  54.5049257399
54.0  93.544972498  46.772486249  66.542097495  54.3718272524
54.1  93.3181295142  46.6590647571  66.375963473  54.2385010488
54.2  93.0908582608  46.5454291304  66.2096054147  54.1049520492
54.3  92.8631680566  46.4315840283  66.0430289069  53.971185299
54.4  92.6350684243  46.3175342122  65.8762396925  53.8372059667
54.5  92.4065690867  46.2032845433  65.709243668  53.703019342
54.6  92.1776799636  46.0888399818  65.5420468811  53.5686308341
54.7  91.9484111688  45.9742055844  65.3746555285  53.4340459692
54.8  91.7187730063  45.8593865032  65.2070759529  53.2992703893
54.9  91.4887759675  45.7443879837  65.039314641  53.1643098491
55.0  91.2584307271  45.6292153635  64.8713782202  53.0291702148
55.1  91.0277481401  45.5138740701  64.7032734568  52.8938574617
55.2  90.7967392383  45.3983696191  64.5350072529  52.758377672
55.3  90.5654152262  45.2827076131  64.3665866435  52.6227370327
55.4  90.3337874782  45.1668937391  64.1980187945  52.4869418337
55.5  90.1018675342  45.0509337671  64.0293109994  52.3509984649
55.6  89.8696670961  44.9348335481  63.8604706766  52.214913415
55.7  89.6371980244  44.8185990122  63.6915053668  52.0786932683
55.8  89.4044723339  44.702236167  63.5224227302  51.942344703
55.9  89.1715021903  44.5857510952  63.3532305434  51.8058744887
56.0  88.938299906  44.469149953  63.1839366968  51.6692894843
56.1  88.7048779363  44.3524389681  63.0145491917  51.5325966353
56.2  88.4712488756  44.2356244378  62.845076137  51.3958029718
56.3  88.2374254532  44.1187127266  62.6755257468  51.2589156059
56.4  88.0034205295  44.0017102647  62.5059063372  51.1219417295
56.5  87.7692470916  43.8846235458  62.3362263231  50.9848886118
56.6  87.5349182495  43.7674591248  62.1664942154  50.8477635966
56.7  87.3004472321  43.6502236161  61.9967186183  50.7105741005
56.8  87.0658473826  43.5329236913  61.8269082255  50.5733276099
56.9  86.8311321546  43.4155660773  61.6570718178  50.4360316784
57.0  86.5963151079  43.2981575539  61.4872182596  50.298693925
57.1  86.3614099042  43.1807049521  61.3173564961  50.1613220308
57.2  86.1264303028  43.0632151514  61.1474955497  50.0239237372
57.3  85.8913901563  42.9456950781  60.9776445176  49.8865068426
57.4  85.6563034064  42.8281517032  60.807812568  49.7490792004
57.5  85.4211840793  42.7105920396  60.638008937  49.6116487164
57.6  85.1860462817  42.5930231408  60.4682429258  49.4742233458
57.7  84.9509041959  42.4754520979  60.298523897  49.3368110911
57.8  84.715772076  42.357886038  60.128861272  49.1994199992
57.9  84.4806642428  42.2403321214  59.9592645269  49.0620581588
58.0  84.2455950799  42.12279754  59.7897431902  48.9247336979
58.1  84.0105790291  42.0052895145  59.6203068389  48.7874547811
58.2  83.7756305855  41.8878152927  59.4509650953  48.6502296069
58.3  83.5407642935  41.7703821468  59.2817276241  48.5130664052
58.4  83.3059947422  41.6529973711  59.1126041289  48.3759734344
58.5  83.0713365605  41.5356682803  58.9436043487  48.238958979
58.6  82.8368044131  41.4184022065  58.7747380548  48.1020313466
58.7  82.6024129954  41.3012064977  58.6060150477  47.9651988656
58.8  82.3681770295  41.1840885147  58.4374451535  47.8284698823
58.9  82.134111259  41.0670556295  58.2690382205  47.6918527582
59.0  81.900230445  40.9501152225  58.1008041162  47.5553558673
59.1  81.666549361  40.8332746805  57.9327527238  47.4189875935
59.2  81.4330827889  40.7165413944  57.764893939  47.2827563278
59.3  81.1998455138  40.5999227569  57.5972376664  47.1466704657
59.4  80.9668523197  40.4834261599  57.4297938165  47.0107384045
59.5  80.7341179851  40.3670589926  57.2625723021  46.8749685405
59.6  80.5016572779  40.2508286389  57.0955830352  46.7393692663
59.7  80.2694849511  40.1347424755  56.9288359236  46.6039489682
59.8  80.0376157383  40.0188078692  56.7623408675  46.4687160234
59.9  79.8060643489  39.9030321745  56.5961077562  46.3336787974
60.0  79.5748454637  39.7874227319  56.4301464649  46.1988456413
60.0  79.5748454637  39.7874227319  56.4301464649  46.1988456413
60.1  79.3439737301  39.6719868651  56.2644668513  46.064224889
60.2  79.1134637576  39.5567318788  56.0990787523  45.9298248546
60.3  78.8833301133  39.4416650567  55.9339919807  45.7956538298
60.4  78.6535873174  39.3267936587  55.769216322  45.6617200811
60.5  78.4242498384  39.2121249192  55.604761531  45.528031847
60.6  78.1953320889  39.0976660445  55.4406373287  45.3945973359
60.7  77.9668484208  38.9834242104  55.2768533988  45.2614247227
60.8  77.7388131208  38.8694065604  55.1134193845  45.1285221467
60.9  77.5112404063  38.7556202031  54.9503448856  44.9958977089
61.0  77.2841444203  38.6420722101  54.7876394548  44.863559469
61.1  77.0575392274  38.5287696137  54.6253125948  44.7315154433
61.2  76.8314388094  38.4157194047  54.463373755  44.5997736018
61.3  76.6058570605  38.3029285302  54.3018323284  44.4683418657
61.4  76.3808077831  38.1904038916  54.1406976481  44.3372281047
61.5  76.1563046837  38.0781523419  53.9799789847  44.2064401347
61.6  75.9323613681  37.9661806841  53.8196855428  44.0759857151
61.7  75.7089913375  37.8544956687  53.659826458  43.9458725462
61.8  75.4862079836  37.7431039918  53.5004107939  43.8161082667
61.9  75.2640245851  37.6320122926  53.3414475386  43.6867004515
62.0  75.042454303  37.5212271515  53.1829456023  43.5576566089
62.1  74.8215101765  37.4107550883  53.0249138138  43.428984178
62.2  74.6012051187  37.3006025594  52.8673609176  43.1423812071
62.3  74.1173501625  37.0586750812  52.52306968  43.0459283939
62.4  73.9528386412  36.9764193206  52.4051094792  42.9496922608
62.5  73.7886922712  36.8943461356  52.2874308147  42.8536722964
62.6  73.624910242  36.812455121  52.1700327803  42.757867991
62.7  73.4614917447  36.7307458724  52.0529144759  42.6622788369
62.8  73.2984359726  36.6492179863  51.9360750075  42.5669043277
62.9  73.1357421206  36.5678710603  51.8195134867  42.4717439592
63.0  72.9734093852  36.4867046926  51.7032290311  42.3767972286
63.1  72.811436965  36.4057184825  51.5872207638  42.282063635
63.2  72.6498240601  36.3249120301  51.4714878139  42.1875426791
63.3  72.4885698728  36.2442849364  51.356029316  42.0932338631
63.4  72.3276736066  36.1638368033  51.24084441  41.9991366911
63.5  72.1671344672  36.0835672336  51.1259322415  41.9052506688
63.6  72.0069516618  36.0034758309  51.0112919616  41.8115753032
63.7  71.8471243997  35.9235621998  50.8969227265  41.7181101034
63.8  71.6876518915  35.8438259457  50.782823698  41.6248545797
63.9  71.5285333499  35.764266675  50.6689940427  41.531808244
64.0  71.3697679892  35.6848839946  50.5554329328  41.43897061
64.1  71.2113550255  35.6056775128  50.4421395454  41.3463411927
64.2  71.0532936766  35.5266468383  50.3291130627  41.2539195086
64.3  70.8955831621  35.4477915811  50.216352672  41.1617050759
64.4  70.7382227032  35.3691113516  50.1038575652  41.0696974142
64.5  70.581211523  35.2906057615  49.9916269396  40.9778960446
64.6  70.4245488462  35.2122744231  49.8796599968  40.8863004896
64.7  70.2682338992  35.1341169496  49.7679559437  40.7949102732
64.8  70.1122659102  35.0561329551  49.6565139914  40.703724921
64.9  69.9566441092  34.9783220546  49.5453333562  40.6127439597
65.0  69.8013677277  34.9006838638  49.4344132586  40.5219669177
65.1  69.646435999  34.8232179995  49.3237529238  40.4313933247
65.2  69.4918481581  34.745924079  49.2133515817  40.3410227118
65.3  69.3376034417  34.6688017209  49.1032084664  40.2508546115
65.4  69.1837010883  34.5918505442  48.9933228165  40.1608885577
65.5  69.0301403379  34.515070169  48.8836938752  40.0711240857
65.6  68.8769204323  34.4384602161  48.7743208897  39.981560732
65.7  68.7240406149  34.3620203075  48.6652031115  39.8921980345
65.8  68.5715001309  34.2857500655  48.5563397967  39.8030355326
65.9  68.4192982272  34.2096491136  48.4477302052  39.7140727667
66.0  68.2674341521  34.133717076  48.3393736011  39.6253092789
66.1  68.1159071558  34.0579535779  48.2312692528  39.5367446123
66.2  67.9647164902  33.9823582451  48.1234164325  39.4483783114
66.3  67.8138614087  33.9069307043  48.0158144166  39.360209922
66.4  67.6633411665  33.8316705832  47.9084624854  39.2722389911
66.5  67.5131550203  33.7565775101  47.801359923  39.1844650671
66.6  67.3633022286  33.6816511143  47.6945060175  39.0968876995
66.7  67.2137820515  33.6068910257  47.5879000609  39.0095064392
66.8  67.0645937507  33.5322968753  47.4815413489  38.9223208383
66.9  66.9157365895  33.4578682948  47.3754291811  38.8353304499
67.0  66.767209833  33.3836049165  47.2695628604  38.7485348287
67.1  66.6190127478  33.3095063739  47.163941694  38.6619335304
67.2  66.4711446022  33.2355723011  47.0585649923  38.5755261119
67.3  66.323604666  33.161802333  46.9534320693  38.4893121314
67.4  66.1763922107  33.0881961054  46.8485422429  38.4032911482
67.5  66.0295065095  33.0147532547  46.7438948342  38.3174627227
67.6  65.8829468371  32.9414734185  46.639489168  38.2318264168
67.7  65.7367124698  32.8683562349  46.5353245724  38.1463817933
67.8  65.5908026856  32.7954013428  46.431400379  38.0611284161
67.9  65.445216764  32.722608382  46.3277159228  37.9760658505
68.0  65.2999539862  32.6499769931  46.2242705421  37.8911936628
68.1  65.155013635  32.5775068175  46.1210635786  37.8065114205
68.2  65.0103949946  32.5051974973  46.0180943771  37.7220186921
68.3  64.8660973511  32.4330486755  45.915362286  37.6377150475
68.4  64.7221199919  32.3610599959  45.8128666565  37.5536000574
68.5  64.578462206  32.289231103  45.7106068433  37.4696732939
68.6  64.4351232843  32.2175616421  45.608582204  37.38593433
68.7  64.2921025189  32.1460512594  45.5067920997  37.3023827399
68.8  64.1493992036  32.0746996018  45.4052358941  37.2190180989
68.9  64.0070126339  32.0035063169  45.3039129543  37.1358399834
69.0  63.8649421066  31.9324710533  45.2028226503  37.0528479707
69.1  63.7231869203  31.8615934602  45.1019643553  36.9700416396
69.2  63.5817463751  31.7908731876  45.0013374451  36.8874205695
69.3  63.4406197726  31.7203098863  44.9009412988  36.8049843412
69.4  63.2998064159  31.6499032079  44.8007752981  36.7227325365
69.5  63.1593056098  31.5796528049  44.7008388279  36.640664738
69.6  63.0191166605  31.5095583302  44.6011312758  36.5587805297
69.7  62.8792388758  31.4396194379  44.5016520321  36.4770794965
69.8  62.7396715651  31.3698357825  44.4024004901  36.3955612244
69.9  62.6004140392  31.3002070196  44.3033760459  36.3142253002
70.0  62.4614656105  31.2307328052  44.2045780981  36.2330713121
70.1  62.322825593  31.1614127965  44.1060060483  36.1520988491
70.2  62.1844933021  31.092246651  44.0076593006  36.0713075013
70.3  62.0464680547  31.0232340274  43.9095372619  35.9906968596
70.4  61.9087491694  30.9543745847  43.8116393417  35.9102665164
70.5  61.7713359662  30.8856679831  43.713964952  35.8300160645
70.6  61.6342277665  30.8171138832  43.6165135076  35.7499450982
70.7  61.4974238934  30.7487119467  43.5192844258  35.6700532127
70.8  61.3609236713  30.6804618357  43.4222771264  35.5903400038
70.9  61.2247264263  30.6123632132  43.3254910317  35.5108050689
71.0  61.088831486  30.544415743  43.2289255666  35.4314480059
71.1  60.9532381792  30.4766190896  43.1325801584  35.352268414
71.2  60.8179458366  30.4089729183  43.0364542369  35.2732658931
71.3  60.68295379  30.341476895  42.9405472344  35.1944400443
71.4  60.5482613729  30.2741306865  42.8448585855  35.1157904696
71.5  60.4138679203  30.2069339602  42.7493877272  35.037316772
71.6  60.2797727686  30.1398863843  42.6541340988  34.9590185553
71.7  60.1459752557  30.0729876278  42.5590971422  34.8808954244
71.8  60.0124747209  30.0062373604  42.4642763014  34.8029469852
71.9  59.8792705051  29.9396352525  42.3696710228  34.7251728444
72.0  59.7463619505  29.8731809752  42.2752807549  34.6475726098
72.1  59.6137484009  29.8068742004  42.1811049489  34.57014589
72.2  59.4814292015  29.7407146007  42.0871430577  34.4928922947
72.3  59.349403699  29.6747018495  41.9933945368  34.4158114343
72.4  59.2176712414  29.6088356207  41.8998588439  34.3389029204
72.5  59.0862311783  29.5431155892  41.8065354386  34.2621663653
72.6  58.9550828608  29.4775414304  41.7134237829  34.1856013824
72.7  58.8242256412  29.4121128206  41.620523341  34.109207586
72.8  58.6936588735  29.3468294367  41.5278335791  34.0329845911
72.9  58.5633819129  29.2816909564  41.4353539655  33.956932014
73.0  58.4333941162  29.2166970581  41.3430839706  33.8810494715
73.1  58.3036948415  29.1518474208  41.251023067  33.8053365815
73.2  58.1742834485  29.0871417243  41.1591707293  33.729792963
73.3  58.0451592982  29.0225796491  41.067526434  33.6544182355
73.4  57.9163217529  28.9581608765  40.9760896599  33.5792120197
73.5  57.7877701766  28.8938850883  40.8848598875  33.5041739372
73.6  57.6595039345  28.8297519673  40.7938365995  33.4293036102
73.7  57.5315223933  28.7657611967  40.7030192806  33.354600662
73.8  57.4038249211  28.7019124605  40.6124074174  33.2800647169
73.9  57.2764108872  28.6382054436  40.5220004982  33.2056953999
74.0  57.1492796627  28.5746398314  40.4317980137  33.1314923369
74.1  57.0224306198  28.5112153099  40.3417994561  33.0574551547
74.2  56.8958631321  28.447931566  40.2520043198  32.983583481
74.3  56.7695765747  28.3847882874  40.1624121008  32.9098769443
74.4  56.6435703241  28.321785162  40.0730222972  32.8363351741
74.5  56.517843758  28.258921879  39.9838344089  32.7629578007
74.6  56.3923962558  28.1961981279  39.8948479375  32.6897444552
74.7  56.2672271979  28.1336135989  39.8060623865  32.6166947695
74.8  56.1423359663  28.0711679832  39.7174772614  32.5438083767
74.9  56.0177219445  28.0088609722  39.6290920691  32.4710849103
75.0  55.893384517  27.9466922585  39.5409063187  32.398524005
90.0  40.0502399081  20.0251199541  28.3219033867  23.1628722515
105.0  28.6978813425  14.3489406713  20.2927088929  16.5600217375
120.0  20.5633822778  10.2816911389  14.5405349345  11.8393931698
135.0  14.7346309526  7.36731547629  10.418960672  8.46443522059
150.0  10.558056373  5.27902818651  7.46567362642  6.05154863835
165.0  7.5653441701  3.78267208505  5.34950620713  4.32648368948
180.0  5.42092506329  2.71046253165  3.83317287744  3.09316874638
195.0  3.88434787382  1.94217393691  2.74664872262  2.21142469966
210.0  2.78331801836  1.39165900918  1.96810304504  1.58103213993
225.0  1.99437832114  0.99718916057  1.41023843514  1.13034037645

#SVE monte-carlo points sigmaR (r, sigmaR_med, sigmaR_std)
29.0  148.27488843  0.0
32.4  139.279963958  0.0
35.9  130.53007757  0.0
39.4  122.936331856  0.0
42.9  116.190646519  0.0
46.3  109.826484728  0.0
49.8  102.896928956  0.0
53.3  95.3114294061  0.0
56.8  87.1841122072  0.0
60.2  79.1861284183  0.0
63.7  71.9279521636  0.0
67.2  66.511032398  0.0
70.7  61.5020627946  0.0
74.2  56.8703204809  0.0

#SVE monte-carlo points sigmaZ (r, sigmaZ_med, sigmaZ_std)
29.4  73.6219931007  0.0
32.8  69.1150357403  0.0
36.3  64.8017968408  0.0
39.8  61.0668331845  0.0
43.3  57.7223517174  0.0
46.7  54.5311293089  0.0
50.2  51.0322659523  0.0
53.7  47.2020688425  0.0
57.2  43.1191026297  0.0
60.6  39.1319440575  0.0
64.1  35.6435972657  0.0
67.6  32.959265226  0.0
71.1  30.4770911909  0.0
74.6  28.1818505688  0.0

#SVE monte-carlo points sigmaPhi (r, sigmaPhi_med, sigmaPhi_std)
29.9  114.398253127  0.0
33.3  101.982804276  0.0
36.8  93.132644073  0.0
40.3  86.6790645972  0.0
43.8  81.4241105684  0.0
47.2  76.6405219685  0.0
50.7  71.514581539  0.0
54.2  65.9833399445  0.0
57.7  60.1593286656  0.0
61.1  54.5400510498  0.0
64.6  49.8499977785  0.0
68.1  46.0942877306  0.0
71.6  42.6222671296  0.0
90.0  28.2401488376  0.0
