#SVE points (r, sigmaR, sigmaZ, sigmaPhi, sigmaMajRestored)
10.0  120.368625306  104.116518323  104.116518323  104.116518323
10.1  119.887483327  103.675878321  103.675878321  103.675878321
10.2  119.399908221  103.229901662  103.229901662  103.229901662
10.3  118.906027051  102.778701726  102.778701726  102.778701726
10.4  118.405968862  102.322393495  102.322393495  102.322393495
10.5  117.89986457  101.861093451  101.861093451  101.861093451
10.6  117.387846847  101.394919479  101.394919479  101.394919479
10.7  116.870050009  100.923990769  100.923990769  100.923990769
10.8  116.346609911  100.448427723  100.448427723  100.448427723
10.9  115.81766384  99.9683518586  99.9683518586  99.9683518586
11.0  115.283350411  99.4838857243  99.4838857243  99.4838857243
11.1  114.743809466  98.995152806  98.995152806  98.995152806
11.2  114.199181974  98.5022774429  98.5022774429  98.5022774429
11.3  113.649609935  98.0053847422  98.0053847422  98.0053847422
11.4  113.095236284  97.5046004966  97.5046004966  97.5046004966
11.5  112.536204798  97.0000511031  97.0000511031  97.0000511031
11.6  111.972660005  96.4918634849  96.4918634849  96.4918634849
11.7  111.404747095  95.9801650138  95.9801650138  95.9801650138
11.8  110.832611836  95.465083435  95.465083435  95.465083435
11.9  110.256400483  94.946746794  94.946746794  94.946746794
12.0  109.6762597  94.4252833648  94.4252833648  94.4252833648
12.1  109.092336476  93.9008215799  93.9008215799  93.9008215799
12.2  108.504778049  93.3734899625  93.3734899625  93.3734899625
12.3  107.913731825  92.8434170598  92.8434170598  92.8434170598
12.4  107.319345304  92.3107313783  92.3107313783  92.3107313783
12.5  106.721766009  91.7755613209  91.7755613209  91.7755613209
12.6  106.121141408  91.2380351253  91.2380351253  91.2380351253
12.7  105.51761885  90.698280804  90.698280804  90.698280804
12.8  104.911345494  90.1564260865  90.1564260865  90.1564260865
12.9  104.302468242  89.6125983623  89.6125983623  89.6125983623
13.0  103.691133676  89.0669246258  89.0669246258  89.0669246258
13.1  103.077487991  88.519531423  88.519531423  88.519531423
13.2  102.461676938  87.9705447988  87.9705447988  87.9705447988
13.3  101.843845764  87.4200902472  87.4200902472  87.4200902472
13.4  101.224139148  86.8682926615  86.8682926615  86.8682926615
13.5  100.602701151  86.3152762868  86.3152762868  86.3152762868
13.6  99.9796751572  85.7611646738  85.7611646738  85.7611646738
13.7  99.3552038221  85.2060806338  85.2060806338  85.2060806338
13.8  98.7294290196  84.6501461953  84.6501461953  84.6501461953
13.9  98.1024917917  84.0934825616  84.0934825616  84.0934825616
14.0  97.4745323  83.53621007  83.53621007  83.53621007
14.1  96.8456897775  82.9784481528  82.9784481528  82.9784481528
14.2  96.2161024832  82.4203152982  82.4203152982  82.4203152982
14.3  95.5859076571  81.861929014  81.861929014  81.861929014
14.4  94.9552414769  81.3034057918  81.3034057918  81.3034057918
14.5  94.3242390164  80.7448610724  80.7448610724  80.7448610724
14.6  93.6930342051  80.1864092125  80.1864092125  80.1864092125
14.7  93.0617597888  79.6281634528  79.6281634528  79.6281634528
14.8  92.430547292  79.0702358873  79.0702358873  79.0702358873
14.9  91.7995269814  78.5127374331  78.5127374331  78.5127374331
15.0  91.1688278306  77.9557778023  77.9557778023  77.9557778023
15.0  91.1688278306  77.9557778023  77.9557778023  77.9557778023
15.1  90.5385774865  77.3994654742  77.3994654742  77.3994654742
15.2  89.9089022362  76.8439076693  76.8439076693  76.8439076693
15.3  89.2799269761  76.2892103237  76.2892103237  76.2892103237
15.4  88.651775181  75.735478065  75.735478065  75.735478065
15.5  88.0245688759  75.1828141895  75.1828141895  75.1828141895
15.6  87.3984286073  74.6313206396  74.6313206396  74.6313206396
15.7  86.7734734171  74.0810979829  74.0810979829  74.0810979829
15.8  86.1498208171  73.5322453921  73.5322453921  73.5322453921
15.9  85.5275867639  72.984860626  72.984860626  72.984860626
16.0  84.9068856365  72.4390400111  72.4390400111  72.4390400111
16.1  84.2878302132  71.8948784247  71.8948784247  71.8948784247
16.2  83.670531651  71.3524692782  71.3524692782  71.3524692782
16.3  83.0550994655  70.8119045022  70.8119045022  70.8119045022
16.4  82.4416415111  70.2732745317  70.2732745317  70.2732745317
16.5  81.830263964  69.7366682927  69.7366682927  69.7366682927
16.6  81.2210713041  69.2021731894  69.2021731894  69.2021731894
16.7  80.6141662999  68.6698750922  68.6698750922  68.6698750922
16.8  80.0096499923  68.1398583269  68.1398583269  68.1398583269
16.9  79.4076216813  67.6122056644  67.6122056644  67.6122056644
17.0  78.8081789125  67.0869983113  67.0869983113  67.0869983113
17.1  78.2114174645  66.5643159011  66.5643159011  66.5643159011
17.2  77.6174313379  66.0442364866  66.0442364866  66.0442364866
17.3  77.0263127443  65.5268365327  65.5268365327  65.5268365327
17.4  76.4381520971  65.0121909099  65.0121909099  65.0121909099
17.5  75.8530380023  64.500372889  64.500372889  64.500372889
17.6  75.2710572506  63.9914541358  63.9914541358  63.9914541358
17.7  74.6922948107  63.4855047073  63.4855047073  63.4855047073
17.8  74.1168338219  62.9825930478  62.9825930478  62.9825930478
17.9  73.5447555898  62.4827859865  62.4827859865  62.4827859865
18.0  72.9761395803  61.9861487348  61.9861487348  61.9861487348
18.1  72.4110634167  61.492744885  61.492744885  61.492744885
18.2  71.8496028754  61.0026364096  61.0026364096  61.0026364096
18.3  71.2918318842  60.5158836605  60.5158836605  60.5158836605
18.4  70.7378225197  60.0325453699  60.0325453699  60.0325453699
18.5  70.1876450069  59.5526786507  59.5526786507  59.5526786507
18.6  69.6413677181  59.0763389984  59.0763389984  59.0763389984
18.7  69.0990571738  58.6035802926  58.6035802926  58.6035802926
18.8  68.5607780428  58.1344548004  58.1344548004  58.1344548004
18.9  68.0265931446  57.6690131787  57.6690131787  57.6690131787
19.0  67.4965634509  57.2073044785  57.2073044785  57.2073044785
19.1  66.9707480886  56.7493761489  56.7493761489  56.7493761489
19.2  66.4492043436  56.2952740415  56.2952740415  56.2952740415
19.3  65.9319876641  55.8450424161  55.8450424161  55.8450424161
19.4  65.4191516657  55.398723946  55.398723946  55.398723946
19.5  64.9107481364  54.9563597244  54.9563597244  54.9563597244
19.6  64.4068270422  54.5179892706  54.5179892706  54.5179892706
19.7  63.9074365335  54.0836505375  54.0836505375  54.0836505375
19.8  63.4126229518  53.653379919  53.653379919  53.653379919
19.9  62.9224308369  53.2272122575  53.2272122575  53.2272122575
20.0  62.436902935  52.8051808527  52.8051808527  52.8051808527
20.1  61.9560802067  52.3873174702  52.3873174702  52.3873174702
20.2  61.4800018358  51.9736523503  51.9736523503  51.9736523503
20.3  61.0087052387  51.564214218  51.564214218  51.564214218
20.4  60.542226074  51.1590302925  51.1590302925  51.1590302925
20.5  60.0805982526  50.7581262976  50.7581262976  50.7581262976
20.6  59.6238539485  50.361526472  50.361526472  50.361526472
20.7  59.1720236094  49.9692535809  49.9692535809  49.9692535809
20.8  58.7251359687  49.5813289262  49.5813289262  49.5813289262
20.9  58.2832180567  49.1977723592  49.1977723592  49.1977723592
21.0  57.8462952132  48.8186022914  48.8186022914  48.8186022914
21.1  57.4143911001  48.4438357077  48.4438357077  48.4438357077
21.2  56.9875277141  48.0734881781  48.0734881781  48.0734881781
21.3  56.5657254001  47.7075738709  47.7075738709  47.7075738709
21.4  56.1490028651  47.3461055652  47.3461055652  47.3461055652
21.5  55.737377192  46.9890946651  46.9890946651  46.9890946651
21.6  55.3308638538  46.6365512124  46.6365512124  46.6365512124
21.7  54.9294767285  46.2884839006  46.2884839006  46.2884839006
21.8  54.533228114  45.9449000892  45.9449000892  45.9449000892
21.9  54.1421287432  45.6058058179  45.6058058179  45.6058058179
22.0  53.7561877995  45.2712058206  45.2712058206  45.2712058206
22.1  53.3754129331  44.9411035409  44.9411035409  44.9411035409
22.2  52.9998102763  44.6155011462  44.6155011462  44.6155011462
22.3  52.6293844605  44.2943995433  44.2943995433  44.2943995433
22.4  52.2641386324  43.9777983936  43.9777983936  43.9777983936
22.5  51.9040744711  43.6656961284  43.6656961284  43.6656961284
22.6  51.5491922048  43.3580899646  43.3580899646  43.3580899646
22.7  51.1994906286  43.0549759205  43.0549759205  43.0549759205
22.8  50.8549671215  42.7563488318  42.7563488318  42.7563488318
22.9  50.5156176642  42.4622023678  42.4622023678  42.4622023678
23.0  50.1814368573  42.1725290472  42.1725290472  42.1725290472
23.1  49.852417939  41.8873202551  41.8873202551  41.8873202551
23.2  49.5285528035  41.6065662589  41.6065662589  41.6065662589
23.3  49.2098320195  41.3302562253  41.3302562253  41.3302562253
23.4  48.8962448488  41.0583782371  41.0583782371  41.0583782371
23.5  48.5877792648  40.7909193097  40.7909193097  40.7909193097
23.6  48.2844219718  40.5278654082  40.5278654082  40.5278654082
23.7  47.9861584236  40.2692014645  40.2692014645  40.2692014645
23.8  47.692972843  40.0149113944  40.0149113944  40.0149113944
23.9  47.4048482408  39.7649781148  39.7649781148  39.7649781148
24.0  47.1217664355  39.5193835607  39.5193835607  39.5193835607
24.1  46.8437080725  39.2781087031  39.2781087031  39.2781087031
24.2  46.570652644  39.0411335659  39.0411335659  39.0411335659
24.3  46.3025785085  38.8084372435  38.8084372435  38.8084372435
24.4  46.0394629106  38.5799979184  38.5799979184  38.5799979184
24.5  45.7812820009  38.3557928785  38.3557928785  38.3557928785
24.6  45.5280108562  38.1357985352  38.1357985352  38.1357985352
24.7  45.2796234989  37.9199904403  37.9199904403  37.9199904403
24.8  45.0360929177  37.7083433043  37.7083433043  37.7083433043
24.9  44.7973910873  37.5008310135  37.5008310135  37.5008310135
25.0  44.5634889888  37.297426648  37.297426648  37.297426648
25.1  44.3343566298  37.0981024996  37.0981024996  37.0981024996
25.2  44.1099630645  36.9028300887  36.9028300887  36.9028300887
25.3  43.8902764143  36.711580183  36.711580183  36.711580183
25.4  43.6752638879  36.5243228142  36.5243228142  36.5243228142
25.5  43.4648918013  36.3410272966  36.3410272966  36.3410272966
25.6  43.2591255988  36.1616622439  36.1616622439  36.1616622439
25.7  43.0579298726  35.9861955874  35.9861955874  35.9861955874
25.8  42.8612683836  35.8145945934  35.8145945934  35.8145945934
25.9  42.6691040814  35.6468258808  35.6468258808  35.6468258808
26.0  42.4813991248  35.4828554388  35.4828554388  35.4828554388
26.1  42.2981149019  35.322648644  35.322648644  35.322648644
26.2  42.1192120503  35.1661702782  35.1661702782  35.1661702782
26.3  41.9446504778  35.0133845457  35.0133845457  35.0133845457
26.4  41.7743893817  34.8642550909  34.8642550909  34.8642550909
26.5  41.6083872698  34.7187450151  34.7187450151  34.7187450151
26.6  41.4466019801  34.5768168942  34.5768168942  34.5768168942
26.7  41.2889907006  34.4384327956  34.4384327956  34.4384327956
26.8  41.1355099898  34.3035542956  34.3035542956  34.3035542956
26.9  40.9861157963  34.1721424962  34.1721424962  34.1721424962
27.0  40.8407634787  34.044158042  34.044158042  34.044158042
27.1  40.6994078256  33.9195611373  33.9195611373  33.9195611373
27.2  40.562003075  33.7983115631  33.7983115631  33.7983115631
27.3  40.4285029341  33.680368693  33.680368693  33.680368693
27.4  40.298860599  33.565691511  33.565691511  33.565691511
27.5  40.1730287738  33.4542386269  33.4542386269  33.4542386269
27.6  40.0509596904  33.3459682937  33.3459682937  33.3459682937
27.7  39.9326051276  33.240838423  33.240838423  33.240838423
27.8  39.8179164302  33.1388066023  33.1388066023  33.1388066023
27.9  39.7068445282  33.0398301102  33.0398301102  33.0398301102
28.0  39.5993399559  32.9438659328  32.9438659328  32.9438659328
28.1  39.4953528705  32.85087078  32.85087078  32.85087078
28.2  39.3948330711  32.7608011004  32.7608011004  32.7608011004
28.3  39.2977300171  32.6736130979  32.6736130979  32.6736130979
28.4  39.2039928471  32.5892627467  32.5892627467  32.5892627467
28.5  39.1135703968  32.507705807  32.507705807  32.507705807
28.6  39.0264112177  32.4288978403  32.4288978403  32.4288978403
28.7  38.942463595  32.3527942243  32.3527942243  32.3527942243
28.8  38.8616755657  32.2793501684  32.2793501684  32.2793501684
28.9  38.7839949366  32.2085207283  32.2085207283  32.2085207283
29.0  38.7093693017  32.1402608211  32.1402608211  32.1402608211
29.1  38.6377460599  32.0745252397  32.0745252397  32.0745252397
29.2  38.5690724327  32.0112686673  32.0112686673  32.0112686673
29.3  38.5032954813  31.9504456921  31.9504456921  31.9504456921
29.4  38.4403621236  31.8920108211  31.8920108211  31.8920108211
29.5  38.3802191514  31.8359184946  31.8359184946  31.8359184946
29.6  38.3228132473  31.7821231  31.7821231  31.7821231
29.7  38.268091001  31.7305789855  31.7305789855  31.7305789855
29.8  38.2159989262  31.6812404738  31.6812404738  31.6812404738
29.9  38.1664834768  31.6340618757  31.6340618757  31.6340618757
30.0  38.119491063  31.5889975035  31.5889975035  31.5889975035
30.0  38.119491063  31.5889975035  31.5889975035  31.5889975035
30.1  38.0749680676  31.5460016837  31.5460016837  31.5460016837
30.2  38.0328608613  31.5050287708  31.5050287708  31.5050287708
30.3  37.9931158191  31.4660331597  31.4660331597  31.4660331597
30.4  37.955679335  31.4289692982  31.4289692982  31.4289692982
30.5  37.9204978381  31.3937917003  31.3937917003  31.3937917003
30.6  37.8875178072  31.3604549578  31.3604549578  31.3604549578
30.7  37.8566857858  31.3289137531  31.3289137531  31.3289137531
30.8  37.8279483972  31.299122871  31.299122871  31.299122871
30.9  37.8012523589  31.2710372106  31.2710372106  31.2710372106
31.0  37.776544497  31.2446117971  31.2446117971  31.2446117971
31.1  37.7537717602  31.2198017934  31.2198017934  31.2198017934
31.2  37.7328812344  31.1965625115  31.1965625115  31.1965625115
31.3  37.7138201559  31.1748494234  31.1748494234  31.1748494234
31.4  37.6965359258  31.1546181729  31.1546181729  31.1546181729
31.5  37.6809761226  31.1358245857  31.1358245857  31.1358245857
31.6  37.667088516  31.1184246804  31.1184246804  31.1184246804
31.7  37.65482108  31.1023746794  31.1023746794  31.1023746794
31.8  37.6441220055  31.0876310185  31.0876310185  31.0876310185
31.9  37.6349397132  31.0741503581  31.0741503581  31.0741503581
32.0  37.627222866  31.0618895921  31.0618895921  31.0618895921
32.1  37.6209203811  31.0508058586  31.0508058586  31.0508058586
32.2  37.6159814424  31.0408565492  31.0408565492  31.0408565492
32.3  37.6123555123  31.0319993187  31.0319993187  31.0319993187
32.4  37.6099923432  31.024192094  31.024192094  31.024192094
32.5  37.6088419889  31.0173930838  31.0173930838  31.0173930838
32.6  37.6088548164  31.0115607869  31.0115607869  31.0115607869
32.7  37.6099815164  31.0066540017  31.0066540017  31.0066540017
32.8  37.6121731143  31.0026318343  31.0026318343  31.0026318343
32.9  37.615380981  30.9994537071  30.9994537071  30.9994537071
33.0  37.6195568434  30.997079367  30.997079367  30.997079367
33.1  37.6246527942  30.9954688934  30.9954688934  30.9954688934
33.2  37.6306213026  30.9945827063  30.9945827063  30.9945827063
33.3  37.6374152236  30.9943815738  30.9943815738  30.9943815738
33.4  37.6449878076  30.9948266198  30.9948266198  30.9948266198
33.5  37.6532927104  30.9958793313  30.9958793313  30.9958793313
33.6  37.6622840017  30.9975015653  30.9975015653  30.9975015653
33.7  37.6719161745  30.9996555564  30.9996555564  30.9996555564
33.8  37.6821441537  31.0023039229  31.0023039229  31.0023039229
33.9  37.6929233051  31.005409674  31.005409674  31.005409674
34.0  37.704209443  31.008936216  31.008936216  31.008936216
34.1  37.7159588392  31.0128473588  31.0128473588  31.0128473588
34.2  37.7281282303  31.0171073215  31.0171073215  31.0171073215
34.3  37.7406748257  31.0216807391  31.0216807391  31.0216807391
34.4  37.7535563155  31.0265326676  31.0265326676  31.0265326676
34.5  37.766730877  31.0316285898  31.0316285898  31.0316285898
34.6  37.7801571827  31.0369344208  31.0369344208  31.0369344208
34.7  37.7937944066  31.0424165131  31.0424165131  31.0424165131
34.8  37.8076022312  31.0480416618  31.0480416618  31.0480416618
34.9  37.8215408541  31.0537771093  31.0537771093  31.0537771093
35.0  37.8355709939  31.0595905501  31.0595905501  31.0595905501
35.1  37.8496538966  31.0654501354  31.0654501354  31.0654501354
35.2  37.8637513415  31.0713244772  31.0713244772  31.0713244772
35.3  37.8778256469  31.077182653  31.077182653  31.077182653
35.4  37.8918396752  31.0829942091  31.0829942091  31.0829942091
35.5  37.9057568387  31.0887291652  31.0887291652  31.0887291652
35.6  37.9195411044  31.0943580175  31.0943580175  31.0943580175
35.7  37.933156999  31.0998517425  31.0998517425  31.0998517425
35.8  37.9465696131  31.1051818004  31.1051818004  31.1051818004
35.9  37.9597446067  31.1103201381  31.1103201381  31.1103201381
36.0  37.9726482122  31.1152391921  31.1152391921  31.1152391921
36.1  37.9852472395  31.1199118919  31.1199118919  31.1199118919
36.2  37.9975090793  31.1243116619  31.1243116619  31.1243116619
36.3  38.0094017071  31.1284124246  31.1284124246  31.1284124246
36.4  38.0208936864  31.1321886027  31.1321886027  31.1321886027
36.5  38.0319541722  31.1356151211  31.1356151211  31.1356151211
36.6  38.0425529141  31.1386674093  31.1386674093  31.1386674093
36.7  38.0526602589  31.1413214029  31.1413214029  31.1413214029
36.8  38.0622471536  31.1435535458  31.1435535458  31.1435535458
36.9  38.0712851482  31.1453407913  31.1453407913  31.1453407913
37.0  38.0797463971  31.1466606038  31.1466606038  31.1466606038
37.1  38.0876036622  31.1474909598  31.1474909598  31.1474909598
37.2  38.0948303144  31.1478103493  31.1478103493  31.1478103493
37.3  38.1014003354  31.1475977766  31.1475977766  31.1475977766
37.4  38.1072883193  31.1468327609  31.1468327609  31.1468327609
37.5  38.1124694741  31.1454953375  31.1454953375  31.1454953375
37.6  38.1169196226  31.1435660577  31.1435660577  31.1435660577
37.7  38.120615204  31.1410259894  31.1410259894  31.1410259894
37.8  38.1235332741  31.1378567174  31.1378567174  31.1378567174
37.9  38.1256515066  31.1340403433  31.1340403433  31.1340403433
38.0  38.126948193  31.1295594856  31.1295594856  31.1295594856
38.1  38.1274022433  31.1243972792  31.1243972792  31.1243972792
38.2  38.1269931863  31.1185373753  31.1185373753  31.1185373753
38.3  38.125701169  31.111963941  31.111963941  31.111963941
38.4  38.123506957  31.104661658  31.104661658  31.104661658
38.5  38.1203919338  31.0966157226  31.0966157226  31.0966157226
38.6  38.1163381004  31.0878118446  31.0878118446  31.0878118446
38.7  38.1113280744  31.0782362458  31.0782362458  31.0782362458
38.8  38.1053450896  31.0678756594  31.0678756594  31.0678756594
38.9  38.0983729944  31.0567173283  31.0567173283  31.0567173283
39.0  38.090396251  31.0447490039  31.0447490039  31.0447490039
39.1  38.0813999341  31.0319589445  31.0319589445  31.0319589445
39.2  38.071369729  31.0183359133  31.0183359133  31.0183359133
39.3  38.0602919303  31.0038691772  31.0038691772  31.0038691772
39.4  38.04815344  30.9885485043  30.9885485043  30.9885485043
39.5  38.0349417654  30.9723641622  30.9723641622  30.9723641622
39.6  38.0206450171  30.9553069154  30.9553069154  30.9553069154
39.7  38.0052519069  30.9373680235  30.9373680235  30.9373680235
39.8  37.988751745  30.9185392387  30.9185392387  30.9185392387
39.9  37.9711344378  30.8988128027  30.8988128027  30.8988128027
40.0  37.9523904847  30.878181445  30.878181445  30.878181445
40.1  37.932510976  30.8566383793  30.8566383793  30.8566383793
40.2  37.9114875893  30.8341773012  30.8341773012  30.8341773012
40.3  37.8893125866  30.8107923848  30.8107923848  30.8107923848
40.4  37.8659788109  30.7864782801  30.7864782801  30.7864782801
40.5  37.8414796831  30.7612301093  30.7612301093  30.7612301093
40.6  37.8158091982  30.735043464  30.735043464  30.735043464
40.7  37.7889619217  30.7079144013  30.7079144013  30.7079144013
40.8  37.7609329858  30.679839441  30.679839441  30.679839441
40.9  37.7317180855  30.6508155612  30.6508155612  30.6508155612
41.0  37.7013134747  30.6208401952  30.6208401952  30.6208401952
41.1  37.6697159618  30.5899112277  30.5899112277  30.5899112277
41.2  37.6369229056  30.5580269905  30.5580269905  30.5580269905
41.3  37.6029322106  30.5251862589  30.5251862589  30.5251862589
41.4  37.567742323  30.4913882477  30.4913882477  30.4913882477
41.5  37.5313522254  30.4566326068  30.4566326068  30.4566326068
41.6  37.4937614328  30.420919417  30.420919417  30.420919417
41.7  37.454969987  30.3842491859  30.3842491859  30.3842491859
41.8  37.4149784522  30.3466228434  30.3466228434  30.3466228434
41.9  37.3737879095  30.3080417372  30.3080417372  30.3080417372
42.0  37.3313999521  30.2685076281  30.2685076281  30.2685076281
42.1  37.2878166796  30.2280226858  30.2280226858  30.2280226858
42.2  37.2430406932  30.1865894836  30.1865894836  30.1865894836
42.3  37.1970750893  30.1442109941  30.1442109941  30.1442109941
42.4  37.1499234551  30.1008905841  30.1008905841  30.1008905841
42.5  37.1015898619  30.0566320099  30.0566320099  30.0566320099
42.6  37.0520788598  30.0114394119  30.0114394119  30.0114394119
42.7  37.0013954718  29.9653173099  29.9653173099  29.9653173099
42.8  36.9495451879  29.9182705979  29.9182705979  29.9182705979
42.9  36.8965339589  29.8703045388  29.8703045388  29.8703045388
43.0  36.8423681904  29.8214247593  29.8214247593  29.8214247593
43.1  36.7870547366  29.7716372443  29.7716372443  29.7716372443
43.2  36.730600894  29.7209483319  29.7209483319  29.7209483319
43.3  36.6730143949  29.6693647077  29.6693647077  29.6693647077
43.4  36.6143034015  29.6168933994  29.6168933994  29.6168933994
43.5  36.5544764985  29.5635417715  29.5635417715  29.5635417715
43.6  36.4935426875  29.5093175191  29.5093175191  29.5093175191
43.7  36.4315113796  29.454228663  29.454228663  29.454228663
43.8  36.3683923891  29.3982835435  29.3982835435  29.3982835435
43.9  36.3041959266  29.3414908148  29.3414908148  29.3414908148
44.0  36.238932592  29.2838594393  29.2838594393  29.2838594393
44.1  36.1726133681  29.2253986817  29.2253986817  29.2253986817
44.2  36.1052496129  29.1661181034  29.1661181034  29.1661181034
44.3  36.0368530532  29.1060275561  29.1060275561  29.1060275561
44.4  35.9674357775  29.0451371762  29.0451371762  29.0451371762
44.5  35.8970102283  28.9834573789  28.9834573789  28.9834573789
44.6  35.8255891956  28.9209988521  28.9209988521  28.9209988521
44.7  35.7531858093  28.8577725501  28.8577725501  28.8577725501
44.8  35.6798135321  28.793789688  28.793789688  28.793789688
44.9  35.6054861522  28.7290617353  28.7290617353  28.7290617353
45.0  35.5302177757  28.6636004097  28.6636004097  28.6636004097
45.0  35.5302177757  28.6636004097  28.6636004097  28.6636004097
45.1  35.4540228194  28.5974176715  28.5974176715  28.5974176715
45.2  35.3769160036  28.5305257166  28.5305257166  28.5305257166
45.3  35.2989123442  28.462936971  28.462936971  28.462936971
45.4  35.2200271454  28.3946640842  28.3946640842  28.3946640842
45.5  35.1402759923  28.3257199232  28.3257199232  28.3257199232
45.6  35.0596747431  28.2561175662  28.2561175662  28.2561175662
45.7  34.9782395217  28.185870296  28.185870296  28.185870296
45.8  34.89598671  28.1149915943  28.1149915943  28.1149915943
45.9  34.8129329404  28.0434951351  28.0434951351  28.0434951351
46.0  34.729095088  27.9713947782  27.9713947782  27.9713947782
46.1  34.6444902628  27.8987045633  27.8987045633  27.8987045633
46.2  34.5591358025  27.8254387035  27.8254387035  27.8254387035
46.3  34.4730492642  27.7516115789  27.7516115789  27.7516115789
46.4  34.3862484172  27.6772377305  27.6772377305  27.6772377305
46.5  34.2987512349  27.6023318535  27.6023318535  27.6023318535
46.6  34.2105758873  27.5269087914  27.5269087914  27.5269087914
46.7  34.1217407332  27.4509835294  27.4509835294  27.4509835294
46.8  34.0322643123  27.3745711883  27.3745711883  27.3745711883
46.9  33.9421653378  27.2976870177  27.2976870177  27.2976870177
47.0  33.8514626882  27.2203463905  27.2203463905  27.2203463905
47.1  33.7601753998  27.1425647958  27.1425647958  27.1425647958
47.2  33.6683226593  27.0643578331  27.0643578331  27.0643578331
47.3  33.5759237952  26.9857412056  26.9857412056  26.9857412056
47.4  33.4829982709  26.9067307145  26.9067307145  26.9067307145
47.5  33.3895656766  26.8273422523  26.8273422523  26.8273422523
47.6  33.2956457215  26.7475917965  26.7475917965  26.7475917965
47.7  33.2012582265  26.6674954039  26.6674954039  26.6674954039
47.8  33.1064231159  26.5870692036  26.5870692036  26.5870692036
47.9  33.0111604105  26.5063293916  26.5063293916  26.5063293916
48.0  32.9154902193  26.4252922242  26.4252922242  26.4252922242
48.1  32.819432732  26.3439740118  26.3439740118  26.3439740118
48.2  32.7230082117  26.2623911129  26.2623911129  26.2623911129
48.3  32.6262369871  26.1805599282  26.1805599282  26.1805599282
48.4  32.5291394449  26.0984968942  26.0984968942  26.0984968942
48.5  32.4317360224  26.0162184773  26.0162184773  26.0162184773
48.6  32.3340471997  25.9337411678  25.9337411678  25.9337411678
48.7  32.2360934928  25.8510814738  25.8510814738  25.8510814738
48.8  32.1378954456  25.7682559154  25.7682559154  25.7682559154
48.9  32.0394736228  25.6852810189  25.6852810189  25.6852810189
49.0  31.9408486025  25.6021733103  25.6021733103  25.6021733103
49.1  31.8420409686  25.5189493103  25.5189493103  25.5189493103
49.2  31.743071304  25.4356255279  25.4356255279  25.4356255279
49.3  31.6439601829  25.3522184547  25.3522184547  25.3522184547
49.4  31.544728164  25.2687445596  25.2687445596  25.2687445596
49.5  31.4453957828  25.1852202823  25.1852202823  25.1852202823
49.6  31.3459835451  25.1016620287  25.1016620287  25.1016620287
49.7  31.2465119195  25.018086164  25.018086164  25.018086164
49.8  31.1470013305  24.9345090086  24.9345090086  24.9345090086
49.9  31.0474721517  24.8509468313  24.8509468313  24.8509468313
50.0  30.9479446985  24.7674158446  24.7674158446  24.7674158446
50.1  30.8484392218  24.6839321991  24.6839321991  24.6839321991
50.2  30.7489759006  24.6005119779  24.6005119779  24.6005119779
50.3  30.6495748357  24.5171711917  24.5171711917  24.5171711917
50.4  30.5502560427  24.4339257729  24.4339257729  24.4339257729
50.5  30.4510394456  24.3507915713  24.3507915713  24.3507915713
50.6  30.3519448702  24.2677843479  24.2677843479  24.2677843479
50.7  30.2529920374  24.1849197707  24.1849197707  24.1849197707
50.8  30.1542005571  24.102213409  24.102213409  24.102213409
50.9  30.0555899213  24.0196807288  24.0196807288  24.0196807288
51.0  29.9571794985  23.9373370875  23.9373370875  23.9373370875
51.1  29.8589885269  23.8551977296  23.8551977296  23.8551977296
51.2  29.7610361082  23.7732777812  23.7732777812  23.7732777812
51.3  29.6633412021  23.6915922456  23.6915922456  23.6915922456
51.4  29.5659226197  23.6101559988  23.6101559988  23.6101559988
51.5  29.4687990176  23.5289837844  23.5289837844  23.5289837844
51.6  29.3719888924  23.4480902093  23.4480902093  23.4480902093
51.7  29.2755105744  23.3674897393  23.3674897393  23.3674897393
51.8  29.1793822224  23.2871966944  23.2871966944  23.2871966944
51.9  29.0836218175  23.2072252444  23.2072252444  23.2072252444
52.0  28.9882471581  23.1275894052  23.1275894052  23.1275894052
52.1  28.8932758538  23.0483030336  23.0483030336  23.0483030336
52.2  28.7987253206  22.9693798239  22.9693798239  22.9693798239
52.3  28.7046127752  22.8908333035  22.8908333035  22.8908333035
52.4  28.6109552298  22.8126768289  22.8126768289  22.8126768289
52.5  28.5177694871  22.7349235818  22.7349235818  22.7349235818
52.6  28.4250721352  22.657586565  22.657586565  22.657586565
52.7  28.3328795423  22.5806785989  22.5806785989  22.5806785989
52.8  28.2412078523  22.5042123176  22.5042123176  22.5042123176
52.9  28.1500729799  22.4282001652  22.4282001652  22.4282001652
53.0  28.0594906055  22.3526543923  22.3526543923  22.3526543923
53.1  27.969476171  22.2775870523  22.2775870523  22.2775870523
53.2  27.880044875  22.2030099984  22.2030099984  22.2030099984
53.3  27.7912116686  22.1289348795  22.1289348795  22.1289348795
53.4  27.7029912508  22.0553731377  22.0553731377  22.0553731377
53.5  27.6153980646  21.9823360047  21.9823360047  21.9823360047
53.6  27.5284462925  21.9098344986  21.9098344986  21.9098344986
53.7  27.4421498528  21.837879421  21.837879421  21.837879421
53.8  27.3565223949  21.7664813539  21.7664813539  21.7664813539
53.9  27.2715772966  21.6956506571  21.6956506571  21.6956506571
54.0  27.1873276592  21.625397465  21.625397465  21.625397465
54.1  27.1037863048  21.5557316842  21.5557316842  21.5557316842
54.2  27.020965772  21.4866629906  21.4866629906  21.4866629906
54.3  26.9388783126  21.4182008269  21.4182008269  21.4182008269
54.4  26.8575358888  21.3503544004  21.3503544004  21.3503544004
54.5  26.7769501691  21.28313268  21.28313268  21.28313268
54.6  26.6971325256  21.2165443945  21.2165443945  21.2165443945
54.7  26.618094031  21.1505980299  21.1505980299  21.1505980299
54.8  26.5398454555  21.0853018276  21.0853018276  21.0853018276
54.9  26.462397264  21.0206637821  21.0206637821  21.0206637821
55.0  26.3857596132  20.9566916391  20.9566916391  20.9566916391
55.1  26.3099423493  20.8933928936  20.8933928936  20.8933928936
55.2  26.2349550052  20.8307747881  20.8307747881  20.8307747881
55.3  26.1608067981  20.7688443106  20.7688443106  20.7688443106
55.4  26.0875066272  20.7076081935  20.7076081935  20.7076081935
55.5  26.0150630716  20.6470729116  20.6470729116  20.6470729116
55.6  25.943484388  20.5872446807  20.5872446807  20.5872446807
55.7  25.8727785089  20.5281294565  20.5281294565  20.5281294565
55.8  25.8029530405  20.4697329326  20.4697329326  20.4697329326
55.9  25.7340152612  20.4120605404  20.4120605404  20.4120605404
56.0  25.6659721194  20.3551174468  20.3551174468  20.3551174468
56.1  25.5988302326  20.2989085537  20.2989085537  20.2989085537
56.2  25.5325958855  20.2434384974  20.2434384974  20.2434384974
56.3  25.4672750286  20.1887116468  20.1887116468  20.1887116468
56.4  25.4028732775  20.1347321037  20.1347321037  20.1347321037
56.5  25.339395911  20.0815037013  20.0815037013  20.0815037013
56.6  25.2768478705  20.0290300036  20.0290300036  20.0290300036
56.7  25.2152337593  19.9773143055  19.9773143055  19.9773143055
56.8  25.1545578411  19.9263596318  19.9263596318  19.9263596318
56.9  25.0948240401  19.8761687371  19.8761687371  19.8761687371
57.0  25.0360359398  19.8267441052  19.8267441052  19.8267441052
57.1  24.9781967829  19.7780879495  19.7780879495  19.7780879495
57.2  24.9213094708  19.7302022125  19.7302022125  19.7302022125
57.3  24.865376563  19.6830885656  19.6830885656  19.6830885656
57.4  24.8104002778  19.6367484097  19.6367484097  19.6367484097
57.5  24.7563824911  19.5911828749  19.5911828749  19.5911828749
57.6  24.7033247375  19.5463928212  19.5463928212  19.5463928212
57.7  24.6512282099  19.5023788382  19.5023788382  19.5023788382
57.8  24.60009376  19.4591412463  19.4591412463  19.4591412463
57.9  24.5499218985  19.4166800964  19.4166800964  19.4166800964
58.0  24.5007127958  19.374995171  19.374995171  19.374995171
58.1  24.4524662825  19.3340859848  19.3340859848  19.3340859848
58.2  24.4051818499  19.2939517853  19.2939517853  19.2939517853
58.3  24.3588586515  19.2545915538  19.2545915538  19.2545915538
58.4  24.3134955029  19.2160040061  19.2160040061  19.2160040061
58.5  24.2690908838  19.1781875936  19.1781875936  19.1781875936
58.6  24.2256429386  19.1411405047  19.1411405047  19.1411405047
58.7  24.1831494776  19.1048606652  19.1048606652  19.1048606652
58.8  24.1416079786  19.0693457405  19.0693457405  19.0693457405
58.9  24.1010155883  19.0345931361  19.0345931361  19.0345931361
59.0  24.0613691239  19.0005999994  19.0005999994  19.0005999994
59.1  24.0226650743  18.9673632213  18.9673632213  18.9673632213
59.2  23.9848996026  18.9348794374  18.9348794374  18.9348794374
59.3  23.9480685472  18.9031450299  18.9031450299  18.9031450299
59.4  23.9121674245  18.8721561293  18.8721561293  18.8721561293
59.5  23.8771914304  18.841908616  18.841908616  18.841908616
59.6  23.8431354426  18.8123981226  18.8123981226  18.8123981226
59.7  23.8099940232  18.7836200354  18.7836200354  18.7836200354
59.8  23.7777614203  18.7555694965  18.7555694965  18.7555694965
59.9  23.7464315716  18.7282414064  18.7282414064  18.7282414064
60.0  23.7159981058  18.7016304254  18.7016304254  18.7016304254
60.0  23.7159981058  18.7016304254  18.7016304254  18.7016304254
60.1  23.6864543459  18.6757309764  18.6757309764  18.6757309764
60.2  23.6577933119  18.6505372471  18.6505372471  18.6505372471
60.3  23.6300077235  18.6260431924  18.6260431924  18.6260431924
60.4  23.6030900031  18.6022425368  18.6022425368  18.6022425368
60.5  23.5770322788  18.579128777  18.579128777  18.579128777
60.6  23.5518263877  18.5566951845  18.5566951845  18.5566951845
60.7  23.5274638789  18.5349348083  18.5349348083  18.5349348083
60.8  23.5039360169  18.5138404777  18.5138404777  18.5138404777
60.9  23.4812337851  18.493404805  18.493404805  18.493404805
61.0  23.459347889  18.4736201883  18.4736201883  18.4736201883
61.1  23.43826876  18.4544788149  18.4544788149  18.4544788149
61.2  23.4179865595  18.4359726639  18.4359726639  18.4359726639
61.3  23.3984911815  18.4180935093  18.4180935093  18.4180935093
61.4  23.3797722575  18.4008329234  18.4008329234  18.4008329234
61.5  23.3618191601  18.3841822798  18.3841822798  18.3841822798
61.6  23.3446210068  18.3681327568  18.3681327568  18.3681327568
61.7  23.3281666643  18.3526753406  18.3526753406  18.3526753406
61.8  23.3124447528  18.337800829  18.337800829  18.337800829
61.9  23.2974436497  18.3234998344  18.3234998344  18.3234998344
62.0  23.2831514944  18.3097627875  18.3097627875  18.3097627875
62.1  23.2695561929  18.2965799412  18.2965799412  18.2965799412
62.2  23.2566454216  18.2839413739  18.2839413739  18.2839413739
62.3  23.2444066324  18.271836993  18.271836993  18.271836993
62.4  23.232827057  18.2602565391  18.2602565391  18.2602565391
62.5  23.2218937122  18.2491895897  18.2491895897  18.2491895897
62.6  23.2115934035  18.2386255624  18.2386255624  18.2386255624
62.7  23.2019127313  18.2285537199  18.2285537199  18.2285537199
62.8  23.1928380949  18.218963173  18.218963173  18.218963173
62.9  23.1843556978  18.2098428852  18.2098428852  18.2098428852
63.0  23.1764515527  18.2011816762  18.2011816762  18.2011816762
63.1  23.1691114866  18.1929682267  18.1929682267  18.1929682267
63.2  23.1623211459  18.1851910817  18.1851910817  18.1851910817
63.3  23.1560660017  18.1778386553  18.1778386553  18.1778386553
63.4  23.1503313557  18.1708992352  18.1708992352  18.1708992352
63.5  23.145102344  18.1643609856  18.1643609856  18.1643609856
63.6  23.1403639439  18.1582119529  18.1582119529  18.1582119529
63.7  23.1361009792  18.15244007  18.15244007  18.15244007
63.8  23.1322981251  18.1470331596  18.1470331596  18.1470331596
63.9  23.1289399141  18.1419789395  18.1419789395  18.1419789395
64.0  23.1260107418  18.1372650268  18.1372650268  18.1372650268
64.1  23.1234948725  18.1328789428  18.1328789428  18.1328789428
64.2  23.1213764445  18.1288081166  18.1288081166  18.1288081166
64.3  23.1196394764  18.1250398906  18.1250398906  18.1250398906
64.4  23.1182678728  18.1215615249  18.1215615249  18.1215615249
64.5  23.1172454299  18.1183602013  18.1183602013  18.1183602013
64.6  23.1165558417  18.1154230289  18.1154230289  18.1154230289
64.7  23.1161827059  18.112737048  18.112737048  18.112737048
64.8  23.1161095292  18.110289235  18.110289235  18.110289235
64.9  23.1163197347  18.1080665078  18.1080665078  18.1080665078
65.0  23.1167966668  18.1060557296  18.1060557296  18.1060557296
65.1  23.1175235972  18.104243714  18.104243714  18.104243714
65.2  23.1184837322  18.1026172301  18.1026172301  18.1026172301
65.3  23.1196602176  18.1011630072  18.1011630072  18.1011630072
65.4  23.1210361453  18.0998677391  18.0998677391  18.0998677391
65.5  23.1225945598  18.0987180899  18.0987180899  18.0987180899
65.6  23.1243184641  18.0977006983  18.0977006983  18.0977006983
65.7  23.1261908257  18.0968021821  18.0968021821  18.0968021821
65.8  23.1281945837  18.0960091442  18.0960091442  18.0960091442
65.9  23.1303126543  18.0953081764  18.0953081764  18.0953081764
66.0  23.1325279371  18.094685865  18.094685865  18.094685865
66.1  23.1348233222  18.0941287955  18.0941287955  18.0941287955
66.2  23.1371816956  18.0936235574  18.0936235574  18.0936235574
66.3  23.1395859464  18.0931567496  18.0931567496  18.0931567496
66.4  23.142018972  18.0927149846  18.0927149846  18.0927149846
66.5  23.1444636859  18.0922848942  18.0922848942  18.0922848942
66.6  23.146903023  18.0918531341  18.0918531341  18.0918531341
66.7  23.1493199462  18.0914063886  18.0914063886  18.0914063886
66.8  23.1516974531  18.0909313761  18.0909313761  18.0909313761
66.9  23.1540185823  18.0904148539  18.0904148539  18.0904148539
67.0  23.1562664193  18.0898436224  18.0898436224  18.0898436224
67.1  23.1584241034  18.0892045312  18.0892045312  18.0892045312
67.2  23.1604748338  18.0884844831  18.0884844831  18.0884844831
67.3  23.1624018762  18.0876704398  18.0876704398  18.0876704398
67.4  23.1641885688  18.0867494258  18.0867494258  18.0867494258
67.5  23.1658183288  18.0857085342  18.0857085342  18.0857085342
67.6  23.167274659  18.0845349312  18.0845349312  18.0845349312
67.7  23.1685411538  18.0832158611  18.0832158611  18.0832158611
67.8  23.1696015056  18.0817386509  18.0817386509  18.0817386509
67.9  23.1704395105  18.0800907151  18.0800907151  18.0800907151
68.0  23.1710390761  18.0782595612  18.0782595612  18.0782595612
68.1  23.1713842257  18.0762327933  18.0762327933  18.0762327933
68.2  23.1714591064  18.0739981184  18.0739981184  18.0739981184
68.3  23.1712479937  18.0715433493  18.0715433493  18.0715433493
68.4  23.1707352989  18.068856411  18.068856411  18.068856411
68.5  23.1699055746  18.0659253447  18.0659253447  18.0659253447
68.6  23.1687435206  18.0627383118  18.0627383118  18.0627383118
68.7  23.1672339907  18.0592835998  18.0592835998  18.0592835998
68.8  23.1653619976  18.0555496259  18.0555496259  18.0555496259
68.9  23.1631127202  18.051524942  18.051524942  18.051524942
69.0  23.1604715087  18.0471982394  18.0471982394  18.0471982394
69.1  23.1574238907  18.042558353  18.042558353  18.042558353
69.2  23.1539555767  18.0375942655  18.0375942655  18.0375942655
69.3  23.1500524663  18.0322951121  18.0322951121  18.0322951121
69.4  23.1457006542  18.0266501851  18.0266501851  18.0266501851
69.5  23.1408864358  18.0206489384  18.0206489384  18.0206489384
69.6  23.1355963118  18.0142809905  18.0142809905  18.0142809905
69.7  23.1298169957  18.0075361307  18.0075361307  18.0075361307
69.8  23.1235354173  18.0004043212  18.0004043212  18.0004043212
69.9  23.1167387297  17.9928757031  17.9928757031  17.9928757031
70.0  23.1094143142  17.9849405993  17.9849405993  17.9849405993
70.1  23.1015497856  17.976589519  17.976589519  17.976589519
70.2  23.0931329975  17.9678131617  17.9678131617  17.9678131617
70.3  23.0841520476  17.9586024211  17.9586024211  17.9586024211
70.4  23.0745952831  17.9489483889  17.9489483889  17.9489483889
70.5  23.0644513049  17.9388423586  17.9388423586  17.9388423586
70.6  23.0537089738  17.9282758292  17.9282758292  17.9282758292
70.7  23.0423574149  17.9172405096  17.9172405096  17.9172405096
70.8  23.0303860221  17.9057283211  17.9057283211  17.9057283211
70.9  23.0177844636  17.893731402  17.893731402  17.893731402
71.0  23.004542686  17.8812421104  17.8812421104  17.8812421104
71.1  22.9906509195  17.8682530281  17.8682530281  17.8682530281
71.2  22.9760996819  17.8547569638  17.8547569638  17.8547569638
71.3  22.9608797829  17.8407469562  17.8407469562  17.8407469562
71.4  22.9449823294  17.8262162778  17.8262162778  17.8262162778
71.5  22.9283987297  17.811158438  17.811158438  17.811158438
71.6  22.911120696  17.7955671852  17.7955671852  17.7955671852
71.7  22.8931402504  17.7794365112  17.7794365112  17.7794365112
71.8  22.8744497282  17.7627606532  17.7627606532  17.7627606532
71.9  22.855041782  17.7455340973  17.7455340973  17.7455340973
72.0  22.8349093843  17.7277515805  17.7277515805  17.7277515805
72.1  22.814045834  17.7094080948  17.7094080948  17.7094080948
72.2  22.7924447564  17.6904988879  17.6904988879  17.6904988879
72.3  22.7701001097  17.6710194676  17.6710194676  17.6710194676
72.4  22.7470061866  17.650965603  17.650965603  17.650965603
72.5  22.7231576187  17.6303333277  17.6303333277  17.6303333277
72.6  22.698549378  17.609118941  17.609118941  17.609118941
72.7  22.6731767827  17.587319012  17.587319012  17.587319012
72.8  22.6470354974  17.5649303796  17.5649303796  17.5649303796
72.9  22.6201215377  17.5419501561  17.5419501561  17.5419501561
73.0  22.5924312718  17.518375728  17.518375728  17.518375728
73.1  22.5639614241  17.494204759  17.494204759  17.494204759
73.2  22.5347090763  17.4694351903  17.4694351903  17.4694351903
73.3  22.504671672  17.4440652443  17.4440652443  17.4440652443
73.4  22.4738470163  17.4180934236  17.4180934236  17.4180934236
73.5  22.4422332804  17.3915185152  17.3915185152  17.3915185152
73.6  22.4098290007  17.3643395891  17.3643395891  17.3643395891
73.7  22.3766330834  17.3365560015  17.3365560015  17.3365560015
73.8  22.3426448056  17.3081673962  17.3081673962  17.3081673962
73.9  22.3078638151  17.2791737037  17.2791737037  17.2791737037
74.0  22.2722901344  17.2495751441  17.2495751441  17.2495751441
74.1  22.2359241601  17.2193722269  17.2193722269  17.2193722269
74.2  22.1987666647  17.1885657518  17.1885657518  17.1885657518
74.3  22.1608187986  17.1571568104  17.1571568104  17.1571568104
74.4  22.1220820891  17.1251467848  17.1251467848  17.1251467848
74.5  22.0825584438  17.0925373509  17.0925373509  17.0925373509
74.6  22.042250148  17.0593304753  17.0593304753  17.0593304753
74.7  22.0011598678  17.0255284177  17.0255284177  17.0255284177
74.8  21.9592906495  16.991133731  16.991133731  16.991133731
74.9  21.9166459199  16.9561492606  16.9561492606  16.9561492606
75.0  21.8732294866  16.9205781447  16.9205781447  16.9205781447
75.0  21.8732294868  16.9205781448  16.9205781448  16.9205781448
75.1  21.8290455373  16.8844238135  16.8844238135  16.8844238135
75.2  21.7840986397  16.8476899893  16.8476899893  16.8476899893
75.3  21.7383937417  16.8103806861  16.8103806861  16.8103806861
75.4  21.6919361713  16.7725002094  16.7725002094  16.7725002094
75.5  21.6447316335  16.734053154  16.734053154  16.734053154
75.6  21.5967862126  16.6950444052  16.6950444052  16.6950444052
75.7  21.5481063693  16.6554791365  16.6554791365  16.6554791365
75.8  21.4986989402  16.6153628093  16.6153628093  16.6153628093
75.9  21.4485711357  16.5747011707  16.5747011707  16.5747011707
76.0  21.39773054  16.5335002538  16.5335002538  16.5335002538
76.1  21.3461851082  16.4917663747  16.4917663747  16.4917663747
76.2  21.2939431649  16.4495061323  16.4495061323  16.4495061323
76.3  21.2410134033  16.4067264059  16.4067264059  16.4067264059
76.4  21.1874048817  16.3634343541  16.3634343541  16.3634343541
76.5  21.1331270216  16.3196374116  16.3196374116  16.3196374116
76.6  21.078189606  16.2753432888  16.2753432888  16.2753432888
76.7  21.0226027763  16.2305599689  16.2305599689  16.2305599689
76.8  20.9663770288  16.1852957051  16.1852957051  16.1852957051
76.9  20.9095232142  16.1395590197  16.1395590197  16.1395590197
77.0  20.8520525325  16.0933587008  16.0933587008  16.0933587008
77.1  20.7939765295  16.0467037987  16.0467037987  16.0467037987
77.2  20.735307095  15.9996036246  15.9996036246  15.9996036246
77.3  20.676056459  15.9520677479  15.9520677479  15.9520677479
77.4  20.6162371869  15.9041059921  15.9041059921  15.9041059921
77.5  20.555862177  15.8557284322  15.8557284322  15.8557284322
77.6  20.4949446545  15.8069453911  15.8069453911  15.8069453911
77.7  20.4334981707  15.7577674377  15.7577674377  15.7577674377
77.8  20.3715365942  15.7082053809  15.7082053809  15.7082053809
77.9  20.3090741106  15.6582702685  15.6582702685  15.6582702685
78.0  20.2461252155  15.6079733821  15.6079733821  15.6079733821
78.1  20.1827047098  15.5573262336  15.5573262336  15.5573262336
78.2  20.1188276964  15.5063405618  15.5063405618  15.5063405618
78.3  20.0545095708  15.4550283256  15.4550283256  15.4550283256
78.4  19.989766022  15.4034017047  15.4034017047  15.4034017047
78.5  19.9246130214  15.3514730902  15.3514730902  15.3514730902
78.6  19.8590668213  15.2992550844  15.2992550844  15.2992550844
78.7  19.7931439451  15.2467604921  15.2467604921  15.2467604921
78.8  19.7268611851  15.1940023196  15.1940023196  15.1940023196
78.9  19.6602355936  15.1409937673  15.1409937673  15.1409937673
79.0  19.5932844788  15.0877482265  15.0877482265  15.0877482265
79.1  19.5260253961  15.034279273  15.034279273  15.034279273
79.2  19.4584761428  14.9806006623  14.9806006623  14.9806006623
79.3  19.3906547519  14.9267263252  14.9267263252  14.9267263252
79.4  19.3225794839  14.8726703613  14.8726703613  14.8726703613
79.5  19.2542688202  14.8184470339  14.8184470339  14.8184470339
79.6  19.185741455  14.7640707635  14.7640707635  14.7640707635
79.7  19.1170162893  14.7095561232  14.7095561232  14.7095561232
79.8  19.0481124239  14.6549178335  14.6549178335  14.6549178335
79.9  18.9790491484  14.6001707534  14.6001707534  14.6001707534
80.0  18.9098459365  14.5453298767  14.5453298767  14.5453298767
80.1  18.8405224369  14.4904103256  14.4904103256  14.4904103256
80.2  18.7710984645  14.435427343  14.435427343  14.435427343
80.3  18.7015939936  14.3803962877  14.3803962877  14.3803962877
80.4  18.6320291479  14.3253326267  14.3253326267  14.3253326267
80.5  18.5624241915  14.2702519282  14.2702519282  14.2702519282
80.6  18.4927995241  14.2151698576  14.2151698576  14.2151698576
80.7  18.4231756658  14.1601021661  14.1601021661  14.1601021661
80.8  18.3535732525  14.105064687  14.105064687  14.105064687
80.9  18.2840130262  14.0500733284  14.0500733284  14.0500733284
81.0  18.2145158238  13.9951440643  13.9951440643  13.9951440643
81.1  18.1451025697  13.9402929289  13.9402929289  13.9402929289
81.2  18.0757942657  13.8855360092  13.8855360092  13.8855360092
81.3  18.00661198  13.8308894361  13.8308894361  13.8308894361
81.4  17.9375768384  13.7763693779  13.7763693779  13.7763693779
81.5  17.8687100129  13.7219920315  13.7219920315  13.7219920315
81.6  17.8000327167  13.6677736184  13.6677736184  13.6677736184
81.7  17.7315661869  13.6137303717  13.6137303717  13.6137303717
81.8  17.6354684269  13.5384883251  13.5384883251  13.5353572308
81.9  17.6056858983  13.5141678487  13.5141678487  13.5111024498
82.0  17.5759536661  13.4898928165  13.4898928165  13.4868931116
82.1  17.5462716452  13.4656631388  13.4656631388  13.4627291255
82.2  17.5166397509  13.441478726  13.441478726  13.4386104009
82.3  17.4870578986  13.4173394889  13.4173394889  13.4145368474
82.4  17.4575260036  13.3932453384  13.3932453384  13.3905083748
82.5  17.4280439817  13.3691961856  13.3691961856  13.3665248933
82.6  17.3986117486  13.3451919417  13.3451919417  13.342586313
82.7  17.3692292203  13.3212325181  13.3212325181  13.3186925443
82.8  17.3398963127  13.2973178265  13.2973178265  13.2948434979
82.9  17.3106129422  13.2734477788  13.2734477788  13.2710390846
83.0  17.281379025  13.2496222869  13.2496222869  13.2472792153
83.1  17.2521944776  13.225841263  13.225841263  13.2235638013
83.2  17.2230592166  13.2021046195  13.2021046195  13.1998927539
83.3  17.1939731589  13.178412269  13.178412269  13.1762659847
83.4  17.1649362213  13.1547641242  13.1547641242  13.1526834054
83.5  17.1359483209  13.131160098  13.131160098  13.1291449281
83.6  17.1070093748  13.1076001036  13.1076001036  13.1056504648
83.7  17.0781193004  13.0840840542  13.0840840542  13.0821999279
83.8  17.0492780151  13.0606118633  13.0606118633  13.0587932299
83.9  17.0204854366  13.0371834446  13.0371834446  13.0354302835
84.0  16.9917414826  13.013798712  13.013798712  13.0121110016
84.1  16.963046071  12.9904575793  12.9904575793  12.9888352973
84.2  16.9343991198  12.967159961  12.967159961  12.9656030839
84.3  16.9058005471  12.9439057712  12.9439057712  12.9424142747
84.4  16.8772502713  12.9206949246  12.9206949246  12.9192687835
84.5  16.8487482108  12.897527336  12.897527336  12.8961665241
84.6  16.8202942842  12.8744029202  12.8744029202  12.8731074105
84.7  16.7918884102  12.8513215924  12.8513215924  12.8500913568
84.8  16.7635305076  12.8282832677  12.8282832677  12.8271182776
84.9  16.7352204954  12.8052878618  12.8052878618  12.8041880872
85.0  16.7069582928  12.7823352902  12.7823352902  12.7813007006
85.1  16.678743819  12.7594254687  12.7594254687  12.7584560326
85.2  16.6505769934  12.7365583133  12.7365583133  12.7356539982
85.3  16.6224577355  12.7137337402  12.7137337402  12.712894513
85.4  16.594385965  12.6909516657  12.6909516657  12.6901774922
85.5  16.5663616017  12.6682120063  12.6682120063  12.6675028516
85.6  16.5383845656  12.6455146787  12.6455146787  12.644870507
85.7  16.5104547767  12.6228595998  12.6228595998  12.6222803744
85.8  16.4825721552  12.6002466867  12.6002466867  12.5997323701
85.9  16.4547366215  12.5776758564  12.5776758564  12.5772264104
86.0  16.4269480961  12.5551470265  12.5551470265  12.5547624119
86.1  16.3992064995  12.5326601144  12.5326601144  12.5323402912
86.2  16.3715117526  12.5102150379  12.5102150379  12.5099599654
86.3  16.3438637761  12.4878117149  12.4878117149  12.4876213516
86.4  16.3162624911  12.4654500636  12.4654500636  12.4653243669
86.5  16.2887078188  12.443130002  12.443130002  12.4430689289
86.6  16.2611996805  12.4208514487  12.4208514487  12.4208549552
86.7  16.2337379975  12.3986143222  12.3986143222  12.3986823635
86.8  16.2063226914  12.3764185413  12.3764185413  12.376551072
86.9  16.1789536838  12.3542640249  12.3542640249  12.3544609986
87.0  16.1516308967  12.3321506921  12.3321506921  12.3324120618
87.1  16.1243542519  12.3100784622  12.3100784622  12.3104041801
87.2  16.0971236715  12.2880472547  12.2880472547  12.2884372721
87.3  16.0699390777  12.2660569891  12.2660569891  12.2665112567
87.4  16.0428003929  12.2441075851  12.2441075851  12.2446260529
87.5  16.0157075395  12.2221989629  12.2221989629  12.22278158
87.6  15.9886604401  12.2003310423  12.2003310423  12.2009777572
87.7  15.9616590175  12.1785037438  12.1785037438  12.1792145042
87.8  15.9347031945  12.1567169878  12.1567169878  12.1574917407
87.9  15.9077928942  12.1349706948  12.1349706948  12.1358093865
88.0  15.8809280395  12.1132647857  12.1132647857  12.1141673617
88.1  15.8541085539  12.0915991814  12.0915991814  12.0925655865
88.2  15.8273343606  12.069973803  12.069973803  12.0710039814
88.3  15.8006053831  12.0483885717  12.0483885717  12.049482467
88.4  15.7739215452  12.0268434091  12.0268434091  12.0280009638
88.5  15.7472827706  12.0053382366  12.0053382366  12.006559393
88.6  15.7206889832  11.9838729761  11.9838729761  11.9851576755
88.7  15.694140107  11.9624475495  11.9624475495  11.9637957326
88.8  15.6676360661  11.9410618789  11.9410618789  11.9424734857
88.9  15.6411767849  11.9197158865  11.9197158865  11.9211908564
89.0  15.6147621878  11.8984094947  11.8984094947  11.8999477665
89.1  15.5883921992  11.8771426262  11.8771426262  11.8787441378
89.2  15.5620667439  11.8559152036  11.8559152036  11.8575798925
89.3  15.5357857467  11.8347271498  11.8347271498  11.8364549527
89.4  15.5095491324  11.813578388  11.813578388  11.815369241
89.5  15.4833568262  11.7924688412  11.7924688412  11.7943226799
89.6  15.4572087531  11.771398433  11.771398433  11.7733151922
89.7  15.4311048386  11.7503670868  11.7503670868  11.7523467007
89.8  15.405045008  11.7293747264  11.7293747264  11.7314171285
89.9  15.3790291868  11.7084212756  11.7084212756  11.7105263989
90.0  15.3530573008  11.6875066583  11.6875066583  11.6896744353
90.0  15.3530573008  11.6875066583  11.6875066583  11.6896744353
90.1  15.3271292757  11.6666307989  11.6666307989  11.6688611612
90.2  15.3012450376  11.6457936216  11.6457936216  11.6480865004
90.3  15.2754045123  11.6249950508  11.6249950508  11.6273503767
90.4  15.2496076262  11.6042350114  11.6042350114  11.6066527143
90.5  15.2238543055  11.583513428  11.583513428  11.5859934373
90.6  15.1981444766  11.5628302256  11.5628302256  11.56537247
90.7  15.1724780661  11.5421853293  11.5421853293  11.5447897372
90.8  15.1468550007  11.5215786645  11.5215786645  11.5242451633
90.9  15.1212752072  11.5010101564  11.5010101564  11.5037386734
91.0  15.0957386124  11.4804797308  11.4804797308  11.4832701923
91.1  15.0702451435  11.4599873134  11.4599873134  11.4628396454
91.2  15.0447947276  11.43953283  11.43953283  11.4424469578
91.3  15.019387292  11.4191162066  11.4191162066  11.4220920552
91.4  14.9940227641  11.3987373696  11.3987373696  11.4017748631
91.5  14.9687010715  11.3783962452  11.3783962452  11.3814953074
91.6  14.9434221418  11.35809276  11.35809276  11.3612533141
91.7  14.9181859027  11.3378268406  11.3378268406  11.3410488092
91.8  14.8929922823  11.3175984138  11.3175984138  11.320881719
91.9  14.8678412085  11.2974074065  11.2974074065  11.3007519701
92.0  14.8427326095  11.277253746  11.277253746  11.2806594889
92.1  14.8176664135  11.2571373595  11.2571373595  11.2606042022
92.2  14.792642549  11.2370581743  11.2370581743  11.240586037
92.3  14.7676609444  11.2170161181  11.2170161181  11.2206049203
92.4  14.7427215284  11.1970111185  11.1970111185  11.2006607793
92.5  14.7178242297  11.1770431035  11.1770431035  11.1807535413
92.6  14.6929689773  11.1571120011  11.1571120011  11.160883134
92.7  14.6681557  11.1372177393  11.1372177393  11.1410494849
92.8  14.643384327  11.1173602467  11.1173602467  11.1212525219
92.9  14.6186547876  11.0975394515  11.0975394515  11.101492173
93.0  14.5939670111  11.0777552824  11.0777552824  11.0817683664
93.1  14.5693209269  11.0580076683  11.0580076683  11.0620810302
93.2  14.5447164647  11.0382965379  11.0382965379  11.042430093
93.3  14.5201535542  11.0186218204  11.0186218204  11.0228154833
93.4  14.4956321251  10.998983445  10.998983445  11.0032371299
93.5  14.4711521075  10.9793813409  10.9793813409  10.9836949617
93.6  14.4467134314  10.9598154378  10.9598154378  10.9641889077
93.7  14.422316027  10.9402856652  10.9402856652  10.9447188971
93.8  14.3979598246  10.9207919529  10.9207919529  10.9252848593
93.9  14.3736447546  10.901334231  10.901334231  10.9058867237
94.0  14.3493707475  10.8819124293  10.8819124293  10.88652442
94.1  14.3251377341  10.8625264783  10.8625264783  10.8671978779
94.2  14.300945645  10.8431763082  10.8431763082  10.8479070275
94.3  14.2767944111  10.8238618496  10.8238618496  10.8286517988
94.4  14.2526839636  10.8045830331  10.8045830331  10.809432122
94.5  14.2286142334  10.7853397895  10.7853397895  10.7902479275
94.6  14.2045851518  10.7661320498  10.7661320498  10.7710991459
94.7  14.1805966502  10.746959745  10.746959745  10.7519857078
94.8  14.15664866  10.7278228065  10.7278228065  10.732907544
94.9  14.1327411129  10.7087211654  10.7087211654  10.7138645856
95.0  14.1088739405  10.6896547535  10.6896547535  10.6948567636
95.1  14.0850470746  10.6706235023  10.6706235023  10.6758840092
95.2  14.0612604472  10.6516273436  10.6516273436  10.656946254
95.3  14.0375139903  10.6326662093  10.6326662093  10.6380434294
95.4  14.0138076361  10.6137400316  10.6137400316  10.6191754671
95.5  13.9901413168  10.5948487427  10.5948487427  10.600342299
95.6  13.9665149649  10.5759922748  10.5759922748  10.581543857
95.7  13.9429285129  10.5571705606  10.5571705606  10.5627800733
95.8  13.9193818933  10.5383835327  10.5383835327  10.5440508802
95.9  13.8958750389  10.5196311237  10.5196311237  10.52535621
96.0  13.8724078825  10.5009132667  10.5009132667  10.5066959953
96.1  13.8489803572  10.4822298948  10.4822298948  10.4880701688
96.2  13.8255923959  10.463580941  10.463580941  10.4694786633
96.3  13.8022439319  10.4449663387  10.4449663387  10.4509214118
96.4  13.7789348984  10.4263860215  10.4263860215  10.4323983475
96.5  13.7556652289  10.4078399228  10.4078399228  10.4139094036
96.6  13.7324348569  10.3893279765  10.3893279765  10.3954545134
96.7  13.709243716  10.3708501164  10.3708501164  10.3770336106
96.8  13.68609174  10.3524062766  10.3524062766  10.3586466288
96.9  13.6629788627  10.3339963911  10.3339963911  10.3402935018
97.0  13.6399050181  10.3156203943  10.3156203943  10.3219741636
97.1  13.6168701402  10.2972782207  10.2972782207  10.3036885483
97.2  13.5938741634  10.2789698047  10.2789698047  10.2854365901
97.3  13.5709170218  10.260695081  10.260695081  10.2672182235
97.4  13.5479986499  10.2424539846  10.2424539846  10.2490333828
97.5  13.5251189823  10.2242464503  10.2242464503  10.2308820028
97.6  13.5022779535  10.2060724132  10.2060724132  10.2127640182
97.7  13.4794754983  10.1879318086  10.1879318086  10.194679364
97.8  13.4567115516  10.1698245719  10.1698245719  10.1766279753
97.9  13.4339860483  10.1517506385  10.1517506385  10.1586097872
98.0  13.4112989235  10.133709944  10.133709944  10.140624735
98.1  13.3886501124  10.1157024243  10.1157024243  10.1226727543
98.2  13.3660395503  10.0977280152  10.0977280152  10.1047537806
98.3  13.3434671726  10.0797866528  10.0797866528  10.0868677497
98.4  13.3209329148  10.0618782731  10.0618782731  10.0690145975
98.5  13.2984367125  10.0440028126  10.0440028126  10.0511942599
98.6  13.2759785015  10.0261602076  10.0261602076  10.0334066732
98.7  13.2535582176  10.0083503947  10.0083503947  10.0156517735
98.8  13.2311757968  9.99057331047  9.99057331047  9.99792949729
98.9  13.2088311751  9.97282889184  9.97282889184  9.98023978114
99.0  13.1865242887  9.95511707572  9.95511707572  9.9625825617
99.1  13.1642550738  9.93743779919  9.93743779919  9.9449577758
99.2  13.1420234668  9.91979099943  9.91979099943  9.92736536037
99.3  13.1198294043  9.90217661378  9.90217661378  9.90980525248
99.4  13.0976728228  9.88459457971  9.88459457971  9.89227738934
99.5  13.075553659  9.86704483479  9.86704483479  9.87478170829
99.6  13.0534718497  9.84952731675  9.84952731675  9.85731814679
99.7  13.0314273319  9.83204196342  9.83204196342  9.83988664246
99.8  13.0094200426  9.81458871278  9.81458871278  9.82248713301
99.9  12.9874499188  9.79716750294  9.79716750294  9.80511955631
100.0  12.9655168979  9.7797782721  9.7797782721  9.78778385035
100.1  12.9436209171  9.76242095864  9.76242095864  9.77047995325
100.2  12.921761914  9.74509550102  9.74509550102  9.75320780326
100.3  12.8999398261  9.72780183786  9.72780183786  9.73596733876
100.4  12.878154591  9.71053990788  9.71053990788  9.71875849826
100.5  12.8564061464  9.69330964994  9.69330964994  9.70158122038
100.6  12.8346944304  9.67611100303  9.67611100303  9.68443544391
100.7  12.8130193808  9.65894390625  9.65894390625  9.66732110773
100.8  12.7913809357  9.64180829884  9.64180829884  9.65023815086
100.9  12.7697790333  9.62470412015  9.62470412015  9.63318651245
101.0  12.7482136118  9.60763130967  9.60763130967  9.61616613177
101.1  12.7266846098  9.59058980701  9.59058980701  9.59917694823
101.2  12.7051919656  9.57357955188  9.57357955188  9.58221890135
101.3  12.6837356179  9.55660048415  9.55660048415  9.56529193079
101.4  12.6623155054  9.53965254379  9.53965254379  9.54839597632
101.5  12.6409315669  9.5227356709  9.5227356709  9.53153097786
101.6  12.6195837412  9.50584980571  9.50584980571  9.51469687544
101.7  12.5982719675  9.48899488856  9.48899488856  9.4978936092
101.8  12.5769961848  9.47217085991  9.47217085991  9.48112111944
101.9  12.5557563323  9.45537766036  9.45537766036  9.46437934656
102.0  12.5345523494  9.43861523062  9.43861523062  9.44766823109
102.1  12.5133841754  9.42188351151  9.42188351151  9.43098771368
102.2  12.49225175  9.405182444  9.405182444  9.41433773511
102.3  12.4711550127  9.38851196914  9.38851196914  9.39771823628
102.4  12.4500939033  9.37187202815  9.37187202815  9.38112915822
102.5  12.4290683616  9.35526256234  9.35526256234  9.36457044207
102.6  12.4080783275  9.33868351313  9.33868351313  9.3480420291
102.7  12.3871237411  9.32213482208  9.32213482208  9.33154386071
102.8  12.3662045425  9.30561643088  9.30561643088  9.3150758784
102.9  12.345320672  9.2891282813  9.2891282813  9.29863802382
103.0  12.3244720698  9.27267031527  9.27267031527  9.28223023872
103.1  12.3036586764  9.25624247482  9.25624247482  9.26585246498
103.2  12.2828804325  9.23984470209  9.23984470209  9.2495046446
103.3  12.2621372785  9.22347693935  9.22347693935  9.2331867197
103.4  12.2414291552  9.207139129  9.207139129  9.21689863251
103.5  12.2207560036  9.19083121352  9.19083121352  9.20064032541
103.6  12.2001177645  9.17455313555  9.17455313555  9.18441174086
103.7  12.1795143789  9.15830483783  9.15830483783  9.16821282147
103.8  12.1589457881  9.14208626319  9.14208626319  9.15204350996
103.9  12.1384119331  9.12589735463  9.12589735463  9.13590374917
104.0  12.1179127555  9.10973805523  9.10973805523  9.11979348205
104.1  12.0974481966  9.09360830819  9.09360830819  9.10371265168
104.2  12.077018198  9.07750805683  9.07750805683  9.08766120125
104.3  12.0566227012  9.06143724459  9.06143724459  9.07163907407
104.4  12.0362616481  9.04539581502  9.04539581502  9.05564621358
104.5  12.0159349804  9.02938371179  9.02938371179  9.03968256331
104.6  11.9956426401  9.01340087868  9.01340087868  9.02374806694
104.7  11.9753845692  8.99744725958  8.99744725958  9.00784266824
104.8  11.9551607099  8.98152279851  8.98152279851  8.99196631112
104.9  11.9349710043  8.96562743959  8.96562743959  8.97611893957
105.0  11.9148153948  8.94976112706  8.94976112706  8.96030049775
105.0  11.9148153948  8.94976112706  8.94976112706  8.96030049775
105.1  11.8946938239  8.93392380527  8.93392380527  8.94451092988
105.2  11.8746062339  8.91811541869  8.91811541869  8.92875018033
105.3  11.8545525676  8.90233591189  8.90233591189  8.91301819358
105.4  11.8345327676  8.88658522957  8.88658522957  8.89731491422
105.5  11.8145467768  8.87086331654  8.87086331654  8.88164028696
105.6  11.7945945381  8.85517011771  8.85517011771  8.86599425661
105.7  11.7746759944  8.8395055781  8.8395055781  8.85037676811
105.8  11.7547910888  8.82386964287  8.82386964287  8.83478776652
105.9  11.7349397646  8.80826225726  8.80826225726  8.81922719699
120.0  9.24655090589  6.86910998398  6.86910998398  6.88548668293
135.0  7.17583116666  5.282428945  5.282428945  5.30210922305
150.0  5.56883896022  4.06887468331  4.06887468331  4.08979501105
165.0  4.32172477928  3.13836877639  3.13836877639  3.15904271898
180.0  3.35389570452  2.42337908909  2.42337908909  2.44284407043

#SVE monte-carlo points sigmaR (r, sigmaR_med, sigmaR_std)
10.1  119.775419138  0.0
13.6  99.9680082893  0.0
17.0  78.8574383195  0.0
20.5  60.1608406233  0.0
24.0  47.2157207276  0.0
27.5  40.2775416578  0.0
30.9  37.9201421689  0.0
34.4  37.8916690149  0.0
37.9  38.2829639292  0.0
41.4  37.7387006621  0.0
44.9  35.7811532151  0.0
48.3  32.798109074  0.0
51.8  29.3420517736  0.0
55.3  26.3137413685  0.0
58.8  24.2884663773  0.0
62.2  23.4027680591  0.0
65.7  23.2755636514  0.0
69.2  23.3069256982  0.0
72.7  22.8257147389  0.0
76.1  21.4917968571  0.0
79.6  19.318028735  0.0
83.1  17.3690563328  0.0
86.6  16.3746938627  0.0
90.0  15.4632817876  0.0
93.5  14.5780231541  0.0
97.0  13.7434447617  0.0
100.5  12.9566452132  0.0
104.0  12.2148892138  0.0

#SVE monte-carlo points sigmaZ (r, sigmaZ_med, sigmaZ_std)
10.5  101.861093451  0.0
14.0  83.53621007  0.0
17.4  65.0121909099  0.0
20.9  49.1977723592  0.0
24.4  38.5799979184  0.0
27.9  33.0398301102  0.0
31.3  31.1748494234  0.0
34.8  31.0480416618  0.0
38.3  31.111963941  0.0
41.8  30.3466228434  0.0
45.2  28.5305257166  0.0
48.7  25.8510814738  0.0
52.2  22.9693798239  0.0
55.7  20.5281294565  0.0
59.2  18.9348794374  0.0
62.6  18.2386255624  0.0
66.1  18.0941287955  0.0
69.6  18.0142809905  0.0
73.1  17.494204759  0.0
76.5  16.3196374116  0.0
80.0  14.5453298767  0.0
83.5  13.1291449281  0.0
87.0  12.3324120618  0.0
90.4  11.6066527143  0.0
93.9  10.9058867237  0.0
97.4  10.2490333828  0.0
100.9  9.63318651245  0.0
104.4  9.05564621358  0.0

#SVE monte-carlo points sigmaPhi (r, sigmaPhi_med, sigmaPhi_std)
11.0  99.4838857243  0.0
14.5  80.7448610724  0.0
17.9  62.4827859865  0.0
21.4  47.3461055652  0.0
24.9  37.5008310135  0.0
28.4  32.5892627467  0.0
31.8  31.0876310185  0.0
35.3  31.077182653  0.0
38.8  31.0678756594  0.0
42.3  30.1442109941  0.0
45.7  28.185870296  0.0
49.2  25.4356255279  0.0
52.7  22.5806785989  0.0
56.2  20.2434384974  0.0
59.7  18.7836200354  0.0
63.1  18.1929682267  0.0
66.6  18.0918531341  0.0
70.1  17.976589519  0.0
73.6  17.3643395891  0.0
77.0  16.0933587008  0.0
80.5  14.2702519282  0.0
84.0  13.0121110016  0.0
87.5  12.22278158  0.0
90.9  11.5037386734  0.0
94.4  10.809432122  0.0
97.9  10.1586097872  0.0
101.4  9.54839597632  0.0
104.9  8.97611893957  0.0
