#Star points (r, v, dv)
79.3  184.8  11.5
48.1  196.6  2.6
29.4  200.8  1.8
20.6  211.7  1.7
12.2  173.0  2.6
5.2  127.6  2.20000000001
1.8  104.2  18.8
1.8  104.2  18.8
5.2  127.6  2.20000000001
12.2  173.0  2.6
20.6  211.7  1.7
29.4  200.8  1.8
48.1  196.6  2.6
79.3  184.8  11.5

#Star and gas polinom (r, p_star, p_gas)
1.8  103.922690544  217.392397691
1.9  104.245486991  217.721933178
2.0  104.622912795  218.044945558
2.1  105.050360971  218.361496498
2.2  105.523490378  218.671647282
2.3  106.038214377  218.975458813
2.4  106.59068986  219.272991616
2.5  107.17730664  219.564305839
2.6  107.794677193  219.849461252
2.7  108.439626745  220.128517253
2.8  109.109183689  220.401532867
2.9  109.800570326  220.668566747
3.0  110.511193933  220.92967718
3.1  111.238638122  221.18492208
3.2  111.980654516  221.434359
3.3  112.735154704  221.678045127
3.4  113.500202483  221.916037283
3.5  114.274006383  222.148391931
3.6  115.05491245  222.375165175
3.7  115.841397296  222.596412759
3.8  116.632061403  222.81219007
3.9  117.42562267  223.022552144
4.0  118.220910206  223.227553658
4.1  119.016858347  223.427248942
4.2  119.812500909  223.621691974
4.3  120.606965652  223.810936382
4.4  121.39946897  223.99503545
4.5  122.189310769  224.174042112
4.6  122.97586957  224.348008962
4.7  123.758597785  224.51698825
4.8  124.5370172  224.681031884
4.9  125.310714631  224.840191434
5.0  126.079337764  224.994518132
5.1  126.842591166  225.144062872
5.2  127.600232465  225.288876215
5.3  128.352068694  225.429008388
5.4  129.097952784  225.564509285
5.5  129.837780226  225.695428471
5.6  130.571485865  225.821815182
5.7  131.299040846  225.943718325
5.8  132.020449697  226.061186483
5.9  132.735747547  226.174267914
6.0  133.444997472  226.283010552
6.1  134.148287967  226.38746201
6.2  134.845730544  226.487669583
6.3  135.537457442  226.583680243
6.4  136.22361945  226.67554065
6.5  136.904383851  226.763297145
6.6  137.579932456  226.846995754
6.7  138.25045975  226.926682194
6.8  138.916171141  227.002401868
6.9  139.577281292  227.074199869
7.0  140.234012555  227.142120982
7.1  140.886593492  227.206209685
7.2  141.535257479  227.266510151
7.3  142.180241393  227.323066248
7.4  142.821784384  227.375921541
7.5  143.460126714  227.425119294
7.6  144.095508678  227.470702472
7.7  144.728169593  227.51271374
7.8  145.358346853  227.551195465
7.9  145.986275054  227.58618972
8.0  146.612185177  227.617738284
8.1  147.236303836  227.645882642
8.2  147.858852582  227.670663986
8.3  148.480047261  227.692123219
8.4  149.10009743  227.710300956
8.5  149.719205817  227.725237524
8.6  150.33756784  227.736972962
8.7  150.955371163  227.745547026
8.8  151.572795302  227.750999189
8.9  152.190011272  227.753368639
9.0  152.807181281  227.752694287
9.1  153.424458448  227.749014762
9.2  154.04198658  227.742368414
9.3  154.659899963  227.73279332
9.4  155.278323201  227.720327279
9.5  155.897371082  227.705007815
9.6  156.517148475  227.68687218
9.7  157.137750257  227.665957356
9.8  157.759261264  227.642300053
9.9  158.381756273  227.615936713
10.0  159.005300007  227.58690351
10.1  159.62994716  227.555236351
10.2  160.255742447  227.52097088
10.3  160.882720678  227.484142475
10.4  161.510906841  227.444786253
10.5  162.140316217  227.40293707
10.6  162.770954499  227.35862952
10.7  163.402817937  227.311897942
10.8  164.035893492  227.262776413
10.9  164.670159008  227.211298759
11.0  165.305583392  227.157498547
11.1  165.942126811  227.101409093
11.2  166.579740894  227.043063459
11.3  167.218368954  226.982494458
11.4  167.857946208  226.91973465
11.5  168.498400013  226.85481635
11.6  169.139650106  226.787771623
11.7  169.781608853  226.718632289
11.8  170.424181502  226.647429923
11.9  171.067266445  226.574195855
12.0  171.71075548  226.498961176
12.1  172.35453408  226.421756732
12.2  172.998481669  226.342613131
12.3  173.642471889  226.26156074
12.4  174.286372887  226.178629693
12.5  174.930047585  226.093849882
12.6  175.573353968  226.007250967
12.7  176.21614536  225.918862374
12.8  176.858270709  225.828713295
12.9  177.499574865  225.73683269
13.0  178.139898865  225.64324929
13.1  178.779080209  225.547991595
13.2  179.41695314  225.451087879
13.3  180.053348921  225.352566187
13.4  180.688096109  225.252454339
13.5  181.321020829  225.15077993
13.6  181.95194704  225.047570333
13.7  182.580696805  224.942852695
13.8  183.207090553  224.836653946
13.9  183.830947337  224.729000793
14.0  184.452085091  224.619919726
14.1  185.070320884  224.509437015
14.2  185.685471164  224.397578716
14.3  186.297352002  224.284370668
14.4  186.905779332  224.169838495
14.5  187.510569183  224.054007608
14.6  188.111537909  223.936903207
14.7  188.70850241  223.81855028
14.8  189.301280355  223.698973605
14.9  189.88969039  223.578197751
15.0  190.473552347  223.45624708
15.1  191.052687448  223.333145746
15.2  191.626918499  223.208917699
15.3  192.196070081  223.083586684
15.4  192.759968734  222.957176242
15.5  193.318443138  222.829709711
15.6  193.871324283  222.701210231
15.7  194.418445639  222.571700738
15.8  194.959643312  222.441203971
15.9  195.494756206  222.309742471
16.0  196.023626165  222.177338582
16.1  196.54609812  222.04401445
16.2  197.062020225  221.909792029
16.3  197.571243985  221.774693078
16.4  198.073624387  221.638739163
16.5  198.569020009  221.501951658
16.6  199.057293144  221.364351748
16.7  199.538309898  221.225960427
16.8  200.011940293  221.086798501
16.9  200.478058367  220.946886587
17.0  200.936542254  220.806245118
17.1  201.387274276  220.664894339
17.2  201.830141016  220.522854312
17.3  202.265033391  220.380144915
17.4  202.691846718  220.236785844
17.5  203.110480775  220.092796613
17.6  203.520839859  219.948196555
17.7  203.922832831  219.803004826
17.8  204.316373164  219.6572404
17.9  204.701378982  219.510922076
18.0  205.077773096  219.364068476
18.1  205.445483027  219.216698047
18.2  205.80444104  219.06882906
18.3  206.154584156  218.920479613
18.4  206.495854167  218.771667633
18.5  206.828197651  218.622410874
18.6  207.151565973  218.472726919
18.7  207.465915288  218.322633182
18.8  207.771206536  218.172146909
18.9  208.067405435  218.021285177
19.0  208.35448247  217.870064897
19.1  208.632412876  217.718502814
19.2  208.901176618  217.566615509
19.3  209.160758368  217.414419397
19.4  209.411147476  217.261930731
19.5  209.652337941  217.109165604
19.6  209.884328372  216.956139945
19.7  210.107121957  216.802869523
19.8  210.320726413  216.64936995
19.9  210.525153948  216.495656678
20.0  210.720421211  216.341745002
20.1  210.906549238  216.187650061
20.2  211.083563403  216.033386837
20.3  211.251493359  215.878970158
20.4  211.410372981  215.724414699
20.5  211.560240299  215.569734981
20.6  211.701137441  215.414945375
20.7  211.83311056  215.260060099
20.8  211.95620977  215.105093221
20.9  212.070489071  214.95005866
21.0  212.17600628  214.794970187
21.1  212.272822952  214.639841426
21.2  212.361004308  214.484685853
21.3  212.440619151  214.329516799
21.4  212.51173979  214.17434745
21.5  212.574441956  214.019190848
21.6  212.628804721  213.864059892
21.7  212.674910412  213.708967339
21.8  212.712844526  213.553925804
21.9  212.742695641  213.398947761
22.0  212.764555332  213.244045546
22.1  212.778518079  213.089231354
22.2  212.784681179  212.934517244
22.3  212.783144654  212.779915137
22.4  212.774011161  212.625436817
22.5  212.7573859  212.471093934
22.6  212.733376521  212.316898002
22.7  212.702093032  212.162860402
22.8  212.663647704  212.008992381
22.9  212.61815498  211.855305055
23.0  212.565731381  211.701809409
23.1  212.506495409  211.548516296
23.2  212.44056746  211.39543644
23.3  212.36806972  211.242580437
23.4  212.289126082  211.089958752
23.5  212.203862045  210.937581727
23.6  212.112404623  210.785459574
23.7  212.014882254  210.633602382
23.8  211.911424703  210.482020112
23.9  211.802162973  210.330722603
24.0  211.687229214  210.179719571
24.1  211.566756628  210.029020609
24.2  211.440879381  209.878635188
24.3  211.309732512  209.728572658
24.4  211.173451845  209.578842249
24.5  211.0321739  209.429453072
24.6  210.886035804  209.280414118
24.7  210.735175205  209.131734263
24.8  210.579730188  208.983422262
24.9  210.419839186  208.835486758
25.0  210.255640901  208.687936274
25.1  210.087274216  208.540779222
25.2  209.914878118  208.394023898
25.3  209.738591612  208.247678485
25.4  209.558553648  208.101751054
25.5  209.374903037  207.956249563
25.6  209.187778377  207.811181859
25.7  208.997317975  207.666555681
25.8  208.803659776  207.522378655
25.9  208.606941287  207.378658302
26.0  208.407299505  207.235402031
26.1  208.204870847  207.092617145
26.2  207.999791083  206.950310842
26.3  207.792195267  206.808490213
26.4  207.582217668  206.667162242
26.5  207.369991711  206.52633381
26.6  207.15564991  206.386011695
26.7  206.939323807  206.246202571
26.8  206.721143912  206.106913009
26.9  206.501239646  205.96814948
27.0  206.279739279  205.829918351
27.1  206.056769883  205.692225892
27.2  205.832457271  205.555078271
27.3  205.606925945  205.41848156
27.4  205.380299052  205.282441728
27.5  205.152698326  205.146964652
27.6  204.924244047  205.012056108
27.7  204.695054994  204.877721778
27.8  204.465248398  204.743967247
27.9  204.234939903  204.610798007
28.0  204.004243521  204.478219454
28.1  203.773271597  204.346236891
28.2  203.542134771  204.21485553
28.3  203.310941935  204.084080487
28.4  203.07980021  203.953916791
28.5  202.848814902  203.824369377
28.6  202.618089479  203.695443092
28.7  202.387725537  203.56714269
28.8  202.157822771  203.439472841
28.9  201.928478956  203.312438122
29.0  201.69978991  203.186043026
29.1  201.471849483  203.060291957
29.2  201.244749526  202.935189233
29.3  201.018579877  202.810739088
29.4  200.793428338  202.686945668
29.5  200.569380661  202.563813038
29.6  200.34652053  202.441345175
29.7  200.124929549  202.319545978
29.8  199.904687226  202.198419258
29.9  199.685870967  202.077968749
30.0  199.46855606  201.9581981
30.1  199.252815673  201.839110882
30.2  199.038720842  201.720710583
30.3  198.826340468  201.603000615
30.4  198.615741312  201.485984308
30.5  198.406987992  201.369664916
30.6  198.200142983  201.254045615
30.7  197.995266615  201.139129501
30.8  197.792417075  201.024919598
30.9  197.591650409  200.911418852
31.0  197.393020525  200.798630132
31.1  197.196579201  200.686556236
31.2  197.002376087  200.575199885
31.3  196.810458713  200.464563727
31.4  196.620872502  200.354650338
31.5  196.433660771  200.245462221
31.6  196.248864749  200.137001808
31.7  196.066523587  200.029271457
31.8  195.886674368  199.922273459
31.9  195.709352124  199.816010033
32.0  195.534589848  199.710483328
32.1  195.362418512  199.605695426
32.2  195.192867082  199.501648338
32.3  195.025962539  199.39834401
32.4  194.861729892  199.295784318
32.5  194.700192203  199.193971072
32.6  194.541370603  199.092906018
32.7  194.385284316  198.992590833
32.8  194.231950679  198.893027131
32.9  194.081385166  198.794216461
33.0  193.933601411  198.696160308
33.1  193.788611231  198.598860093
33.2  193.646424654  198.502317175
33.3  193.507049941  198.406532849
33.4  193.370493612  198.31150835
33.5  193.236760478  198.21724485
33.6  193.105853661  198.123743462
33.7  192.977774627  198.031005237
33.8  192.852523215  197.939031166
33.9  192.73009766  197.847822181
34.0  192.61049463  197.757379158
34.1  192.493709249  197.667702911
34.2  192.379735133  197.578794197
34.3  192.268564419  197.490653717
34.4  192.160187792  197.403282115
34.5  192.054594524  197.316679977
34.6  191.951772498  197.230847837
34.7  191.851708247  197.145786169
34.8  191.754386982  197.061495396
34.9  191.659792625  196.977975886
35.0  191.567907844  196.895227951
35.1  191.478714085  196.813251852
35.2  191.392191605  196.732047797
35.3  191.308319504  196.65161594
35.4  191.227075765  196.571956386
35.5  191.148437277  196.493069186
35.6  191.072379878  196.414954342
35.7  190.998878386  196.337611804
35.8  190.927906632  196.261041473
35.9  190.859437495  196.185243201
36.0  190.793442933  196.110216789
36.1  190.729894023  196.035961992
36.2  190.66876099  195.962478516
36.3  190.610013242  195.889766019
36.4  190.553619405  195.817824111
36.5  190.499547355  195.746652357
36.6  190.447764253  195.676250276
36.7  190.398236578  195.606617339
36.8  190.350930159  195.537752974
36.9  190.305810212  195.469656563
37.0  190.262841368  195.402327443
37.1  190.221987711  195.335764908
37.2  190.183212803  195.269968208
37.3  190.146479727  195.204936549
37.4  190.111751108  195.140669097
37.5  190.078989153  195.077164974
37.6  190.04815568  195.014423259
37.7  190.019212147  194.95244299
37.8  189.992119685  194.891223167
37.9  189.966839129  194.830762746
38.0  189.943331048  194.771060645
38.1  189.921555773  194.71211574
38.2  189.901473429  194.65392687
38.3  189.883043964  194.596492834
38.4  189.866227175  194.539812393
38.5  189.850982741  194.48388427
38.6  189.837270248  194.42870715
38.7  189.825049215  194.37427968
38.8  189.814279124  194.320600472
38.9  189.804919447  194.267668101
39.0  189.796929671  194.215481105
39.1  189.790269323  194.164037986
39.2  189.784897997  194.113337214
39.3  189.780775376  194.06337722
39.4  189.777861262  194.014156404
39.5  189.776115593  193.96567313
39.6  189.775498471  193.917925728
39.7  189.775970184  193.870912496
39.8  189.777491228  193.824631699
39.9  189.780022327  193.77908157
40.0  189.783524457  193.734260307
40.1  189.787958865  193.690166079
40.2  189.793287094  193.646797024
40.3  189.799470992  193.604151247
40.4  189.806472745  193.562226823
40.5  189.814254883  193.521021798
40.6  189.822780308  193.480534186
40.7  189.832012303  193.440761973
40.8  189.841914558  193.401703117
40.9  189.852451177  193.363355543
41.0  189.863586701  193.325717153
41.1  189.875286122  193.288785816
41.2  189.887514893  193.252559377
41.3  189.90023895  193.21703565
41.4  189.913424719  193.182212427
41.5  189.927039133  193.148087468
41.6  189.941049639  193.11465851
41.7  189.955424222  193.081923264
41.8  189.970131402  193.049879413
41.9  189.985140252  193.018524617
42.0  190.000420413  192.98785651
42.1  190.015942091  192.957872702
42.2  190.03167608  192.928570778
42.3  190.047593761  192.899948299
42.4  190.063667117  192.872002805
42.5  190.079868729  192.844731809
42.6  190.096171803  192.818132802
42.7  190.112550158  192.792203255
42.8  190.128978238  192.766940613
42.9  190.145431121  192.742342302
43.0  190.161884519  192.718405724
43.1  190.178314789  192.695128262
43.2  190.194698924  192.672507277
43.3  190.211014579  192.650540108
43.4  190.227240044  192.629224075
43.5  190.243354276  192.608556479
43.6  190.259336879  192.588534598
43.7  190.275168119  192.569155694
43.8  190.290828917  192.550417008
43.9  190.306300851  192.532315763
44.0  190.321566164  192.514849162
44.1  190.33660775  192.498014391
44.2  190.351409167  192.481808619
44.3  190.365954624  192.466228995
44.4  190.380228987  192.451272652
44.5  190.394217774  192.436936706
44.6  190.407907154  192.423218257
44.7  190.421283943  192.410114386
44.8  190.434335598  192.397622161
44.9  190.447050219  192.385738632
45.0  190.45941654  192.374460834
45.1  190.471423929  192.363785786
45.2  190.483062377  192.353710494
45.3  190.494322498  192.344231946
45.4  190.505195523  192.33534712
45.5  190.515673295  192.327052975
45.6  190.525748256  192.319346459
45.7  190.535413448  192.312224505
45.8  190.544662502  192.305684035
45.9  190.553489635  192.299721955
46.0  190.561889638  192.294335159
46.1  190.569857867  192.28952053
46.2  190.57739025  192.285274936
46.3  190.584483249  192.281595235
46.4  190.591133889  192.278478272
46.5  190.597339712  192.275920882
46.6  190.603098799  192.273919887
46.7  190.608409739  192.272472099
46.8  190.613271634  192.27157432
46.9  190.617684078  192.271223338
47.0  190.621647157  192.271415936
47.1  190.625161433  192.272148883
47.2  190.628227934  192.273418939
47.3  190.630848149  192.275222856
47.4  190.63302401  192.277557374
47.5  190.634757882  192.280419228
47.6  190.636052565  192.28380514
47.7  190.636911261  192.287711826
47.8  190.637337584  192.292135994
47.9  190.637335533  192.297074341
48.0  190.636909493  192.302523559
48.1  190.636064217  192.308480332
48.2  190.634804813  192.314941335
48.3  190.633136731  192.321903239
48.4  190.63106577  192.329362704
48.5  190.628598037  192.337316386
48.6  190.625739955  192.345760935
48.7  190.622498251  192.354692992
48.8  190.618879932  192.364109195
48.9  190.614892279  192.374006174
49.0  190.610542852  192.384380555
49.1  190.605839448  192.395228958
49.2  190.600790103  192.406547997
49.3  190.595403094  192.418334283
49.4  190.589686907  192.430584421
49.5  190.583650231  192.443295011
49.6  190.577301951  192.45646265
49.7  190.570651131  192.47008393
49.8  190.563707013  192.484155439
49.9  190.556478981  192.498673763
50.0  190.548976582  192.513635482
50.1  190.541209488  192.529037175
50.2  190.533187496  192.544875417
50.3  190.52492052  192.56114678
50.4  190.516418569  192.577847833
50.5  190.507691751  192.594975143
50.6  190.498750246  192.612525275
50.7  190.489604299  192.630494792
50.8  190.480264225  192.648880254
50.9  190.470740374  192.66767822
51.0  190.461043138  192.686885249
51.1  190.451182939  192.706497896
51.2  190.441170205  192.726512717
51.3  190.431015374  192.746926264
51.4  190.420728881  192.767735093
51.5  190.410321151  192.788935756
51.6  190.399802582  192.810524805
51.7  190.389183529  192.832498793
51.8  190.378474327  192.854854271
51.9  190.367685241  192.877587792
52.0  190.356826487  192.900695909
52.1  190.345908205  192.924175174
52.2  190.334940455  192.948022142
52.3  190.323933229  192.972233367
52.4  190.312896403  192.996805405
52.5  190.301839766  193.021734812
52.6  190.290773001  193.047018147
52.7  190.279705655  193.072651969
52.8  190.268647169  193.098632839
52.9  190.25760684  193.12495732
53.0  190.246593847  193.151621979
53.1  190.2356172  193.178623381
53.2  190.224685773  193.205958097
53.3  190.213808272  193.233622698
53.4  190.202993254  193.261613759
53.5  190.192249103  193.289927857
53.6  190.181584016  193.318561574
53.7  190.171006021  193.347511491
53.8  190.160522957  193.376774197
53.9  190.150142478  193.406346281
54.0  190.139872042  193.436224336
54.1  190.129718909  193.466404961
54.2  190.119690123  193.496884755
54.3  190.109792549  193.527660325
54.4  190.100032802  193.558728279
54.5  190.090417331  193.590085231
54.6  190.080952334  193.621727798
54.7  190.071643782  193.653652604
54.8  190.062497464  193.685856275
54.9  190.0535189  193.718335444
55.0  190.044713405  193.751086746
55.1  190.036086055  193.784106824
55.2  190.027641718  193.817392326
55.3  190.019384981  193.850939903
55.4  190.011320255  193.884746214
55.5  190.003451656  193.918807923
55.6  189.99578312  193.953121698
55.7  189.988318303  193.987684215
55.8  189.981060637  194.022492156
55.9  189.974013328  194.057542207
56.0  189.967179327  194.092831063
56.1  189.960561352  194.128355423
56.2  189.954161883  194.164111994
56.3  189.947983172  194.200097488
56.4  189.942027224  194.236308627
56.5  189.936295795  194.272742136
56.6  189.930790455  194.309394749
56.7  189.925512475  194.346263207
56.8  189.920462955  194.383344258
56.9  189.915642729  194.420634657
57.0  189.911052403  194.458131166
57.1  189.906692389  194.495830557
57.2  189.902562836  194.533729606
57.3  189.8986637  194.5718251
57.4  189.8949947  194.610113832
57.5  189.891555366  194.648592603
57.6  189.888344977  194.687258222
57.7  189.885362647  194.726107509
57.8  189.882607241  194.765137288
57.9  189.880077444  194.804344393
58.0  189.877771748  194.843725669
58.1  189.875688442  194.883277965
58.2  189.873825606  194.922998143
58.3  189.872181163  194.962883071
58.4  189.870752832  195.002929627
58.5  189.86953816  195.043134698
58.6  189.868534505  195.083495179
58.7  189.867739098  195.124007976
58.8  189.867148933  195.164670003
58.9  189.866760905  195.205478183
59.0  189.866571731  195.246429449
59.1  189.866577959  195.287520744
59.2  189.866776022  195.328749021
59.3  189.867162194  195.37011124
59.4  189.867732611  195.411604375
59.5  189.868483275  195.453225405
59.6  189.869410066  195.494971323
59.7  189.870508751  195.536839131
59.8  189.87177498  195.57882584
59.9  189.873204282  195.620928471
60.0  189.874792071  195.663144058
60.1  189.876533705  195.705469642
60.2  189.878424398  195.747902277
60.3  189.880459298  195.790439026
60.4  189.882633499  195.833076963
60.5  189.884941963  195.875813173
60.6  189.887379619  195.918644751
60.7  189.889941321  195.961568805
60.8  189.892621866  196.00458245
60.9  189.89541598  196.047682816
61.0  189.89831836  196.090867041
61.1  189.901323679  196.134132277
61.2  189.904426502  196.177475683
61.3  189.90762144  196.220894434
61.4  189.910903046  196.264385713
61.5  189.914265829  196.307946715
61.6  189.917704346  196.351574648
61.7  189.921213085  196.39526673
61.8  189.92478656  196.439020191
61.9  189.928419271  196.482832272
62.0  189.932105743  196.526700227
62.1  189.935840503  196.57062132
62.2  189.939618056  196.614592829
62.3  189.943433075  196.658612042
62.4  189.947280071  196.70267626
62.5  189.951153686  196.746782795
62.6  189.955048615  196.790928972
62.7  189.958959586  196.835112127
62.8  189.962881306  196.87932961
62.9  189.966808635  196.923578782
63.0  189.970736424  196.967857015
63.1  189.97465963  197.012161696
63.2  189.978573241  197.056490222
63.3  189.982472325  197.100840004
63.4  189.986352049  197.145208464
63.5  189.990207638  197.189593038
63.6  189.99403442  197.233991173
63.7  189.99782779  197.278400331
63.8  190.001583197  197.322817984
63.9  190.005296285  197.367241617
64.0  190.008962736  197.411668729
64.1  190.012578329  197.456096832
64.2  190.016138979  197.50052345
64.3  190.019640687  197.544946119
64.4  190.023079531  197.589362389
64.5  190.026451804  197.633769822
64.6  190.029753884  197.678165995
64.7  190.032982165  197.722548497
64.8  190.036133305  197.766914928
64.9  190.039204034  197.811262904
65.0  190.042191161  197.855590052
65.1  190.045091752  197.899894014
65.2  190.047902833  197.944172443
65.3  190.050621685  197.988423008
65.4  190.053245763  198.032643389
65.5  190.055772546  198.07683128
65.6  190.058199709  198.120984388
65.7  190.060525047  198.165100433
65.8  190.062746597  198.209177151
65.9  190.064862326  198.253212287
66.0  190.066870542  198.297203604
66.1  190.068769669  198.341148875
66.2  190.070558199  198.385045888
66.3  190.072234764  198.428892444
66.4  190.073798232  198.472686358
66.5  190.075247584  198.516425459
66.6  190.076581928  198.560107587
66.7  190.077800518  198.6037306
66.8  190.078902785  198.647292366
66.9  190.07988829  198.690790767
67.0  190.08075666  198.7342237
67.1  190.081507769  198.777589076
67.2  190.082141661  198.820884818
67.3  190.082658439  198.864108863
67.4  190.083058305  198.907259164
67.5  190.083341784  198.950333684
67.6  190.083509317  198.993330403
67.7  190.08356164  199.036247313
67.8  190.083499593  199.079082421
67.9  190.083324115  199.121833748
68.0  190.083036233  199.164499326
68.1  190.082637232  199.207077204
68.2  190.082128491  199.249565443
68.3  190.081511316  199.29196212
68.4  190.080787482  199.334265324
68.5  190.079958617  199.376473158
68.6  190.079026479  199.418583739
68.7  190.077993131  199.460595198
68.8  190.076860599  199.502505681
68.9  190.075630973  199.544313347
69.0  190.074306581  199.586016369
69.1  190.0728898  199.627612933
69.2  190.071383081  199.66910124
69.3  190.069788916  199.710479505
69.4  190.068110075  199.751745957
69.5  190.066349257  199.792898838
69.6  190.064509366  199.833936405
69.7  190.062593168  199.874856929
69.8  190.060603798  199.915658694
69.9  190.058544172  199.956339999
70.0  190.056417607  199.996899156
70.1  190.054227073  200.037334491
70.2  190.051975984  200.077644346
70.3  190.049667748  200.117827073
70.4  190.047305575  200.157881043
70.5  190.044892911  200.197804636
70.6  190.042433244  200.23759625
70.7  190.039930145  200.277254294
70.8  190.037387054  200.316777193
70.9  190.03480761  200.356163385
71.0  190.032195429  200.395411321
71.1  190.029554199  200.434519468
71.2  190.026887391  200.473486305
71.3  190.024198906  200.512310328
71.4  190.021492203  200.550990042
71.5  190.018771106  200.58952397
71.6  190.01603926  200.627910648
71.7  190.013300257  200.666148624
71.8  190.010557964  200.704236463
71.9  190.007815886  200.742172742
72.0  190.005077772  200.77995605
72.1  190.002347222  200.817584995
72.2  189.999627726  200.855058193
72.3  189.996923083  200.892374278
72.4  189.994236615  200.929531897
72.5  189.991572023  200.966529709
72.6  189.988932715  201.003366388
72.7  189.986321917  201.040040622
72.8  189.983743302  201.076551113
72.9  189.981200073  201.112896576
73.0  189.978695432  201.14907574
73.1  189.976232664  201.185087348
73.2  189.973814905  201.220930155
73.3  189.971445125  201.256602933
73.4  189.969126467  201.292104465
73.5  189.966861707  201.327433548
73.6  189.964653773  201.362588994
73.7  189.962505549  201.397569627
73.8  189.960419442  201.432374285
73.9  189.958398302  201.46700182
74.0  189.956444397  201.501451097
74.1  189.954560343  201.535720996
74.2  189.952748549  201.569810409
74.3  189.95101071  201.603718241
74.4  189.94934937  201.637443412
74.5  189.947766454  201.670984855
74.6  189.946263683  201.704341515
74.7  189.944843036  201.737512353
74.8  189.943506116  201.770496342
74.9  189.942254598  201.803292467
75.0  189.941089739  201.835899729
75.1  189.940012805  201.86831714
75.2  189.939025268  201.900543727
75.3  189.938128053  201.932578529
75.4  189.937322092  201.964420598
75.5  189.936608299  201.996069001
75.6  189.935987296  202.027522817
75.7  189.935459802  202.058781137
75.8  189.935026232  202.089843068
75.9  189.934686981  202.120707726
76.0  189.934442176  202.151374245
76.1  189.934291847  202.181841768
76.2  189.934235969  202.212109453
76.3  189.934274571  202.24217647
76.4  189.934407089  202.272042002
76.5  189.934633323  202.301705246
76.6  189.93495256  202.331165411
76.7  189.935364285  202.360421719
76.8  189.935867498  202.389473405
76.9  189.936461492  202.418319716
77.0  189.937145021  202.446959912
77.1  189.937917093  202.475393267
77.2  189.9387761  202.503619066
77.3  189.93972106  202.531636608
77.4  189.940750282  202.559445203
77.5  189.941861984  202.587044175
77.6  189.943054644  202.614432861
77.7  189.944326117  202.641610608
77.8  189.945674773  202.668576778
77.9  189.94709824  202.695330745
78.0  189.948594558  202.721871893
78.1  189.95016119  202.748199623
78.2  189.951795964  202.774313343
78.3  189.95349629  202.800212478
78.4  189.955259789  202.825896462
78.5  189.957083517  202.851364742
78.6  189.958964869  202.876616779
78.7  189.960900852  202.901652043
78.8  189.962888931  202.92647002
78.9  189.964925936  202.951070204
79.0  189.967008699  202.975452103
79.1  189.969134101  202.999615238
79.2  189.971299148  203.02355914

#Gas points (r, v, dv)
4.5  265.5  73.4
5.7  261.6  55.4
6.8  241.8  42.9
8.1  233.9  10.0
9.1  228.2  10.0
10.0  224.9  10.0
11.3  222.6  10.0
13.6  220.9  10.0
14.8  220.3  10.0
16.0  220.9  10.0
17.0  221.5  10.0
20.0  221.5  10.0
20.4  221.5  10.0
21.7  219.8  23.4
30.0  202.5  10.0
40.0  189.8  10.0
50.0  189.8  10.0
60.0  197.7  10.0
70.0  203.4  10.0
80.0  203.4  10.0
90.0  201.7  10.0
100.0  202.2  10.0
110.0  202.2  10.0
120.0  198.9  10.0
130.0  195.5  10.0
140.0  194.3  10.0
150.0  192.1  10.0
165.0  189.8  10.0
180.0  191.0  14.7
210.0  192.1  18.6
