#SVE points (r, sigmaR, sigmaZ, sigmaPhi, sigmaMajRestored)
26.2  130.340879927  65.1704399634  98.4120069253  74.8600899493
26.3  130.210366988  65.1051834938  98.2324221151  74.7567341812
26.4  130.080705455  65.0403527275  98.0546614229  74.6543241956
26.5  129.951930704  64.9759653521  97.8787348017  74.5528730637
26.6  129.824078072  64.9120390361  97.7046523037  74.4523939117
26.7  129.697182846  64.8485914231  97.5324240716  74.3528999139
26.8  129.571280252  64.785640126  97.3620603309  74.2544042855
26.9  129.446405442  64.7232027208  97.1935713808  74.1569202754
27.0  129.322593481  64.6612967407  97.0269675863  74.0604611595
27.1  129.199879341  64.5999396707  96.8622593694  73.9650402333
27.2  129.078297883  64.5391489414  96.6994572014  73.8706708053
27.3  128.957883847  64.4789419234  96.5385715941  73.7773661897
27.4  128.838671843  64.4193359216  96.379613092  73.6851396999
27.5  128.720696339  64.3603481694  96.2225922637  73.5940046412
27.6  128.603991646  64.3019958231  96.0675196944  73.5039743043
27.7  128.488591913  64.2442959563  95.9144059772  73.4150619584
27.8  128.374531109  64.1872655544  95.7632617054  73.3272808447
27.9  128.261843018  64.130921509  95.6140974644  73.2406441694
28.0  128.150561225  64.0752806124  95.466923824  73.155165097
28.1  128.040719105  64.0203595525  95.3217513301  73.0708567445
28.2  127.932349813  63.9661749067  95.1785904974  72.9877321737
28.3  127.825486275  63.9127431374  95.0374518013  72.9058043859
28.4  127.720161173  63.8600805864  94.8983456704  72.8250863146
28.5  127.616406939  63.8082034694  94.7612824787  72.7455908196
28.6  127.514255743  63.7571278714  94.626272538  72.6673306806
28.7  127.413739482  63.7068697411  94.4933260908  72.5903185912
28.8  127.314889772  63.657444886  94.3624533025  72.5145671521
28.9  127.217737936  63.6088689678  94.2336642539  72.4400888658
29.0  127.122314994  63.5611574968  94.1069689343  72.36689613
29.1  127.028651655  63.5143258276  93.9823772343  72.2950012318
29.2  126.936778308  63.4683891538  93.8598989382  72.2244163418
29.3  126.846725008  63.4233625039  93.7395437171  72.1551535084
29.4  126.758521472  63.379260736  93.6213211223  72.0872246517
29.5  126.672197067  63.3360985335  93.505240578  72.0206415583
29.6  126.587780801  63.2938904004  93.3913113743  71.9554158751
29.7  126.505301314  63.2526506571  93.2795426609  71.8915591043
29.8  126.424786871  63.2123934357  93.1699434402  71.8290825975
29.9  126.346265351  63.1731326757  93.0625225606  71.7679975506
30.0  126.26976424  63.13488212  92.9572887102  71.7083149984
30.0  126.26976424  63.13488212  92.9572887102  71.7083149984
30.1  126.19531062  63.0976553101  92.8542504102  71.6500458093
30.2  126.122931165  63.0614655826  92.7534160086  71.5932006801
30.3  126.05265213  63.0263260649  92.6547936743  71.5377901311
30.4  125.984499342  62.9922496712  92.5583913903  71.4838245011
30.5  125.918498197  62.9592490983  92.4642169481  71.4313139423
30.6  125.854673645  62.9273368224  92.3722779416  71.3802684154
30.7  125.793050189  62.8965250946  92.2825817613  71.3306976853
30.8  125.733651876  62.866825938  92.1951355882  71.2826113158
30.9  125.676502287  62.8382511433  92.1099463887  71.2360186658
31.0  125.621624531  62.8108122656  92.0270209084  71.190928884
31.1  125.569041242  62.7845206211  91.9463656668  71.147350905
31.2  125.518774567  62.7593872835  91.8679869521  71.1052934448
31.3  125.470846162  62.7354230808  91.7918908157  71.0647649966
31.4  125.425277184  62.7126385918  91.718083067  71.0257738266
31.5  125.382088287  62.6910441434  91.6465692682  70.9883279701
31.6  125.341299614  62.6706498069  91.5773547297  70.9524352273
31.7  125.302930792  62.6514653958  91.5104445048  70.9181031596
31.8  125.267000924  62.6335004622  91.445843385  70.8853390857
31.9  125.233528588  62.6167642941  91.3835558952  70.854150078
32.0  125.202531826  62.601265913  91.3235862896  70.824542959
32.1  125.174028142  62.5870140709  91.2659385464  70.7965242975
32.2  125.148034495  62.5740172476  91.2106163643  70.7701004055
32.3  125.124567297  62.5622836484  91.1576231575  70.7452773347
32.4  125.103642404  62.5518212018  91.1069620519  70.7220608735
32.5  125.085275113  62.5426375566  91.0586358809  70.7004565434
32.6  125.069480161  62.5347400804  91.0126471817  70.6804695963
32.7  125.056271713  62.5281358564  90.9689981911  70.6621050115
32.8  125.045663365  62.5228316825  90.9276908419  70.6453674925
32.9  125.037668136  62.518834068  90.8887267592  70.6302614648
33.0  125.032298466  62.5161492328  90.8521072572  70.6167910726
33.1  125.029566209  62.5147831046  90.8178333353  70.6049601767
33.2  125.029482635  62.5147413176  90.7859056751  70.5947723517
33.3  125.032058422  62.5160292109  90.7563246372  70.5862308836
33.4  125.037303653  62.5186518265  90.7290902581  70.5793387676
33.5  125.045227816  62.5226139078  90.7042022469  70.5740987059
33.6  125.055839797  62.5279198985  90.6816599829  70.5705131056
33.7  125.069147882  62.5345739408  90.6614625128  70.5685840763
33.8  125.085159749  62.5425798743  90.6436085476  70.5683134288
33.9  125.10388247  62.5519412349  90.6280964606  70.5697026724
34.0  125.125322507  62.5626612534  90.6149242846  70.5727530142
34.1  125.149485709  62.5747428543  90.6040897098  70.5774653565
34.2  125.176377311  62.5881886555  90.5955900817  70.5838402958
34.3  125.206001934  62.6030009668  90.5894223985  70.5918781209
34.4  125.238363578  62.619181789  90.5855833098  70.601578812
34.5  125.273465628  62.6367328138  90.5840691143  70.612942039
34.6  125.311310845  62.6556554226  90.5848757579  70.6259671605
34.7  125.351901372  62.6759506859  90.5879988327  70.6406532228
34.8  125.395238726  62.6976193631  90.5934335748  70.6569989584
34.9  125.441323804  62.7206619021  90.6011748632  70.6750027858
35.0  125.490156877  62.7450784386  90.6112172184  70.694662808
35.1  125.541737592  62.770868796  90.6235548011  70.7159768122
35.2  125.596064971  62.7980324854  90.6381814114  70.7389422688
35.3  125.653137411  62.8265687053  90.6550904876  70.7635563314
35.4  125.712952683  62.8564763416  90.6742751052  70.7898158355
35.5  125.775507935  62.8877539675  90.6957279764  70.8177172988
35.6  125.840799688  62.920399844  90.7194414492  70.8472569208
35.7  125.90882384  62.9544119198  90.7454075071  70.8784305823
35.8  125.979575663  62.9897878316  90.7736177684  70.9112338455
35.9  126.053049809  63.0265249044  90.804063486  70.9456619539
36.0  126.129240304  63.0646201521  90.8367355472  70.9817098324
36.1  126.208140556  63.1040702779  90.8716244734  71.0193720876
36.2  126.28974335  63.144871675  90.9087204203  71.0586430077
36.3  126.374040854  63.1870204269  90.9480131778  71.0995165629
36.4  126.461024617  63.2305123084  90.9894921705  71.1419864061
36.5  126.550685573  63.2753427864  91.0331464575  71.186045873
36.6  126.643014041  63.3215070206  91.0789647332  71.231687983
36.7  126.737999729  63.3689998645  91.1269353276  71.2789054395
36.8  126.835631733  63.4178158666  91.1770462072  71.3276906309
36.9  126.935898542  63.467949271  91.2292849752  71.3780356315
37.0  127.038788038  63.5193940191  91.2836388728  71.4299322021
37.1  127.144287501  63.5721437504  91.3400947798  71.483371791
37.2  127.252383608  63.626191804  91.3986392159  71.5383455356
37.3  127.363062439  63.6815312197  91.4592583414  71.5948442627
37.4  127.47630948  63.7381547399  91.5219379588  71.6528584903
37.5  127.592109621  63.7960548106  91.5866635139  71.712378429
37.6  127.710447166  63.855223583  91.6534200973  71.7733939826
37.7  127.831305831  63.9156529154  91.7221924458  71.8358947507
37.8  127.954668749  63.9773343747  91.7929649441  71.8998700291
37.9  128.080518476  64.0402592381  91.8657216264  71.9653088122
38.0  128.20883699  64.104418495  91.9404461783  72.0321997943
38.1  128.339605698  64.1698028489  92.0171219385  72.1005313715
38.2  128.472805438  64.2364027192  92.0957319011  72.1702916433
38.3  128.608416486  64.3042082431  92.1762587172  72.241468415
38.4  128.746418556  64.3732092782  92.2586846974  72.314049199
38.5  128.886790808  64.4433954038  92.342991814  72.3880212174
38.6  129.029511848  64.5147559238  92.4291617033  72.4633714039
38.7  129.174559737  64.5872798684  92.517175668  72.5400864058
38.8  129.321911994  64.660955997  92.6070146795  72.6181525867
38.9  129.4715456  64.7357727998  92.6986593811  72.6975560283
39.0  129.623437001  64.8117185007  92.7920900899  72.7782825332
39.1  129.777562119  64.8887810596  92.8872868002  72.8603176272
39.2  129.93389635  64.9669481752  92.984229186  72.9436465615
39.3  130.092414574  65.0462072868  93.0828966042  73.028254316
39.4  130.253091156  65.1265455781  93.1832680972  73.1141256012
39.5  130.415899957  65.2079499787  93.2853223964  73.2012448615
39.6  130.580814335  65.2904071675  93.3890379251  73.2895962774
39.7  130.747807151  65.3739035755  93.4943928021  73.379163769
39.8  130.916850776  65.4584253882  93.6013648446  73.469930998
39.9  131.087917098  65.5439585489  93.7099315717  73.5618813717
40.0  131.260977523  65.6304887614  93.8200702082  73.6549980452
40.1  131.436002986  65.7180014932  93.9317576877  73.7492639246
40.2  131.612963956  65.806481978  94.0449706566  73.8446616705
40.3  131.791830439  65.8959152195  94.1596854777  73.9411737009
40.4  131.972571988  65.986285994  94.2758782338  74.0387821942
40.5  132.155157707  66.0775788536  94.3935247315  74.1374690931
40.6  132.33955626  66.1697781298  94.5126005056  74.2372161073
40.7  132.525735872  66.2628679361  94.6330808225  74.3380047172
40.8  132.713664344  66.356832172  94.7549406845  74.4398161775
40.9  132.903309051  66.4516545257  94.8781548338  74.5426315201
41.0  133.094636956  66.547318478  95.002697757  74.6464315583
41.1  133.28761461  66.6438073052  95.1285436887  74.7511968901
41.2  133.482208166  66.741104083  95.2556666165  74.8569079016
41.3  133.678383379  66.8391916897  95.3840402848  74.9635447713
41.4  133.87610562  66.9380528101  95.5136381995  75.0710874729
41.5  134.075339877  67.0376699383  95.6444336323  75.1795157801
41.6  134.276050764  67.1380253822  95.7763996255  75.2888092696
41.7  134.478202533  67.2391012666  95.9095089961  75.3989473253
41.8  134.681759074  67.3408795369  96.043734341  75.5099091422
41.9  134.886683926  67.4433419631  96.1790480414  75.6216737301
42.0  135.092940286  67.5464701431  96.3154222674  75.734219918
42.1  135.300491014  67.6502455069  96.4528289831  75.8475263577
42.2  135.50929864  67.7546493198  96.5912399511  75.9615715279
42.3  135.719325374  67.8596626871  96.7306267378  76.0763337386
42.4  135.930533114  67.9652665571  96.870960718  76.1917911347
42.5  136.142883451  68.0714417254  97.01221308  76.3079217007
42.6  136.356337678  68.1781688389  97.1543548305  76.4247032644
42.7  136.570856799  68.2854283993  97.2973568  76.5421135014
42.8  136.786401535  68.3932007676  97.4411896475  76.6601299395
42.9  137.002932335  68.5014661676  97.585823866  76.7787299623
43.0  137.220409381  68.6102046903  97.7312297874  76.8978908144
43.1  137.438792595  68.7193962975  97.8773775879  77.017589605
43.2  137.658041653  68.8290208263  98.0242372932  77.1378033126
43.3  137.878115986  68.9390579929  98.1717787839  77.2585087894
43.4  138.098974793  69.0494873967  98.3199718006  77.3796827655
43.5  138.320577049  69.1602885246  98.4687859496  77.5013018537
43.6  138.54288151  69.2714407548  98.6181907081  77.6233425534
43.7  138.765846722  69.3829233612  98.7681554294  77.7457812558
43.8  138.989431035  69.4947155176  98.9186493488  77.8685942477
43.9  139.213592603  69.6067963017  99.069641589  77.9917577164
44.0  139.438289398  69.7191446992  99.2211011652  78.1152477541
44.1  139.663479217  69.8317396084  99.3729969912  78.2390403628
44.2  139.889119688  69.9445598441  99.5252978846  78.3631114581
44.3  140.115168284  70.0575841419  99.6779725725  78.4874368747
44.4  140.341582325  70.1707911624  99.830989697  78.6119923704
44.5  140.568318991  70.2841594956  99.9843178211  78.7367536309
44.6  140.79533533  70.3976676649  100.137925434  78.8616962744
44.7  141.022588264  70.5112941318  100.291780957  78.9867958563
44.8  141.250034599  70.6250172997  100.445852749  79.1120278739
44.9  141.477631037  70.7388155184  100.600109112  79.2373677708
45.0  141.705334177  70.8526670885  100.754518298  79.3627909418
45.0  141.705334177  70.8526670885  100.754518298  79.3627909418
45.1  141.933100531  70.9665502655  100.909048513  79.4882727377
45.2  142.160886528  71.080443264  101.063667925  79.6137884696
45.3  142.388648525  71.1943242626  101.218344665  79.7393134138
45.4  142.616342815  71.3081714074  101.37304684  79.8648228166
45.5  142.843925633  71.4219628167  101.527742533  79.990291899
45.6  143.071353171  71.5356765856  101.682399809  80.115695861
45.7  143.298581579  71.6492907897  101.836986725  80.2410098868
45.8  143.52556698  71.7627834899  101.991471332  80.3662091494
45.9  143.752265472  71.8761327362  102.145821683  80.4912688151
46.0  143.978633146  71.9893165728  102.300005834  80.6161640482
46.1  144.204626083  72.1023130415  102.453991859  80.740870016
46.2  144.430200373  72.2151001865  102.607747845  80.8653618934
46.3  144.655312117  72.3276560587  102.761241907  80.9896148672
46.4  144.87991744  72.4399587198  102.914442187  81.1136041415
46.5  145.103972493  72.5519862466  103.067316864  81.2373049417
46.6  145.327433471  72.6637167354  103.219834157  81.3606925197
46.7  145.550256612  72.7751283062  103.371962335  81.4837421582
46.8  145.772398214  72.886199107  103.523669717  81.6064291755
46.9  145.993814635  72.9969073176  103.674924681  81.7287289304
47.0  146.214462309  73.1072311547  103.825695669  81.8506168263
47.1  146.434297751  73.2171488753  103.975951195  81.9720683164
47.2  146.653277563  73.3266387814  104.125659847  82.0930589078
47.3  146.871358448  73.4356792239  104.274790294  82.2135641668
47.4  147.088497214  73.544248607  104.423311293  82.3335597226
47.5  147.304650784  73.6523253922  104.571191693  82.4530212727
47.6  147.519776205  73.7598881027  104.718400443  82.5719245869
47.7  147.733830654  73.8669153271  104.864906594  82.690245512
47.8  147.946771448  73.9733857239  105.010679307  82.8079599767
47.9  148.158556051  74.0792780255  105.155687859  82.9250439956
48.0  148.369142084  74.1845710422  105.299901647  83.0414736738
48.1  148.578487333  74.2892436664  105.443290193  83.1572252115
48.2  148.786549753  74.3932748765  105.585823154  83.2722749086
48.3  148.993287482  74.496643741  105.727470322  83.3865991688
48.4  149.198658845  74.5993294224  105.86820163  83.500174504
48.5  149.402622363  74.7013111814  106.007987164  83.6129775392
48.6  149.605136761  74.8025683806  106.146797159  83.7249850161
48.7  149.806160977  74.9030804885  106.28460201  83.836173798
48.8  150.005654167  75.0028270837  106.421372277  83.946520874
48.9  150.203575717  75.1017878583  106.55707869  84.0560033631
49.0  150.399885244  75.1999426221  106.691692153  84.1645985185
49.1  150.594542612  75.2972713062  106.82518375  84.2722837321
49.2  150.787507934  75.393753967  106.957524749  84.3790365383
49.3  150.97874158  75.4893707901  107.088686611  84.4848346184
49.4  151.168204187  75.5841020934  107.218640992  84.5896558048
49.5  151.355856663  75.6779283317  107.347359746  84.6934780848
49.6  151.541660199  75.7708300996  107.474814937  84.796279605
49.7  151.725576272  75.8627881359  107.600978835  84.8980386751
49.8  151.907566653  75.9537833265  107.725823931  84.9987337723
49.9  152.087593417  76.0437967085  107.849322931  85.0983435445
50.0  152.265618947  76.1328094736  107.971448772  85.1968468152
50.1  152.441605943  76.2208029714  108.092174617  85.2942225866
50.2  152.615517427  76.3077587136  108.211473867  85.3904500439
50.3  152.787316753  76.3936583765  108.329320161  85.4855085591
50.4  152.95696761  76.4784838051  108.445687385  85.5793776945
50.5  153.124434033  76.5622170165  108.560549672  85.6720372067
50.6  153.289680406  76.6448402028  108.673881411  85.7634670505
50.7  153.452671469  76.7263357347  108.785657247  85.8536473822
50.8  153.61337233  76.806686165  108.895852091  85.9425585631
50.9  153.771748463  76.8858742314  109.004441119  86.0301811639
51.0  153.92776572  76.96388286  109.111399782  86.1164959671
51.1  154.081390337  77.0406951684  109.216703803  86.2014839717
51.2  154.232588937  77.1162944687  109.320329189  86.2851263957
51.3  154.381328542  77.190664271  109.422252232  86.3674046799
51.4  154.527576572  77.2637882859  109.522449511  86.4483004916
51.5  154.671300856  77.3356504279  109.620897899  86.5277957271
51.6  154.812469636  77.4062348181  109.717574567  86.605872516
51.7  154.951051575  77.4755257874  109.812456988  86.6825132236
51.8  155.087015758  77.5435078792  109.905522938  86.7577004545
51.9  155.220331705  77.6101658524  109.996750504  86.8314170556
52.0  155.350969368  77.6754846838  110.086118086  86.9036461195
52.1  155.478899143  77.7394495715  110.173604401  86.9743709869
52.2  155.604091874  77.802045937  110.259188486  87.0435752505
52.3  155.726518856  77.8632594281  110.342849703  87.111242757
52.4  155.846151843  77.9230759217  110.424567741  87.1773576108
52.5  155.962963052  77.981481526  110.504322623  87.2419041763
52.6  156.076925167  78.0384625835  110.582094705  87.304867081
52.7  156.188011346  78.094005673  110.65786468  87.3662312181
52.8  156.296195225  78.1480976123  110.731613587  87.4259817494
52.9  156.401450921  78.2007254604  110.803322806  87.4841041076
53.0  156.503753041  78.2518765204  110.872974068  87.5405839992
53.1  156.603076682  78.3015383408  110.940549455  87.5954074068
53.2  156.699397437  78.3496987187  111.006031402  87.6485605921
53.3  156.792691403  78.3963457015  111.069402704  87.7000300973
53.4  156.882935178  78.4414675891  111.130646516  87.7498027488
53.5  156.970105872  78.4850529361  111.189746355  87.7978656583
53.6  157.054181107  78.5270905537  111.246686106  87.844206226
53.7  157.135139024  78.5675695118  111.301450022  87.8888121421
53.8  157.212958282  78.6064791411  111.35402273  87.9316713894
53.9  157.287618069  78.6438090346  111.404389228  87.9727722454
54.0  157.359098099  78.6795490497  111.452534894  88.012103284
54.1  157.42737862  78.71368931  111.498445483  88.0496533778
54.2  157.492440414  78.746220207  111.542107134  88.0854116999
54.3  157.554264804  78.7771324018  111.583506369  88.1193677258
54.4  157.612833653  78.8064168267  111.622630096  88.1515112352
54.5  157.668129373  78.8340646867  111.659465614  88.1818323137
54.6  157.720134922  78.8600674612  111.694000609  88.2103213545
54.7  157.768833811  78.8844169054  111.726223163  88.2369690603
54.8  157.814210104  78.9071050518  111.756121751  88.2617664445
54.9  157.856248423  78.9281242113  111.783685246  88.2847048328
55.0  157.89493395  78.9474669749  111.808902917  88.3057758648
55.1  157.930252429  78.9651262147  111.831764437  88.3249714955
55.2  157.96219017  78.9810950852  111.852259877  88.3422839961
55.3  157.990734049  78.9953670244  111.870379713  88.3577059559
55.4  158.01587151  79.0079357548  111.886114827  88.3712302831
55.5  158.03759057  79.018795285  111.899456506  88.3828502064
55.6  158.055879819  79.0279399097  111.910396446  88.3925592753
55.7  158.070728423  79.0353642116  111.918926749  88.4003513621
55.8  158.082126124  79.0410630618  111.925039932  88.4062206621
55.9  158.090063241  79.0450316206  111.928728919  88.4101616949
56.0  158.094530677  79.0472653384  111.929987049  88.4121693052
56.1  158.095519913  79.0477599565  111.928808073  88.4122386634
56.2  158.093023015  79.0465115074  111.925186158  88.4103652667
56.3  158.087032632  79.0435163159  111.919115885  88.4065449392
56.4  158.077541998  79.0387709992  111.910592249  88.4007738332
56.5  158.064544935  79.0322724676  111.899610665  88.393048429
56.6  158.04803585  79.0240179251  111.886166964  88.383365536
56.7  158.028009738  79.0140048692  111.870257392  88.3717222926
56.8  158.004462184  79.002231092  111.851878616  88.3581161671
56.9  157.97738936  78.9886946798  111.831027721  88.3425449574
57.0  157.946788028  78.9733940138  111.80770221  88.3250067916
57.1  157.912655539  78.9563277697  111.781900004  88.3055001281
57.2  157.874989837  78.9374949185  111.753619445  88.2840237557
57.3  157.833789452  78.9168947259  111.722859291  88.2605767935
57.4  157.789053505  78.8945267527  111.689618722  88.235158691
57.5  157.740781709  78.8703908546  111.653897336  88.207769228
57.6  157.688974364  78.8444871818  111.615695148  88.1784085144
57.7  157.633632359  78.8168161794  111.575012592  88.1470769902
57.8  157.574757173  78.7873785865  111.531850522  88.1137754248
57.9  157.512350873  78.7561754366  111.486210206  88.0785049171
58.0  157.446416113  78.7232080565  111.438093332  88.0412668947
58.1  157.376956133  78.6884780665  111.387502003  88.0020631138
58.2  157.303974759  78.6519873796  111.334438737  87.9608956584
58.3  157.227476402  78.6137382012  111.278906469  87.91776694
58.4  157.147466057  78.5737330283  111.220908547  87.8726796966
58.5  157.063949298  78.5319746489  111.160448732  87.8256369923
58.6  156.976932283  78.4884661416  111.097531196  87.7766422162
58.7  156.886421749  78.4432108745  111.032160526  87.725699082
58.8  156.792425009  78.3962125046  110.964341715  87.6728116266
58.9  156.694949954  78.3474749769  110.894080166  87.6179842095
59.0  156.594005047  78.2970025234  110.821381691  87.5612215119
59.1  156.489599325  78.2447996624  110.746252507  87.5025285351
59.2  156.381742395  78.1908711973  110.668699235  87.4419105996
59.3  156.27044443  78.1352222152  110.588728901  87.3793733444
59.4  156.155716173  78.0778580866  110.506348929  87.3149227248
59.5  156.037568927  78.0187844635  110.421567148  87.2485650118
59.6  155.916014557  77.9580072784  110.33439178  87.1803067906
59.7  155.791065486  77.8955327431  110.244831447  87.1101549587
59.8  155.662734695  77.8313673473  110.152895163  87.0381167252
59.9  155.531035714  77.7655178571  110.058592337  86.9641996084
60.0  155.395982627  77.6979913137  109.961932765  86.8884114348
60.0  155.395982627  77.6979913137  109.961932765  86.8884114348
60.1  155.257590064  77.6287950319  109.862926633  86.810760337
60.2  155.115873197  77.5579365984  109.761584513  86.7312547524
60.3  154.970847741  77.4854238705  109.657917362  86.6499034209
60.4  154.822529948  77.4112649741  109.551936515  86.5667153836
60.5  154.670936604  77.3354683022  109.443653689  86.4816999803
60.6  154.516085026  77.2580425131  109.333080977  86.394866848
60.7  154.357993057  77.1789965285  109.220230844  86.3062259187
60.8  154.196679064  77.098339532  109.105116129  86.2157874174
60.9  154.032161933  77.0160809666  108.987750037  86.1235618597
61.0  153.864461067  76.9322305333  108.86814614  86.0295600501
61.1  153.693596378  76.8467981889  108.746318374  85.9337930793
61.2  153.519588288  76.7597941438  108.622281033  85.836272322
61.3  153.34245772  76.67122886  108.49604877  85.7370094347
61.4  153.162226098  76.5811130491  108.36763659  85.6360163533
61.5  152.97891534  76.4894576698  108.23705985  85.5333052904
61.6  152.792547852  76.3962739261  108.104334256  85.428888733
61.7  152.603146529  76.3015732646  107.969475856  85.3227794399
61.8  152.410734744  76.205367372  107.832501041  85.214990439
61.9  152.215336347  76.1076681736  107.693426538  85.1055350247
62.0  152.016975659  76.0084878297  107.55226941  84.9944267551
62.1  151.815677468  75.9078387342  107.409047049  84.8816794495
62.2  151.611467022  75.8057335111  107.263777178  84.7673071851
62.3  151.404370026  75.7021850129  107.116477839  84.6513242945
62.4  151.194412634  75.5972063172  106.967167396  84.5337453628
62.5  150.981621449  75.4908107244  106.815864529  84.4145852242
62.6  150.76602351  75.383011755  106.662588232  84.2938589597
62.7  150.547646294  75.2738231469  106.507357803  84.1715818933
62.8  150.326517705  75.1632588524  106.35019285  84.0477695892
62.9  150.102666071  75.0513330355  106.191113277  83.922437849
63.0  149.876120139  74.9380600693  106.030139287  83.7956027078
63.1  149.646909065  74.8234545326  105.867291375  83.6672804314
63.2  149.415062414  74.7075312072  105.702590323  83.537487513
63.3  149.18061015  74.5903050752  105.536057198  83.4062406696
63.4  148.943582631  74.4717913155  105.367713346  83.273556839
63.5  148.704010602  74.3520053009  105.19758039  83.1394531761
63.6  148.46192519  74.2309625951  105.025680221  83.0039470492
63.7  148.217357899  74.1086789496  104.852034999  82.8670560373
63.8  147.9703406  73.9851703002  104.676667146  82.7287979257
63.9  147.720905529  73.8604527645  104.499599338  82.5891907028
64.0  147.469085275  73.7345426376  104.32085451  82.4482525565
64.1  147.214912779  73.6074563897  104.140455839  82.3060018704
64.2  146.958421325  73.4792106627  103.958426749  82.1624572201
64.3  146.699644532  73.3498222662  103.774790903  82.0176373697
64.4  146.43861635  73.2193081749  103.589572196  81.8715612675
64.5  146.17537105  73.0876855248  103.402794753  81.7242480429
64.6  145.909943219  72.9549716096  103.214482925  81.5757170018
64.7  145.642367756  72.8211838778  103.02466128  81.4259876232
64.8  145.372679857  72.6863399285  102.833354602  81.2750795553
64.9  145.100915017  72.5504575084  102.640587883  81.1230126112
65.0  144.827109016  72.413554508  102.44638632  80.969806765
65.1  144.551297916  72.2756489579  102.250775311  80.8154821482
65.2  144.273518051  72.1367590255  102.053780445  80.6600590451
65.3  143.993806022  71.996903011  101.855427503  80.5035578891
65.4  143.712198688  71.8560993441  101.655742448  80.3459992582
65.5  143.42873316  71.7143665798  101.454751421  80.1874038712
65.6  143.143446791  71.5717233953  101.252480738  80.0277925837
65.7  142.856377172  71.4281885858  101.048956883  79.8671863833
65.8  142.567562121  71.2837810606  100.844206501  79.7056063858
65.9  142.27703968  71.1385198399  100.638256394  79.5430738309
66.0  141.984848101  70.9924240504  100.431133519  79.3796100779
66.1  141.691025843  70.8455129217  100.222864977  79.2152366013
66.2  141.395611565  70.6978057825  100.013478009  79.0499749867
66.3  141.098644113  70.5493220567  99.8029999931  78.8838469264
66.4  140.800162518  70.4000812592  99.5914584376  78.7168742146
66.5  140.500205985  70.2501029925  99.3788809742  78.5490787439
66.6  140.198813885  70.0994069423  99.1652953536  78.3804825
66.7  139.896025747  69.9480128736  98.95072944  78.2111075577
66.8  139.591881255  69.7959406273  98.7352112048  78.0409760765
66.9  139.28642023  69.6432101151  98.5187687215  77.8701102961
67.0  138.979682634  69.4898413169  98.3014301598  77.6985325317
67.1  138.671708551  69.3358542755  98.0832237803  77.5262651699
67.2  138.362538186  69.1812690932  97.864177928  77.3533306638
67.3  138.052211856  69.0261059279  97.6443210273  77.1797515287
67.4  137.740769977  68.8703849887  97.4236815759  77.0055503375
67.5  137.428253064  68.7141265319  97.2022881393  76.8307497162
67.6  137.114701714  68.5573508569  96.9801693449  76.6553723393
67.7  136.800156605  68.4000783024  96.7573538761  76.4794409253
67.8  136.484658484  68.242329242  96.5338704666  76.302978232
67.9  136.16824816  68.0841240802  96.3097478946  76.126007052
68.0  135.850966497  67.9254832483  96.0850149772  75.948550208
68.1  135.532854401  67.7664272004  95.8597005643  75.7706305486
68.2  135.213952817  67.6069764087  95.6338335326  75.592270943
68.3  134.894302721  67.4471513606  95.4074427804  75.4134942769
68.4  134.573945106  67.286972553  95.180557221  75.2343234478
68.5  134.252920979  67.1264604896  94.9532057773  75.0547813602
68.6  133.931271352  66.9656356758  94.7254173762  74.8748909214
68.7  133.60903723  66.8045186151  94.4972209421  74.6946750363
68.8  133.286259609  66.6431298046  94.2686453914  74.5141566031
68.9  132.962979463  66.4814897313  94.0397196268  74.3333585089
69.0  132.639237735  66.3196188676  93.8104725312  74.1523036245
69.1  132.315075334  66.1575376671  93.5809329617  73.9710148001
69.2  131.990533122  65.995266561  93.3511297443  73.7895148611
69.3  131.665651907  65.8328259534  93.1210916678  73.6078266027
69.4  131.340472435  65.6702362175  92.8908474777  73.4259727857
69.5  131.015035383  65.5075176915  92.6604258706  73.2439761321
69.6  130.689381348  65.3446906742  92.4298554887  73.06185932
69.7  130.363550843  65.1817754214  92.1991649134  72.8796449797
69.8  130.037584283  65.0187921414  91.9683826601  72.6973556883
69.9  129.711521982  64.8557609909  91.7375371719  72.5150139659
70.0  129.385404142  64.6927020712  91.5066568141  72.3326422704
70.1  129.059270848  64.5296354242  91.2757698687  72.1502629937
70.2  128.733162056  64.3665810279  91.0449045282  71.9678984564
70.3  128.407117585  64.2035587926  90.81408889  71.7855709038
70.4  128.081177115  64.0405885573  90.5833509512  71.6033025012
70.5  127.75538017  63.8776900849  90.352718602  71.4211153294
70.6  127.429766118  63.7148830589  90.1222196211  71.2390313805
70.7  127.104374158  63.552187079  89.8918816694  71.0570725531
70.8  126.779243314  63.3896216571  89.6617322842  70.8752606479
70.9  126.454412428  63.2272062142  89.4317988747  70.6936173639
71.0  126.12992015  63.064960075  89.202108715  70.5121642929
71.1  125.805804931  62.9029024654  88.9726889399  70.3309229162
71.2  125.482105016  62.7410525079  88.7435665384  70.1499145998
71.3  125.158858436  62.5794292178  88.514768349  69.9691605901
71.4  124.836102999  62.4180514994  88.2863210535  69.7886820092
71.5  124.513876285  62.2569381426  88.0582511727  69.6084998519
71.6  124.192215636  62.0961078181  87.8305850594  69.4286349797
71.7  123.87115815  61.935579075  87.603348895  69.2491081183
71.8  123.550740672  61.7753703358  87.3765686826  69.0699398519
71.9  123.230999787  61.6154998935  87.1502702427  68.8911506205
72.0  122.911971815  61.4559859075  86.9244792075  68.7127607145
72.1  122.5936928  61.2968464001  86.6992210159  68.5347902714
72.2  122.276198506  61.1380992531  86.4745209084  68.3572592714
72.3  121.959524407  60.9797622035  86.250403922  68.1801875335
72.4  121.643705682  60.8218528408  86.026894885  68.0035947116
72.5  121.328777206  60.6643886029  85.8040184122  67.8275002903
72.6  121.014773545  60.5073867726  85.5817988998  67.6519235812
72.7  120.701728949  60.3508644747  85.3602605206  67.4768837189
72.8  120.389677343  60.1948386717  85.139427219  67.3023996572
72.9  120.078652322  60.0393261612  84.9193227063  67.1284901653
73.0  119.768687144  59.8843435718  84.6999704558  66.955173824
73.1  119.459814721  59.7299073606  84.4813936984  66.7824690221
73.2  119.152067618  59.5760338092  84.2636154177  66.6103939526
73.3  118.845478041  59.4227390207  84.0466583451  66.4389666089
73.4  118.540077834  59.2700389169  83.8305449561  66.2682047819
73.5  118.235898468  59.1179492342  83.615297465  66.0981260554
73.6  117.932971043  58.9664855214  83.400937821  65.9287478037
73.7  117.631326272  58.815663136  83.1874877031  65.760087187
73.8  117.330994483  58.6654972417  82.9749685171  65.5921611494
73.9  117.032005609  58.5160028046  82.7634013897  65.4249864139
74.0  116.734389183  58.3671945914  82.5528071659  65.2585794806
74.1  116.43817433  58.2190871651  82.3432064037  65.0929566225
74.2  116.143389767  58.0716948833  82.1346193706  64.9281338826
74.3  115.85006379  57.925031895  81.9270660395  64.7641270709
74.4  115.558224275  57.7791121374  81.720566085  64.600951761
74.5  115.267898668  57.6339493339  81.5151388789  64.4386232872
74.6  114.979113982  57.4895569908  81.310803487  64.2771567414
74.7  114.69189679  57.3459483951  81.1075786655  64.1165669705
74.8  114.406273224  57.2031366118  80.9054828568  63.9568685733
74.9  114.122268963  57.0611344814  80.7045341862  63.7980758974
75.0  113.839909234  56.9199546172  80.5047504586  63.640203037
75.0  113.839909234  56.9199546172  80.5047504586  63.640203037
75.1  113.559218807  56.7796094033  80.3061491549  63.4832638299
75.2  113.280221983  56.6401109917  80.1087474283  63.3272718544
75.3  113.002942602  56.5014713008  79.9125621019  63.1722404279
75.4  112.727404025  56.3637020123  79.7176096649  63.0181826034
75.5  112.453629139  56.2268145693  79.5239062691  62.8651111671
75.6  112.181640349  56.0908201744  79.331467727  62.7130386364
75.7  111.911459575  55.9557297876  79.1403095078  62.5619772575
75.8  111.643108247  55.8215541237  78.9504467351  62.4119390027
75.9  111.376607302  55.6883036511  78.7618941841  62.262935569
76.0  111.111977179  55.5559885895  78.5746662785  62.1149783752
76.1  110.849237816  55.4246189079  78.3887770884  61.9680785603
76.2  110.588408647  55.2942043234  78.2042403275  61.8222469812
76.3  110.329508597  55.1647542987  78.0210693504  61.677494211
76.4  110.072556082  55.036278041  77.839277151  61.5338305371
76.5  109.817569001  54.9087845003  77.6588763593  61.3912659592
76.6  109.564564735  54.7822823677  77.4798792399  61.249810188
76.7  109.313560149  54.6567800743  77.3022976902  61.1094726433
76.8  109.064571578  54.5322857891  77.126143237  60.9702624522
76.9  108.817614837  54.4088074185  76.9514270362  60.832188448
77.0  108.572705209  54.2863526045  76.7781598703  60.6952591689
77.1  108.329857447  54.1649287233  76.6063521463  60.5594828557
77.2  108.08908577  54.044542885  76.4360138948  60.4248674519
77.3  107.850403863  53.9252019316  76.2671547682  60.2914206012
77.4  107.613824873  53.8069124367  76.0997840391  60.1591496475
77.5  107.379361408  53.6896807039  75.9339105993  60.0280616331
77.6  107.147025534  53.5735127668  75.7695429583  59.8981632978
77.7  106.916828774  53.4584143871  75.6066892421  59.7694610783
77.8  106.68878211  53.3443910549  75.4453571925  59.6419611073
77.9  106.462895975  53.2314479876  75.2855541663  59.5156692127
78.0  106.239180258  53.119590129  75.1272871334  59.3905909168
78.1  106.017644299  53.0088221495  74.9705626776  59.266731436
78.2  105.79829689  52.8991484451  74.8153869949  59.1440956803
78.3  105.581146275  52.7905731373  74.6617658934  59.0226882528
78.4  105.366200145  52.6831000725  74.5097047924  58.9025134489
78.5  105.153465645  52.5767328224  74.3592087232  58.7835752572
78.6  104.942949366  52.471474683  74.2102823274  58.6658773582
78.7  104.734657351  52.3673286754  74.062929858  58.5494231246
78.8  104.52859509  52.264297545  73.9171551786  58.4342156215
78.9  104.324767525  52.1623837624  73.7729617643  58.3202576067
79.0  104.123179045  52.0615895227  73.6303527012  58.2075515299
79.1  103.923833493  51.9619167464  73.489330687  58.096099534
79.2  103.726734158  51.8633670792  73.3498980312  57.9859034547
79.3  103.531883786  51.765941893  73.2120566563  57.8769648215
79.4  103.339284571  51.6696422857  73.0758080977  57.769284858
79.5  103.148938165  51.5744690823  72.941153505  57.6628644823
79.6  102.96084567  51.4804228348  72.8080936422  57.5577043077
79.7  102.775007647  51.3875038237  72.6766288893  57.4538046438
79.8  102.591424117  51.2957120585  72.5467592436  57.3511654975
79.9  102.410094556  51.205047278  72.4184843196  57.2497865729
80.0  102.231017905  51.1155089523  72.2918033522  57.1496672736
80.1  102.054192565  51.0270962824  72.1667151961  57.050806703
80.2  101.879616405  50.9398082027  72.0432183287  56.9532036658
80.3  101.707286763  50.8536433813  71.9213108518  56.8568566695
80.4  101.537200443  50.7686002215  71.8009904924  56.7617639254
80.5  101.369353726  50.684676863  71.6822546053  56.6679233502
80.6  101.203742367  50.6018711835  71.5651001745  56.5753325677
80.7  101.0403616  50.5201807998  71.4495238159  56.4839889102
80.8  100.87920614  50.4396030701  71.3355217795  56.3938894206
80.9  100.72027019  50.3601350949  71.2230899511  56.3050308541
81.0  100.563547437  50.2817737186  71.112223855  56.2174096795
81.1  100.409031065  50.2045155325  71.0029186569  56.1310220824
81.2  100.25671375  50.1283568749  70.895169166  56.0458639663
81.3  100.106587669  50.0532938347  70.788969838  55.9619309551
81.4  99.958644505  49.9793222525  70.6843147784  55.8792183956
81.5  99.8128754455  49.9064377228  70.5811977444  55.7977213594
81.6  99.6692711932  49.8346355966  70.4796121495  55.717434646
81.7  99.5278219661  49.763910983  70.3795510649  55.6383527844
81.8  99.3885175057  49.6942587529  70.2810072251  55.5604700371
81.9  99.2513470782  49.6256735391  70.1839730285  55.4837804011
82.0  99.1162994826  49.5581497413  70.0884405438  55.4082776122
82.1  98.9833630544  49.4916815272  69.9944015116  55.333955147
82.2  98.8525256707  49.4262628354  69.9018473488  55.2608062262
82.3  98.7237747573  49.3618873787  69.8107691535  55.188823818
82.4  98.5970972921  49.298548646  69.7211577071  55.1180006403
82.5  98.4724798123  49.2362399062  69.6330034796  55.0483291649
82.6  98.3499084207  49.1749542103  69.5462966341  54.9798016205
82.7  98.2293687902  49.1146843951  69.4610270296  54.9124099958
82.8  98.1108461718  49.0554230859  69.3771842273  54.8461460435
82.9  97.9943254  48.9971627  69.2947574939  54.7810012835
83.0  97.8797908995  48.9398954498  69.2137358065  54.7169670068
83.1  97.7672266925  48.8836133462  69.1341078576  54.6540342792
83.2  97.6566164039  48.828308202  69.0558620593  54.5921939449
83.3  97.5479432714  48.7739716357  68.9789865497  54.5314366311
83.4  97.4411901489  48.7205950744  68.9034691959  54.4717527509
83.5  97.3363395164  48.6681697582  68.8292976007  54.4131325083
83.6  97.2333734875  48.6166867437  68.7564591079  54.3555659025
83.7  97.1322738146  48.5661369073  68.6849408061  54.2990427308
83.8  97.0330218996  48.5165109498  68.6147295363  54.2435525946
83.9  96.9355988005  48.4677994002  68.5458118962  54.1890849031
84.0  96.8399852376  48.4199926188  68.4781742453  54.1356288768
84.1  96.7461616058  48.3730808029  68.4118027127  54.0831735544
84.2  96.6541079786  48.3270539893  68.3466832005  54.0317077947
84.3  96.5638041198  48.2819020599  68.2828013921  53.9812202836
84.4  96.4752294898  48.2376147449  68.2201427565  53.9316995375
84.5  96.3883632567  48.1941816284  68.1586925558  53.8831339092
84.6  96.3031843017  48.1515921508  68.0984358499  53.8355115913
84.7  96.2196712312  48.1098356156  68.039357504  53.7888206228
84.8  96.1378023853  48.0689011927  67.9814421954  53.7430488939
84.9  96.0575558453  48.0287779227  67.9246744185  53.69818415
85.0  95.9789094454  47.9894547227  67.869038493  53.6542139985
85.1  95.9018407798  47.9509203899  67.8145185692  53.6111259129
85.2  95.8263272147  47.9131636073  67.761098636  53.5689072387
85.3  95.7523458957  47.8761729479  67.7087625269  53.5275451986
85.4  95.6798737601  47.83993688  67.6574939276  53.4870268988
85.5  95.6088875449  47.8044437725  67.6072763829  53.4473393334
85.6  95.5393637973  47.7696818987  67.558093303  53.4084693904
85.7  95.4712788851  47.7356394425  67.5099279716  53.3704038579
85.8  95.4046090081  47.7023045041  67.4627635538  53.3331294296
85.9  95.3393302049  47.6696651025  67.4165831005  53.2966327096
86.0  95.2754183688  47.6377091844  67.3713695603  53.2609002203
86.1  95.2128492532  47.6064246266  67.3271057829  53.2259184065
86.2  95.1515984858  47.5757992429  67.283774529  53.1916736422
86.3  95.091641577  47.5458207885  67.2413584766  53.1581522361
86.4  95.0329539332  47.5164769666  67.1998402304  53.1253404389
86.5  94.9755108656  47.4877554328  67.1592023276  53.0932244479
86.6  94.9192876024  47.4596438012  67.1194272471  53.0617904142
86.7  94.8642593002  47.4321296501  67.0804974169  53.0310244485
86.8  94.8104010536  47.4052005268  67.0423952217  53.0009126276
86.9  94.7576879079  47.3788439539  67.005103011  52.9714409999
87.0  94.7060948715  47.3530474357  66.9686031085  52.9425955939
87.1  94.6555969246  47.3277984623  66.9328778181  52.9143624219
87.2  94.6061690326  47.3030845163  66.8979094332  52.8867274883
87.3  94.557786158  47.278893079  66.8636802452  52.8596767955
87.4  94.5104232693  47.2552116346  66.8301725499  52.8331963496
87.5  94.4640553574  47.2320276787  66.7973686592  52.8072721691
87.6  94.4186574429  47.2093287214  66.7652509057  52.7818902891
87.7  94.3742045899  47.187102295  66.7338016531  52.7570367692
87.8  94.330671919  47.1653359595  66.7030033051  52.7326977004
87.9  94.2880346154  47.1440173077  66.672838311  52.70885921
88.0  94.2462679465  47.1231339733  66.6432891785  52.685507471
88.1  94.2053472685  47.1026736342  66.614338478  52.6626287064
88.2  94.1652480404  47.0826240202  66.5859688528  52.6402091965
88.3  94.1259458383  47.0629729192  66.5581630289  52.618235287
88.4  94.0874163635  47.0437081818  66.530903821  52.5966933938
88.5  94.0496354581  47.0248177291  66.5041741435  52.5755700114
88.6  94.0125791148  47.0062895574  66.4779570172  52.5548517185
88.7  93.9762234891  46.9881117445  66.4522355781  52.5345251849
88.8  93.9405449144  46.9702724572  66.4269930884  52.5145771798
88.9  93.9055199088  46.9527599544  66.4022129403  52.4949945757
89.0  93.8711251931  46.9355625966  66.3778786701  52.4757643584
89.1  93.8373376989  46.9186688494  66.3539739626  52.4568736315
89.2  93.8041345816  46.9020672908  66.3304826613  52.4383096239
89.3  93.7714932336  46.8857466168  66.3073887773  52.4200596967
89.4  93.7393912949  46.8696956474  66.2846764967  52.4021113499
89.5  93.7078066661  46.853903333  66.26233019  52.3844522286
89.6  93.6767175208  46.8383587604  66.2403344208  52.367070131
89.7  93.6461023161  46.823051158  66.2186739531  52.3499530136
89.8  93.6159398055  46.8079699027  66.1973337608  52.3330889986
89.9  93.5862090516  46.7931045258  66.1762990362  52.316466381
90.0  93.5568894362  46.7784447181  66.1555551973  52.3000736343
90.0  93.5568894361  46.778444718  66.1555551972  52.3000736343
90.1  93.5279606722  46.7639803361  66.1350878966  52.2838994172
90.2  93.4994028175  46.7497014088  66.1148830302  52.2679325809
90.3  93.4711962848  46.7355981424  66.0949267454  52.2521621754
90.4  93.4433218525  46.7216609262  66.075205448  52.2365774548
90.5  93.4157606789  46.7078803394  66.0557058126  52.2211678859
90.6  93.3884943102  46.6942471551  66.0364147881  52.205923152
90.7  93.361504694  46.680752347  66.017319607  52.1908331612
90.8  93.3347741912  46.6673870956  65.9984077945  52.1758880521
90.9  93.3082855852  46.6541427926  65.9796671744  52.1610782001
91.0  93.2820220924  46.6410110462  65.9610858767  52.1463942223
91.1  93.2559673764  46.6279836882  65.9426523476  52.1318269859
91.2  93.2301055547  46.6150527774  65.9243553546  52.1173676118
91.3  93.2044212132  46.6022106066  65.906183996  52.1030074828
91.4  93.1788994127  46.5894497063  65.8881277062  52.0887382472
91.5  93.1535257028  46.5767628514  65.8701762654  52.0745518265
91.6  93.1282861291  46.5641430646  65.8523198043  52.0604404195
91.7  93.1031672469  46.5515836234  65.8345488141  52.0463965099
91.8  93.0781561268  46.5390780634  65.8168541505  52.0324128697
91.9  93.0532403665  46.5266201832  65.799227042  52.0184825652
92.0  93.0284081006  46.5142040503  65.7816590966  52.0045989631
92.1  93.0036480099  46.5018240049  65.7641423085  51.9907557353
92.2  92.9789493287  46.4894746644  65.7466690637  51.9769468633
92.3  92.954301856  46.477150928  65.7292321471  51.9631666441
92.4  92.9296959637  46.4648479818  65.7118247489  51.9494096951
92.5  92.9051226037  46.4525613018  65.6944404697  51.9356709578
92.6  92.8805733166  46.4402866583  65.6770733259  51.921945703
92.7  92.8560402419  46.4280201209  65.6597177578  51.9082295361
92.8  92.8315161214  46.4157580607  65.6423686316  51.8945183993
92.9  92.8069943124  46.4034971562  65.6250212486  51.8808085788
93.0  92.7824687896  46.3912343948  65.6076713466  51.8670967061
93.1  92.7579341544  46.3789670772  65.5903151068  51.853379763
93.2  92.7333856422  46.3666928211  65.5729491587  51.8396550855
93.3  92.7088191284  46.3544095642  65.5555705844  51.8259203676
93.4  92.6842311331  46.3421155666  65.5381769216  51.8121736638
93.5  92.6596188293  46.3298094146  65.5207661701  51.7984133933
93.6  92.6349800453  46.3174900227  65.5033367928  51.7846383419
93.7  92.6103132746  46.3051566373  65.4858877231  51.7708476669
93.8  92.5856176739  46.292808837  65.4684183635  51.7570408969
93.9  92.5608930756  46.2804465378  65.4509285939  51.7432179376
94.0  92.5361399836  46.2680699918  65.4334187697  51.7293790706
94.1  92.5113595855  46.2556797928  65.4158897291  51.7155249594
94.2  92.4865537496  46.2432768748  65.398342792  51.7016566481
94.3  92.461725029  46.2308625145  65.3807797626  51.6877755638
94.4  92.4368766681  46.2184383341  65.3632029338  51.6738835199
94.5  92.4120126008  46.2060063004  65.345615086  51.659982715
94.6  92.3871374522  46.1935687261  65.3280194886  51.6460757346
94.7  92.3622565447  46.1811282723  65.3104199038  51.6321655536
94.8  92.3373758938  46.1686879469  65.2928205843  51.6182555346
94.9  92.3125022083  46.1562511042  65.2752262726  51.6043494277
95.0  92.287642897  46.1438214485  65.2576422066  51.5904513742
95.1  92.2628060611  46.1314030305  65.2400741134  51.5765659026
95.2  92.2380004971  46.1190002485  65.2225282122  51.5626979301
95.3  92.2132356937  46.1066178468  65.2050112115  51.5488527607
95.4  92.1885218305  46.0942609152  65.1875303083  51.5350360849
95.5  92.1638697777  46.0819348888  65.1700931878  51.521253979
95.6  92.1392910905  46.0696455452  65.15270802  51.5075129023
95.7  92.1147980045  46.0573990023  65.1353834557  51.4938196946
95.8  92.0904034358  46.0452017179  65.1181286269  51.4801815759
95.9  92.0661209744  46.0330604872  65.1009531424  51.466606143
96.0  92.0419648791  46.0209824396  65.0838670836  51.4531013666
96.1  92.0179500713  46.0089750357  65.0668810006  51.4396755879
96.2  91.9940921296  45.9970460648  65.0500059083  51.4263375153
96.3  91.970407283  45.9852036415  65.0332532814  51.413096221
96.4  91.9469124008  45.9734562004  65.0166350474  51.3999611349
96.5  91.9236249894  45.9618124947  65.0001635844  51.3869420433
96.6  91.9005631826  45.9502815913  64.9838517139  51.374049083
96.7  91.8777457245  45.9388728623  64.9677126892  51.3612927321
96.8  91.8551919698  45.9275959849  64.9517601953  51.34868381
96.9  91.832921868  45.916460934  64.9360083378  51.3362334687
97.0  91.8109559512  45.9054779756  64.9204716343  51.3239531857
97.1  91.7893153256  45.8946576628  64.9051650083  51.3118547596
97.2  91.7680216528  45.8840108264  64.890103776  51.2999502995
97.3  91.7470971425  45.8735485712  64.8753036414  51.2882522207
97.4  91.7265645334  45.8632822667  64.8607806823  51.2767732344
97.5  91.7064470817  45.8532235408  64.8465513424  51.265526341
97.6  91.6867685419  45.8433842709  64.8326324182  51.2545248196
97.7  91.6675531513  45.8337765757  64.8190410472  51.243782219
97.8  91.6488256137  45.8244128068  64.8057946967  51.2333123488
97.9  91.630611079  45.8153055395  64.7929111499  51.2231292683
98.0  91.612935124  45.806467562  64.7804084915  51.213247275
98.1  91.595823737  45.7979118685  64.7683050973  51.2036808967
98.2  91.5793032898  45.7896516449  64.7566196143  51.1944448755
98.3  91.5634005212  45.7817002606  64.7453709488  51.1855541588
98.4  91.5481425097  45.7740712549  64.7345782478  51.1770238836
98.5  91.5335566553  45.7667783277  64.7242608851  51.168869367
98.6  91.5196706523  45.7598353261  64.7144384429  51.1611060903
98.7  91.506512462  45.753256231  64.7051306924  51.1537496843
98.8  91.4941102864  45.7470551432  64.6963575744  51.1468159141
98.9  91.4824925487  45.7412462744  64.6881391868  51.1403206688
99.0  91.4716878526  45.7358439263  64.6804957546  51.134279938
99.1  91.4617249591  45.7308624795  64.6734476145  51.1287097997
99.2  91.4526327577  45.7263163789  64.6670151936  51.1236264032
99.3  91.444440234  45.722220117  64.6612189873  51.119045952
99.4  91.4371764331  45.7185882166  64.6560795329  51.1149846827
99.5  91.430870429  45.7154352145  64.6516173883  51.1114588478
99.6  91.4255512917  45.7127756459  64.6478531085  51.108484698
99.7  91.4212480489  45.7106240244  64.6448072185  51.10607846
99.8  91.4179896462  45.7089948231  64.6425001855  51.1042563149
99.9  91.4158049177  45.7079024588  64.6409523975  51.1030343812
100.0  91.4147225362  45.7073612681  64.6401841288  51.1024286874
100.1  91.4147709808  45.7073854904  64.6402155166  51.1024551537
100.2  91.4159784893  45.7079892446  64.6410665274  51.1031295654
100.3  91.4183730206  45.7091865103  64.6427569306  51.1044675518
100.4  91.4219822076  45.7109911038  64.645306265  51.1064845601
100.5  91.4268333109  45.7134166554  64.6487338063  51.1091958292
100.6  91.432953173  45.7164765865  64.6530585344  51.1126163645
100.7  91.4403681742  45.7201840871  64.6582991025  51.116760913
100.8  91.4491041749  45.7245520874  64.6644737961  51.1216439307
100.9  91.4591864727  45.7295932363  64.6716005029  51.1272795596
101.0  91.4706397456  45.7353198728  64.6796966722  51.1336815949
101.1  91.4834880026  45.7417440013  64.6887792805  51.1408634578
101.2  91.4977545266  45.7488772633  64.6988647906  51.1488381638
101.3  91.5134618167  45.7567309083  64.7099691116  51.1576182902
101.4  91.5306315335  45.7653157668  64.7221075591  51.1672159456
101.5  91.549284441  45.7746422205  64.735294815  51.1776427371
101.6  91.5694403371  45.7847201686  64.7495448781  51.1889097322
101.7  91.5911180067  45.7955590033  64.7648710308  51.2010274316
101.8  91.6143351422  45.8071675711  64.7812857832  51.2140057259
101.9  91.6391082918  45.8195541459  64.7988008358  51.2278538654
102.0  91.6654527845  45.8327263922  64.8174270277  51.2425804193
102.1  91.6933826639  45.8466913319  64.8371742886  51.2581932381
102.2  91.7229106169  45.8614553085  64.8580515892  51.2746994139
102.3  91.7540479095  45.8770239547  64.880066895  51.2921052445
102.4  91.8585946378  45.9292973189  64.9539906622  51.3455036916
102.5  91.7813077791  45.8906538896  64.8993383868  51.3022515159
102.6  91.7040859471  45.8520429736  64.8447321238  51.2590357763
102.7  91.6269290871  45.8134645435  64.7901718339  51.2158564419
102.8  91.5498371443  45.7749185722  64.7356574781  51.172713482
102.9  91.4728100642  45.7364050321  64.6811890174  51.1296068661
103.0  91.3958477923  45.6979238961  64.6267664126  51.0865365634
103.1  91.3189502738  45.6594751369  64.5723896249  51.0435025434
103.2  91.2421174545  45.6210587273  64.5180586152  51.0005047754
103.3  91.1653492799  45.5826746399  64.4637733447  50.9575432289
103.4  91.0886456955  45.5443228477  64.4095337746  50.9146178734
103.5  91.012006647  45.5060033235  64.3553398659  50.8717286783
103.6  90.9354320802  45.4677160401  64.3011915799  50.8288756133
103.7  90.8589219407  45.4294609703  64.2470888778  50.7860586477
103.8  90.7824761744  45.3912380872  64.193031721  50.7432777512
103.9  90.7060947271  45.3530473635  64.1390200708  50.7005328934
104.0  90.6297775446  45.3148887723  64.0850538884  50.6578240439
104.1  90.553524573  45.2767622865  64.0311331354  50.6151511723
104.2  90.4773357582  45.2386678791  63.9772577731  50.5725142484
104.3  90.4012110462  45.2006055231  63.9234277631  50.5299132418
104.4  90.3251503831  45.1625751915  63.8696430668  50.4873481222
104.5  90.2491537149  45.1245768575  63.8159036457  50.4448188594
104.6  90.1732209879  45.086610494  63.7622094616  50.4023254233
104.7  90.0973521483  45.0486760741  63.7085604759  50.3598677835
104.8  90.0215471422  45.0107735711  63.6549566504  50.3174459099
104.9  89.9458059161  44.972902958  63.6013979468  50.2750597723
105.0  89.8701284161  44.9350642081  63.5478843267  50.2327093407
105.0  89.8701284161  44.9350642081  63.5478843267  50.2327093407
105.1  89.7945145888  44.8972572944  63.494415752  50.190394585
105.2  89.7189643805  44.8594821902  63.4409921844  50.148115475
105.3  89.6434777377  44.8217388688  63.3876135859  50.1058719808
105.4  89.5680546069  44.7840273035  63.3342799182  50.0636640723
105.5  89.4926949348  44.7463474674  63.2809911433  50.0214917195
105.6  89.4173986678  44.7086993339  63.2277472231  49.9793548924
105.7  89.3421657526  44.6710828763  63.1745481197  49.9372535612
105.8  89.2669961361  44.633498068  63.121393795  49.8951876959
105.9  89.1918897648  44.5959448824  63.0682842112  49.8531572666
106.0  89.1168465856  44.5584232928  63.0152193302  49.8111622434
106.1  89.0418665453  44.5209332726  62.9621991143  49.7692025966
106.2  88.9669495908  44.4834747954  62.9092235255  49.7272782962
106.3  88.892095669  44.4460478345  62.8562925262  49.6853893126
106.4  88.8173047268  44.4086523634  62.8034060784  49.6435356158
106.5  88.7425767114  44.3712883557  62.7505641446  49.6017171763
106.6  88.6679115697  44.3339557848  62.697766687  49.5599339643
106.7  88.5933092488  44.2966546244  62.6450136679  49.5181859501
106.8  88.518769696  44.259384848  62.5923050498  49.476473104
106.9  88.4442928583  44.2221464291  62.539640795  49.4347953964
107.0  88.369878683  44.1849393415  62.4870208659  49.3931527978
107.1  88.2955271174  44.1477635587  62.4344452252  49.3515452784
107.2  88.2212381088  44.1106190544  62.3819138352  49.3099728087
107.3  88.1470116046  44.0735058023  62.3294266585  49.2684353593
107.4  88.0728475521  44.0364237761  62.2769836578  49.2269329006
107.5  87.998745899  43.9993729495  62.2245847956  49.1854654031
107.6  87.9247065925  43.9623532963  62.1722300346  49.1440328373
107.7  87.8507295804  43.9253647902  62.1199193374  49.1026351738
107.8  87.7768148101  43.888407405  62.0676526669  49.0612723833
107.9  87.7029622293  43.8514811146  62.0154299857  49.0199444362
108.0  87.6291717857  43.8145858928  61.9632512567  48.9786513033
108.1  87.555443427  43.7777217135  61.9111164426  48.9373929553
108.2  87.4817771009  43.7408885505  61.8590255064  48.8961693627
108.3  87.4081727554  43.7040863777  61.8069784109  48.8549804963
108.4  87.3346303381  43.667315169  61.7549751191  48.8138263269
108.5  87.2611497971  43.6305748985  61.7030155938  48.7727068253
108.6  87.1877310802  43.5938655401  61.6510997982  48.7316219621
108.7  87.1143741355  43.5571870677  61.5992276952  48.6905717082
108.8  87.0410789109  43.5205394554  61.547399248  48.6495560345
108.9  86.9678453546  43.4839226773  61.4956144195  48.6085749118
109.0  86.8946734146  43.4473367073  61.4438731729  48.5676283111
109.1  86.8215630391  43.4107815196  61.3921754715  48.5267162031
109.2  86.7485141764  43.3742570882  61.3405212783  48.4858385589
109.3  86.6755267746  43.3377633873  61.2889105567  48.4449953494
109.4  86.602600782  43.301300391  61.2373432698  48.4041865456
109.5  86.529736147  43.2648680735  61.185819381  48.3634121185
109.6  86.456932818  43.228466409  61.1343388536  48.3226720391
109.7  86.3841907433  43.1920953717  61.082901651  48.2819662785
109.8  86.3115098715  43.1557549358  61.0315077365  48.2412948079
109.9  86.2388901511  43.1194450755  60.9801570737  48.2006575982
110.0  86.1663315305  43.0831657652  60.9288496258  48.1600546206
110.1  86.0938339584  43.0469169792  60.8775853566  48.1194858463
110.2  86.0213973834  43.0106986917  60.8263642294  48.0789512465
110.3  85.9490217542  42.9745108771  60.7751862078  48.0384507924
110.4  85.8767070196  42.9383535098  60.7240512555  47.9979844551
110.5  85.8044531282  42.9022265641  60.672959336  47.957552206
110.6  85.7322600289  42.8661300144  60.621910413  47.9171540163
110.7  85.6601276706  42.8300638353  60.5709044502  47.8767898573
110.8  85.5880560021  42.794028001  60.5199414114  47.8364597004
110.9  85.5160449723  42.7580224862  60.4690212602  47.796163517
111.0  85.4440945304  42.7220472652  60.4181439605  47.7559012783
111.1  85.3722046252  42.6861023126  60.3673094761  47.7156729557
111.2  85.3003752059  42.6501876029  60.3165177708  47.6754785208
111.3  85.2286062215  42.6143031107  60.2657688085  47.635317945
111.4  85.1568976212  42.5784488106  60.2150625531  47.5951911997
111.5  85.0852493542  42.5426246771  60.1643989687  47.5550982564
111.6  85.0136613698  42.5068306849  60.1137780191  47.5150390866
111.7  84.9421336172  42.4710668086  60.0631996684  47.475013662
111.8  84.8706660457  42.4353330229  60.0126638806  47.435021954
111.9  84.7992586048  42.3996293024  59.9621706198  47.3950639342
112.0  84.7279112438  42.3639556219  59.9117198501  47.3551395744
112.1  84.6566239121  42.328311956  59.8613115356  47.315248846
112.2  84.5853965593  42.2926982796  59.8109456406  47.2753917208
112.3  84.5142291349  42.2571145674  59.7606221291  47.2355681705
112.4  84.4431215884  42.2215607942  59.7103409656  47.1957781667
112.5  84.3720738696  42.1860369348  59.6601021141  47.1560216813
112.6  84.301085928  42.150542964  59.6099055391  47.1162986859
112.7  84.2301577134  42.1150788567  59.5597512048  47.0766091524
112.8  84.1592891755  42.0796445878  59.5096390756  47.0369530526
112.9  84.0884802641  42.0442401321  59.4595691159  46.9973303583
113.0  84.0177309291  42.0088654645  59.4095412902  46.9577410413
113.1  83.9470411202  41.9735205601  59.3595555628  46.9181850735
113.2  83.8764107875  41.9382053937  59.3096118983  46.8786624269
113.3  83.8058398808  41.9029199404  59.2597102612  46.8391730734
113.4  83.7353283503  41.8676641751  59.209850616  46.7997169848
113.5  83.6648761458  41.8324380729  59.1600329273  46.7602941333
113.6  83.5944832176  41.7972416088  59.1102571597  46.7209044907
113.7  83.5241495157  41.7620747579  59.0605232779  46.6815480292
113.8  83.4538749904  41.7269374952  59.0108312465  46.6422247207
113.9  83.3836595917  41.6918297959  58.9611810303  46.6029345373
114.0  83.31350327  41.656751635  58.9115725939  46.5636774511
114.1  83.2434059756  41.6217029878  58.8620059022  46.5244534343
114.2  83.1733676588  41.5866838294  58.8124809199  46.485262459
114.3  83.1033882699  41.551694135  58.7629976119  46.4461044972
114.4  83.0334677595  41.5167338798  58.7135559429  46.4069795213
114.5  82.9636060779  41.481803039  58.664155878  46.3678875035
114.6  82.8938031757  41.4469015879  58.6147973821  46.3288284159
114.7  82.8240590034  41.4120295017  58.56548042  46.2898022308
114.8  82.7543735116  41.3771867558  58.5162049567  46.2508089205
114.9  82.684746651  41.3423733255  58.4669709574  46.2118484574
120.0  79.2103780702  39.6051890351  56.0102079394  44.2677786261

#SVE monte-carlo points sigmaR (r, sigmaR_med, sigmaR_std)
26.3  130.268650818  0.0
29.8  126.584938739  0.0
33.2  125.19931005  0.0
36.7  126.886667346  0.0
40.2  131.733461701  0.0
43.7  138.859462957  0.0
47.1  146.505170909  0.0
50.6  153.341068893  0.0
54.1  157.463252069  0.0
57.6  157.713053548  0.0
61.0  153.880217499  0.0
64.5  146.185205555  0.0
68.0  135.856927859  0.0
71.5  124.517418725  0.0
75.0  113.841998564  0.0
78.4  105.367458261  0.0
81.9  99.2521057035  0.0
85.4  95.6803404593  0.0
88.9  93.9058114309  0.0
92.3  92.9544874887  0.0
95.8  92.0905199826  0.0
99.3  91.4445134443  0.0
102.8  91.54052377  0.0
106.2  88.9548546826  0.0
109.7  86.3694042101  0.0
113.2  83.8590992052  0.0

#SVE monte-carlo points sigmaZ (r, sigmaZ_med, sigmaZ_std)
26.7  64.8875892094  0.0
30.1  63.1793220263  0.0
33.6  62.6120829081  0.0
37.1  63.6449210072  0.0
40.6  66.2284225474  0.0
44.1  69.8771157674  0.0
47.5  73.6865466652  0.0
51.0  76.9885914513  0.0
54.5  78.8512367066  0.0
58.0  78.7346828702  0.0
61.4  76.5885908118  0.0
64.9  72.5551075357  0.0
68.4  67.2897833414  0.0
71.9  61.6171676045  0.0
75.3  56.5024698395  0.0
78.8  52.2648906875  0.0
82.3  49.3622458486  0.0
85.8  47.7025255001  0.0
89.3  46.885884823  0.0
92.7  46.4281081381  0.0
96.2  45.9971013138  0.0
99.7  45.7106587508  0.0
103.2  45.616234034  0.0
106.6  44.327750187  0.0
110.1  43.0393752796  0.0
113.6  41.7884466647  0.0

#SVE monte-carlo points sigmaPhi (r, sigmaPhi_med, sigmaPhi_std)
27.2  96.5008421844  0.0
30.6  92.0293741312  0.0
34.1  90.259277625  0.0
37.6  91.3568485763  0.0
41.1  94.8899855352  0.0
44.6  99.9537059243  0.0
48.0  105.161390387  0.0
51.5  109.521309563  0.0
55.0  111.740030368  0.0
58.5  111.1146637  0.0
61.9  107.663734314  0.0
65.4  101.637358899  0.0
68.9  94.0286433423  0.0
72.4  86.0203336901  0.0
75.8  78.9465171633  0.0
79.3  73.2097177659  0.0
82.8  69.3757665937  0.0
86.3  67.2404822765  0.0
89.8  66.1967850998  0.0
93.2  65.5725997249  0.0
96.7  64.9674933922  0.0
100.2  64.6409285554  0.0
103.7  64.2398556428  0.0
107.1  62.425320196  0.0
110.6  60.6109407619  0.0
114.1  58.849297261  0.0
