0.05 0.130517
0.15 0.105388
0.25 0.0885275
0.35 0.0895237
0.45 0.0829034
0.55 0.0859286
0.65 0.0831634
0.75 0.0819466
0.85 0.0799314
0.95 0.0782399
1.05 0.0781016
1.15 0.0776049
1.25 0.0730037
1.35 0.0718755
1.45 0.0718287
1.55 0.0702733
1.65 0.0725884
1.75 0.0720052
1.85 0.0704395
1.95 0.0697568
2.05 0.0667234
2.15 0.0669276
2.25 0.0672165
2.35 0.0641461
2.45 0.0651325
2.55 0.0630371
2.65 0.064596
2.75 0.0613695
2.85 0.0613489
2.95 0.0628964
3.05 0.0593671
3.15 0.0607195
3.25 0.058569
3.35 0.056635
3.45 0.0563764
3.55 0.0547826
3.65 0.0537571
3.75 0.0535703
3.85 0.054516
3.95 0.0512082
4.05 0.0504125
4.15 0.0488972
4.25 0.047434
4.35 0.0482353
4.45 0.0468933
4.55 0.0442804
4.65 0.0453545
4.75 0.044161
4.85 0.0438258
4.95 0.0454544
5.05 0.0441972
5.15 0.0428864
5.25 0.0409546
5.35 0.0396572
5.45 0.0388882
5.55 0.037157
5.65 0.0385596
5.75 0.0373634
5.85 0.0345429
5.95 0.035067
6.05 0.035283
6.15 0.0322967
6.25 0.0326397
6.35 0.0300306
6.45 0.0309802
6.55 0.0294028
6.65 0.0296933
6.75 0.0310284
6.85 0.0283812
6.95 0.0283995
7.05 0.0292836
7.15 0.0256762
7.25 0.0291671
7.35 0.0247404
7.45 0.0242037
7.55 0.028418
7.65 0.0231654
7.75 0.0245763
7.85 0.022424
7.95 0.0207449
8.05 0.0201505
8.15 0.0204323
8.25 0.0211957
8.35 0.0184959
8.45 0.0198112
8.55 0.0195714
8.65 0.0172583
8.75 0.0171986
8.85 0.0233637
8.95 0.0176017
9.05 0.0184285
9.15 0.0171223
9.25 0.0224901
9.35 0.0214987
9.45 0.023011
9.55 0.020734
9.65 0.0162059
9.75 0.0151306
9.85 0.0146853
9.95 0.01467
10.05 0.0139188
10.15 0.0146163
10.25 0.0137892
10.35 0.013261
10.45 0.0116626
10.55 0.0117492
10.65 0.0106657
10.75 0.0110917
10.85 0.0118847
10.95 0.0114425
11.05 0.0177754
11.15 0.0106621
11.25 0.0109544
11.35 0.00917897
11.45 0.00912896
11.55 0.0105823
11.65 0.00952737
11.75 0.0102681
11.85 0.00810815
11.95 0.00856402
12.05 0.00846361
12.15 0.00922878
12.25 0.00825237
12.35 0.00855441
12.45 0.0086561
12.55 0.00704898
12.65 0.00812785
12.75 0.00727252
12.85 0.00604561
12.95 0.00682914
13.05 0.00742043
13.15 0.00647974
13.25 0.00758215
13.35 0.0071397
13.45 0.00694933
13.55 0.00666152
13.65 0.00667242
13.75 0.00635453
13.85 0.00642474
13.95 0.00686768
14.05 0.00573513
14.15 0.0050749
14.25 0.00542617
14.35 0.00503901
14.45 0.005702
14.55 0.00563799
14.65 0.00425807
14.75 0.00483235
14.85 0.00503038
14.95 0.00476685
15.05 0.00483825
15.15 0.0286761
15.25 0.00389045
15.35 0.00384061
15.45 0.00416558
15.55 0.00309417
15.65 0.0035685
15.75 0.00276976
15.85 0.00452418
15.95 0.0327785
16.05 0.00358582
16.15 0.00344581
16.25 0.00361006
16.35 0.00284062
16.45 0.00301566
16.55 0.00317097
16.65 0.00280688
16.75 0.0026649
16.85 0.00290288
16.95 0.00206134
17.05 0.00232888
17.15 0.0021339
17.25 0.00208804
17.35 0.00216844
17.45 0.00200984
17.55 0.00203941
17.65 0.00194636
17.75 0.001433
17.85 0.00200339
17.95 0.0019656
18.05 0.00223915
18.15 0.00213712
18.25 0.00180677
18.35 0.00210743
18.45 0.00176502
18.55 0.0009601
18.65 0.00165779
18.75 0.00147807
18.85 0.00171619
18.95 0.00149542
19.05 0.00149901
19.15 0.00150586
19.25 0.00089246
19.35 0.00143318
19.45 0.001716
19.55 0.00120633
19.65 0.00131039
19.75 0.000805829
19.85 0.00197377
19.95 0.00111434
20.05 0.000586125
20.15 0.00110303
20.25 0.00173434
20.35 0.00111329
20.45 0.00117761
20.55 0.00102503
20.65 0.00197404
20.75 0.000899329
20.85 0.0015029
20.95 0.00118987
21.05 0.00168837
21.15 0.00109502
21.25 0.000782655
21.35 0.000626544
21.45 0
21.55 0.000539686
21.65 0.000728846
21.75 0.000860254
21.85 0.000468533
21.95 0.000637992
22.05 0
22.15 0.00110627
22.25 0.000990874
22.35 0
22.45 0.000641656
22.55 0.000424564
22.65 0.00142449
22.75 0
22.85 0.000524107
22.95 0.00127394
23.05 0.0012863
23.15 0
23.25 0
23.35 0.00152742
23.45 0.000616281
23.55 0.000951593
23.65 0.0004693
23.75 0
23.85 0
23.95 0.000876746
24.05 0
24.15 0.000872965
24.25 0.000948761
24.35 0.000482637
24.45 0.00160752
24.55 0.000456305
24.65 0
24.75 0
24.85 0
24.95 0
25.05 0
25.15 0.000267705
25.25 0
25.35 0
25.45 0
25.55 0
25.65 0
25.75 0
25.85 0
25.95 0.00124388
26.05 0
26.15 0
26.25 0
26.35 0
26.45 0.000998463
26.55 0
26.65 0
26.75 0
26.85 0
26.95 0
27.05 0
27.15 0
27.25 0
27.35 0
27.45 0
27.55 0
27.65 0
27.75 0.000582993
27.85 0
27.95 0
28.05 0
28.15 0
28.25 0
28.35 0
28.45 0
28.55 0
28.65 0
28.75 0
28.85 0
28.95 0
29.05 0
29.15 0
29.25 0
29.35 0
29.45 0
29.55 0
29.65 0
29.75 0
29.85 0
29.95 0
