0.05 0.111587
0.15 0.13724
0.25 0.122405
0.35 0.12431
0.45 0.126837
0.55 0.116971
0.65 0.119172
0.75 0.116672
0.85 0.113588
0.95 0.114343
1.05 0.110043
1.15 0.108943
1.25 0.103349
1.35 0.10107
1.45 0.0995363
1.55 0.0973614
1.65 0.0963475
1.75 0.096728
1.85 0.0949613
1.95 0.0934857
2.05 0.091675
2.15 0.0878787
2.25 0.0848223
2.35 0.084161
2.45 0.0853196
2.55 0.0807518
2.65 0.0812187
2.75 0.0790119
2.85 0.0761003
2.95 0.0753731
3.05 0.0756003
3.15 0.0714028
3.25 0.0699667
3.35 0.0707984
3.45 0.0685091
3.55 0.0670271
3.65 0.0653555
3.75 0.0645724
3.85 0.0638056
3.95 0.0629966
4.05 0.0596802
4.15 0.060058
4.25 0.0566059
4.35 0.0572073
4.45 0.0547288
4.55 0.0548436
4.65 0.0539813
4.75 0.0536569
4.85 0.0513357
4.95 0.0507056
5.05 0.0476627
5.15 0.0465802
5.25 0.0499273
5.35 0.0455524
5.45 0.0461027
5.55 0.0435152
5.65 0.0440818
5.75 0.0446262
5.85 0.0438188
5.95 0.0405217
6.05 0.0416465
6.15 0.040313
6.25 0.0389476
6.35 0.0387486
6.45 0.0375735
6.55 0.0368151
6.65 0.0346859
6.75 0.0352455
6.85 0.0343522
6.95 0.0339544
7.05 0.0328866
7.15 0.0327807
7.25 0.0311148
7.35 0.0334544
7.45 0.0317166
7.55 0.0288191
7.65 0.027989
7.75 0.0267913
7.85 0.0297104
7.95 0.0263693
8.05 0.0273222
8.15 0.027013
8.25 0.0256719
8.35 0.0251848
8.45 0.025429
8.55 0.0233949
8.65 0.0243141
8.75 0.0231912
8.85 0.023772
8.95 0.0203879
9.05 0.0225911
9.15 0.0217256
9.25 0.0230586
9.35 0.0267629
9.45 0.0214933
9.55 0.0303542
9.65 0.020233
9.75 0.0200159
9.85 0.0186299
9.95 0.0183199
10.05 0.0187239
10.15 0.0180995
10.25 0.0179039
10.35 0.0163485
10.45 0.0170369
10.55 0.0163192
10.65 0.0147714
10.75 0.0155132
10.85 0.016293
10.95 0.0153864
11.05 0.0147616
11.15 0.0149206
11.25 0.0137439
11.35 0.0121329
11.45 0.0134967
11.55 0.0143858
11.65 0.011696
11.75 0.0125715
11.85 0.0132407
11.95 0.012807
12.05 0.0118602
12.15 0.0127083
12.25 0.0122205
12.35 0.0116293
12.45 0.0121857
12.55 0.0106618
12.65 0.0117066
12.75 0.00934144
12.85 0.0106456
12.95 0.00932558
13.05 0.0118994
13.15 0.0109507
13.25 0.0108524
13.35 0.0107032
13.45 0.0103963
13.55 0.00899997
13.65 0.00835434
13.75 0.00873526
13.85 0.00724822
13.95 0.0094714
14.05 0.00799647
14.15 0.00759116
14.25 0.00791652
14.35 0.00744612
14.45 0.00719116
14.55 0.00877327
14.65 0.00743577
14.75 0.0068561
14.85 0.00781465
14.95 0.00747262
15.05 0.00571553
15.15 0.0140388
15.25 0.00819241
15.35 0.00578875
15.45 0.00766041
15.55 0.00820815
15.65 0.00602358
15.75 0.00640271
15.85 0.00674826
15.95 0.00690667
16.05 0.0060275
16.15 0.00516901
16.25 0.00546125
16.35 0.00573529
16.45 0.00515031
16.55 0.00569521
16.65 0.00629052
16.75 0.00446707
16.85 0.00503774
16.95 0.00469991
17.05 0.00473385
17.15 0.0039193
17.25 0.00465855
17.35 0.00349042
17.45 0.0039101
17.55 0.00427228
17.65 0.00461787
17.75 0.00355882
17.85 0.00358148
17.95 0.00391989
18.05 0.00405736
18.15 0.00260553
18.25 0.0019497
18.35 0.00196037
18.45 0.00177057
18.55 0.000360539
18.65 0.00233737
18.75 0.00281931
18.85 0.00253103
18.95 0.00215112
19.05 0.00219111
19.15 0.00282571
19.25 0.00250983
19.35 0.0029229
19.45 0.00182151
19.55 0.00340536
19.65 0.00258984
19.75 0.00202267
19.85 0.00237297
19.95 0.00283458
20.05 0.00297125
20.15 0.00285178
20.25 0.00279055
20.35 0.00184523
20.45 0.00213036
20.55 0.00137071
20.65 0.00172239
20.75 0.00327004
20.85 0.000834062
20.95 0.00175238
21.05 0.00163674
21.15 0.00114447
21.25 0.000433948
21.35 0.0021937
21.45 0
21.55 0.0010187
21.65 0.0018608
21.75 0.00186172
21.85 0.00262241
21.95 0.00158354
22.05 0
22.15 0.00174704
22.25 0.00116963
22.35 0
22.45 0.000983713
22.55 0.00136425
22.65 0.00110081
22.75 0
22.85 0.000515365
22.95 0.00203749
23.05 0.00164417
23.15 0
23.25 0
23.35 0.00130014
23.45 0.00128557
23.55 0.00157831
23.65 0.00023795
23.75 0
23.85 0
23.95 0.00197636
24.05 0
24.15 0.000928585
24.25 0.00150978
24.35 0.000157897
24.45 0.00272161
24.55 0.00144374
24.65 0
24.75 0
24.85 0
24.95 0
25.05 0
25.15 0.00139595
25.25 0
25.35 0
25.45 0
25.55 0
25.65 0
25.75 0
25.85 0
25.95 0.00272657
26.05 0
26.15 0
26.25 0
26.35 0
26.45 0.000329525
26.55 0
26.65 0
26.75 0
26.85 0
26.95 0
27.05 0
27.15 0
27.25 0
27.35 0
27.45 0
27.55 0
27.65 0
27.75 0.000376997
27.85 0
27.95 0
28.05 0
28.15 0
28.25 0
28.35 0
28.45 0
28.55 0
28.65 0
28.75 0
28.85 0
28.95 0
29.05 0
29.15 0
29.25 0
29.35 0
29.45 0
29.55 0
29.65 0
29.75 0
29.85 0
29.95 0
