0.05 0.100678
0.15 0.103657
0.25 0.099363
0.35 0.0923188
0.45 0.0828733
0.55 0.0824828
0.65 0.0756434
0.75 0.0710139
0.85 0.0645827
0.95 0.0616019
1.05 0.0604751
1.15 0.0563953
1.25 0.0550587
1.35 0.0523627
1.45 0.0524204
1.55 0.0478857
1.65 0.0490902
1.75 0.0437142
1.85 0.0439253
1.95 0.0440055
2.05 0.0430161
2.15 0.0424881
2.25 0.0399638
2.35 0.0393755
2.45 0.0387386
2.55 0.0396078
2.65 0.0378336
2.75 0.0374146
2.85 0.0367217
2.95 0.0351261
3.05 0.0359791
3.15 0.0344478
3.25 0.0326896
3.35 0.0328861
3.45 0.0308299
3.55 0.031255
3.65 0.0301434
3.75 0.0300012
3.85 0.0305062
3.95 0.0288702
4.05 0.0287118
4.15 0.028527
4.25 0.0277188
4.35 0.0261294
4.45 0.0263656
4.55 0.0254602
4.65 0.0250405
4.75 0.0253095
4.85 0.0249414
4.95 0.0253358
5.05 0.0233993
5.15 0.023753
5.25 0.0235422
5.35 0.0227777
5.45 0.0224826
5.55 0.0225068
5.65 0.0219293
5.75 0.0216708
5.85 0.019919
5.95 0.0231623
6.05 0.0206688
6.15 0.0207711
6.25 0.0200825
6.35 0.0197075
6.45 0.0196402
6.55 0.0184439
6.65 0.0188709
6.75 0.0181311
6.85 0.0177535
6.95 0.0178392
7.05 0.0173429
7.15 0.0166802
7.25 0.0162093
7.35 0.0168091
7.45 0.0159903
7.55 0.0162206
7.65 0.0154134
7.75 0.0154229
7.85 0.0157022
7.95 0.0161655
8.05 0.0151666
8.15 0.0143102
8.25 0.0158045
8.35 0.0141811
8.45 0.0144986
8.55 0.0139807
8.65 0.0143744
8.75 0.0132755
8.85 0.0130635
8.95 0.012566
9.05 0.0128323
9.15 0.0131529
9.25 0.0135613
9.35 0.0124636
9.45 0.0115329
9.55 0.0119525
9.65 0.0116071
9.75 0.0111131
9.85 0.010839
9.95 0.0120787
10.05 0.0125485
10.15 0.0104446
10.25 0.0115014
10.35 0.0113447
10.45 0.011204
10.55 0.0112455
10.65 0.0114971
10.75 0.0111137
10.85 0.0104335
10.95 0.0100105
11.05 0.00807738
11.15 0.00954673
11.25 0.00907476
11.35 0.0101579
11.45 0.00979914
11.55 0.0100544
11.65 0.00893156
11.75 0.0093704
11.85 0.00859819
11.95 0.00894922
12.05 0.00875166
12.15 0.00855598
12.25 0.00847346
12.35 0.00834189
12.45 0.00700924
12.55 0.00734969
12.65 0.00845671
12.75 0.00766402
12.85 0.00810456
12.95 0.00827185
13.05 0.00856653
13.15 0.00705407
13.25 0.00679356
13.35 0.00848222
13.45 0.008698
13.55 0.00695078
13.65 0.00662774
13.75 0.00718876
13.85 0.00698694
13.95 0.00653986
14.05 0.00656886
14.15 0.00776258
14.25 0.00667781
14.35 0.00835307
14.45 0.00646554
14.55 0.00486906
14.65 0.00725244
14.75 0.00511104
14.85 0.00715127
14.95 0.00580838
15.05 0.00545662
15.15 0.00753649
15.25 0.00632527
15.35 0.00623059
15.45 0.00595739
15.55 0.00557424
15.65 0.00527991
15.75 0.00539422
15.85 0.00426536
15.95 0.0052263
16.05 0.00537328
16.15 0.00551321
16.25 0.00485951
16.35 0.00475713
16.45 0.00538406
16.55 0.00603931
16.65 0.00494588
16.75 0.00471261
16.85 0.00457273
16.95 0.00411183
17.05 0.00326074
17.15 0.00522912
17.25 0.00555163
17.35 0.00557873
17.45 0.00442365
17.55 0.00544623
17.65 0.00503182
17.75 0.00474765
17.85 0.00535316
17.95 0.00492908
18.05 0.00431752
18.15 0.00641432
18.25 0.00615683
18.35 0.00414596
18.45 0.00381248
18.55 0.00499717
18.65 0.0041663
18.75 0.00403059
18.85 0.00384526
18.95 0.0020351
19.05 0.00399867
19.15 0.00191615
19.25 0.00436792
19.35 0.00395033
19.45 0.00398285
19.55 0.00335025
19.65 0.00381871
19.75 0.00210744
19.85 0.00221929
19.95 0.00407164
20.05 0.00409081
20.15 0.00273937
20.25 0.00370921
20.35 0.00346237
20.45 0.00271493
20.55 0.0028489
20.65 0.00421803
20.75 0.00109745
20.85 0.00567689
20.95 0.00208173
21.05 0.00252203
21.15 0.000914638
21.25 0.00294164
21.35 0.0043155
21.45 0
21.55 0.00257685
21.65 0.00199617
21.75 0.00244218
21.85 0.00121386
21.95 0.00301472
22.05 0
22.15 0.00118483
22.25 0.00141977
22.35 0
22.45 0.00339028
22.55 0.00200502
22.65 0.00422441
22.75 0
22.85 0.000274383
22.95 0.0028278
23.05 0.00289147
23.15 0
23.25 0
23.35 0.00170477
23.45 0.000782235
23.55 0.00467126
23.65 0.00183555
23.75 0
23.85 0
23.95 0.00163005
24.05 0
24.15 0.00235904
24.25 0.0012725
24.35 0.000488917
24.45 0.000780771
24.55 0.00236202
24.65 0
24.75 0
24.85 0
24.95 0
25.05 0
25.15 6.58678e-05
25.25 0
25.35 0
25.45 0
25.55 0
25.65 0
25.75 0
25.85 0
25.95 0.00100692
26.05 0
26.15 0
26.25 0
26.35 0
26.45 5.89543e-05
26.55 0
26.65 0
26.75 0
26.85 0
26.95 0
27.05 0
27.15 0
27.25 0
27.35 0
27.45 0
27.55 0
27.65 0
27.75 0.000781224
27.85 0
27.95 0
28.05 0
28.15 0
28.25 0
28.35 0
28.45 0
28.55 0
28.65 0
28.75 0
28.85 0
28.95 0
29.05 0
29.15 0
29.25 0
29.35 0
29.45 0
29.55 0
29.65 0
29.75 0
29.85 0
29.95 0
