#SVE points (r, sigmaR, sigmaZ, sigmaPhi, sigmaMajRestored)
15.1  107.327078353  83.8563839579  83.8563839579  83.8563839579
15.2  106.924513074  83.4666161412  83.4666161412  83.4666161412
15.3  106.525754986  83.0810633223  83.0810633223  83.0810633223
15.4  106.130842404  82.6997341729  82.6997341729  82.6997341729
15.5  105.739812151  82.3226363632  82.3226363632  82.3226363632
15.6  105.352699564  81.9497765702  81.9497765702  81.9497765702
15.7  104.969538495  81.5811604867  81.5811604867  81.5811604867
15.8  104.590361321  81.2167928302  81.2167928302  81.2167928302
15.9  104.215198949  80.8566773514  80.8566773514  80.8566773514
16.0  103.844080824  80.500816844  80.500816844  80.500816844
16.1  103.477034933  80.1492131537  80.1492131537  80.1492131537
16.2  103.114087815  79.8018671877  79.8018671877  79.8018671877
16.3  102.755264568  79.4587789243  79.4587789243  79.4587789243
16.4  102.400588858  79.1199474228  79.1199474228  79.1199474228
16.5  102.050082928  78.7853708334  78.7853708334  78.7853708334
16.6  101.703767607  78.455046407  78.455046407  78.455046407
16.7  101.361662316  78.1289705055  78.1289705055  78.1289705055
16.8  101.023785085  77.8071386122  77.8071386122  77.8071386122
16.9  100.690152556  77.4895453419  77.4895453419  77.4895453419
17.0  100.360779998  77.1761844518  77.1761844518  77.1761844518
17.1  100.035681314  76.8670488515  76.8670488515  76.8670488515
17.2  99.7148690577  76.5621306144  76.5621306144  76.5621306144
17.3  99.398354439  76.2614209879  76.2614209879  76.2614209879
17.4  99.0861473396  75.9649104045  75.9649104045  75.9649104045
17.5  98.7782563236  75.6725884932  75.6725884932  75.6725884932
17.6  98.4746886498  75.3844440897  75.3844440897  75.3844440897
17.7  98.1754502848  75.1004652483  75.1004652483  75.1004652483
17.8  97.8805459154  74.8206392527  74.8206392527  74.8206392527
17.9  97.5899789619  74.5449526275  74.5449526275  74.5449526275
18.0  97.3037515915  74.2733911493  74.2733911493  74.2733911493
18.1  97.0218647316  74.0059398584  74.0059398584  74.0059398584
18.2  96.7443180841  73.74258307  73.74258307  73.74258307
18.3  96.4711101391  73.4833043861  73.4833043861  73.4833043861
18.4  96.2022381891  73.2280867066  73.2280867066  73.2280867066
18.5  95.9376983439  72.9769122411  72.9769122411  72.9769122411
18.6  95.6774855447  72.7297625209  72.7297625209  72.7297625209
18.7  95.4215935795  72.48661841  72.48661841  72.48661841
18.8  95.1700150976  72.2474601177  72.2474601177  72.2474601177
18.9  94.9227416254  72.0122672095  72.0122672095  72.0122672095
19.0  94.6797635811  71.7810186195  71.7810186195  71.7810186195
19.1  94.4410702909  71.5536926621  71.5536926621  71.5536926621
19.2  94.2066500042  71.3302670437  71.3302670437  71.3302670437
19.3  93.9764899098  71.1107188746  71.1107188746  71.1107188746
19.4  93.7505761515  70.8950246808  70.8950246808  70.8950246808
19.5  93.5288938445  70.6831604163  70.6831604163  70.6831604163
19.6  93.3114270915  70.4751014745  70.4751014745  70.4751014745
19.7  93.0981589989  70.2708227002  70.2708227002  70.2708227002
19.8  92.8890716935  70.0702984017  70.0702984017  70.0702984017
19.9  92.6841463389  69.8735023627  69.8735023627  69.8735023627
20.0  92.483363152  69.6804078538  69.6804078538  69.6804078538
20.0  92.483363152  69.6804078538  69.6804078538  69.6804078538
20.1  92.2867014201  69.4909876449  69.4909876449  69.4909876449
20.2  92.0941395173  69.3052140168  69.3052140168  69.3052140168
20.3  91.9056549214  69.1230587731  69.1230587731  69.1230587731
20.4  91.7212242312  68.944493252  68.944493252  68.944493252
20.5  91.5408231832  68.7694883382  68.7694883382  68.7694883382
20.6  91.3644266686  68.5980144749  68.5980144749  68.5980144749
20.7  91.1920087506  68.4300416751  68.4300416751  68.4300416751
20.8  91.0235426813  68.2655395339  68.2655395339  68.2655395339
20.9  90.8590009194  68.1044772397  68.1044772397  68.1044772397
21.0  90.6983551465  67.9468235864  67.9468235864  67.9468235864
21.1  90.5415762853  67.7925469848  67.7925469848  67.7925469848
21.2  90.3886345161  67.6416154742  67.6416154742  67.6416154742
21.3  90.2394992945  67.493996734  67.493996734  67.493996734
21.4  90.0941393684  67.3496580955  67.3496580955  67.3496580955
21.5  89.9525227954  67.2085665529  67.2085665529  67.2085665529
21.6  89.8146169602  67.0706887754  67.0706887754  67.0706887754
21.7  89.6803885913  66.9359911179  66.9359911179  66.9359911179
21.8  89.549803779  66.8044396329  66.8044396329  66.8044396329
21.9  89.422827992  66.6760000818  66.6760000818  66.6760000818
22.0  89.2994260948  66.5506379457  66.5506379457  66.5506379457
22.1  89.1795623648  66.4283184369  66.4283184369  66.4283184369
22.2  89.0632005096  66.3090065101  66.3090065101  66.3090065101
22.3  88.9503036839  66.1926668734  66.1926668734  66.1926668734
22.4  88.8408345065  66.0792639992  66.0792639992  66.0792639992
22.5  88.7347550775  65.9687621353  65.9687621353  65.9687621353
22.6  88.6320269949  65.8611253158  65.8611253158  65.8611253158
22.7  88.5326113719  65.7563173716  65.7563173716  65.7563173716
22.8  88.4364688532  65.6543019416  65.6543019416  65.6543019416
22.9  88.3435596322  65.5550424831  65.5550424831  65.5550424831
23.0  88.2538434673  65.4585022824  65.4585022824  65.4585022824
23.1  88.167279699  65.3646444656  65.3646444656  65.3646444656
23.2  88.0838272657  65.2734320084  65.2734320084  65.2734320084
23.3  88.0034447208  65.1848277474  65.1848277474  65.1848277474
23.4  87.9260902485  65.0987943895  65.0987943895  65.0987943895
23.5  87.8517216807  65.0152945228  65.0152945228  65.0152945228
23.6  87.7802965125  64.9342906263  64.9342906263  64.9342906263
23.7  87.7117719187  64.85574508  64.85574508  64.85574508
23.8  87.6461047694  64.7796201752  64.7796201752  64.7796201752
23.9  87.5832516463  64.7058781238  64.7058781238  64.7058781238
24.0  87.5231688582  64.6344810687  64.6344810687  64.6344810687
24.1  87.4658124566  64.565391093  64.565391093  64.565391093
24.2  87.4111382514  64.4985702299  64.4985702299  64.4985702299
24.3  87.3591018261  64.4339804722  64.4339804722  64.4339804722
24.4  87.3096585534  64.3715837815  64.3715837815  64.3715837815
24.5  87.2627636099  64.3113420978  64.3113420978  64.3113420978
24.6  87.2183719917  64.2532173486  64.2532173486  64.2532173486
24.7  87.176438529  64.1971714581  64.1971714581  64.1971714581
24.8  87.1369179008  64.1431663561  64.1431663561  64.1431663561
24.9  87.0997646498  64.0911639871  64.0911639871  64.0911639871
25.0  87.0649331969  64.0411263192  64.0411263192  64.0411263192
25.1  87.0323778553  63.9930153526  63.9930153526  63.9930153526
25.2  87.0020528452  63.9467931286  63.9467931286  63.9467931286
25.3  86.9739123074  63.9024217379  63.9024217379  63.9024217379
25.4  86.9479103177  63.8598633288  63.8598633288  63.8598633288
25.5  86.9240009005  63.8190801163  63.8190801163  63.8190801163
25.6  86.9021380425  63.7800343897  63.7800343897  63.7800343897
25.7  86.882275706  63.7426885207  63.7426885207  63.7426885207
25.8  86.8643678428  63.7070049719  63.7070049719  63.7070049719
25.9  86.8483684069  63.6729463045  63.6729463045  63.6729463045
26.0  86.8342313677  63.6404751859  63.6404751859  63.6404751859
26.1  86.8219107231  63.6095543978  63.6095543978  63.6095543978
26.2  86.8113605119  63.5801468434  63.5801468434  63.5801468434
26.3  86.8025348267  63.5522155553  63.5522155553  63.5522155553
26.4  86.7953878262  63.5257237026  63.5257237026  63.5257237026
26.5  86.7898737473  63.5006345984  63.5006345984  63.5006345984
26.6  86.7859469174  63.4769117066  63.4769117066  63.4769117066
26.7  86.7835617663  63.4545186494  63.4545186494  63.4545186494
26.8  86.7826728379  63.4334192141  63.4334192141  63.4334192141
26.9  86.7832348018  63.4135773597  63.4135773597  63.4135773597
27.0  86.7852024649  63.394957224  63.394957224  63.394957224
27.1  86.7885307823  63.37752313  63.37752313  63.37752313
27.2  86.7931748686  63.3612395925  63.3612395925  63.3612395925
27.3  86.7990900091  63.3460713244  63.3460713244  63.3460713244
27.4  86.80623167  63.331983243  63.331983243  63.331983243
27.5  86.8145555092  63.3189404762  63.3189404762  63.3189404762
27.6  86.8240173869  63.3069083688  63.3069083688  63.3069083688
27.7  86.8345733757  63.2958524878  63.2958524878  63.2958524878
27.8  86.8461797704  63.285738629  63.285738629  63.285738629
27.9  86.8587930982  63.2765328223  63.2765328223  63.2765328223
28.0  86.8723701284  63.2682013372  63.2682013372  63.2682013372
28.1  86.8868678817  63.2607106887  63.2607106887  63.2607106887
28.2  86.9022436397  63.2540276423  63.2540276423  63.2540276423
28.3  86.918454954  63.2481192195  63.2481192195  63.2481192195
28.4  86.9354596552  63.2429527027  63.2429527027  63.2429527027
28.5  86.953215862  63.2384956408  63.2384956408  63.2384956408
28.6  86.9716819893  63.2347158534  63.2347158534  63.2347158534
28.7  86.9908167572  63.2315814361  63.2315814361  63.2315814361
28.8  87.0105791989  63.2290607651  63.2290607651  63.2290607651
28.9  87.030928669  63.2271225018  63.2271225018  63.2271225018
29.0  87.0518248516  63.2257355971  63.2257355971  63.2257355971
29.1  87.0732277675  63.2248692961  63.2248692961  63.2248692961
29.2  87.0950977823  63.224493142  63.224493142  63.224493142
29.3  87.1173956138  63.2245769806  63.2245769806  63.2245769806
29.4  87.1400823388  63.2250909639  63.2250909639  63.2250909639
29.5  87.1631194006  63.2260055545  63.2260055545  63.2260055545
29.6  87.1864686155  63.2272915291  63.2272915291  63.2272915291
29.7  87.2100921799  63.2289199822  63.2289199822  63.2289199822
29.8  87.2339526764  63.2308623298  63.2308623298  63.2308623298
29.9  87.2580130805  63.2330903129  63.2330903129  63.2330903129
30.0  87.2822367664  63.2355760008  63.2355760008  63.2355760008
30.0  87.2822367664  63.2355760008  63.2355760008  63.2355760008
30.1  87.3065875134  63.2382917942  63.2382917942  63.2382917942
30.2  87.3310295116  63.2412104287  63.2412104287  63.2412104287
30.3  87.3555273672  63.2443049774  63.2443049774  63.2443049774
30.4  87.3800461084  63.2475488544  63.2475488544  63.2475488544
30.5  87.4045511906  63.2509158171  63.2509158171  63.2509158171
30.6  87.4290085015  63.254379969  63.254379969  63.254379969
30.7  87.4533843658  63.2579157626  63.2579157626  63.2579157626
30.8  87.4776455507  63.2614980017  63.2614980017  63.2614980017
30.9  87.5017592695  63.2651018437  63.2651018437  63.2651018437
31.0  87.5256931871  63.2687028021  63.2687028021  63.2687028021
31.1  87.5494154235  63.2722767484  63.2722767484  63.2722767484
31.2  87.5728945582  63.2757999146  63.2757999146  63.2757999146
31.3  87.5960996344  63.2792488947  63.2792488947  63.2792488947
31.4  87.6190001622  63.282600647  63.282600647  63.282600647
31.5  87.6415661229  63.2858324953  63.2858324953  63.2858324953
31.6  87.6637679719  63.2889221314  63.2889221314  63.2889221314
31.7  87.6855766422  63.2918476158  63.2918476158  63.2918476158
31.8  87.7069635477  63.2945873797  63.2945873797  63.2945873797
31.9  87.7279005858  63.2971202262  63.2971202262  63.2971202262
32.0  87.7483601407  63.2994253315  63.2994253315  63.2994253315
32.1  87.7683150853  63.3014822461  63.3014822461  63.3014822461
32.2  87.7877387848  63.303270896  63.303270896  63.303270896
32.3  87.8066050978  63.3047715834  63.3047715834  63.3047715834
32.4  87.8248883794  63.3059649878  63.3059649878  63.3059649878
32.5  87.8425634829  63.3068321666  63.3068321666  63.3068321666
32.6  87.8596057616  63.3073545559  63.3073545559  63.3073545559
32.7  87.8759910706  63.3075139711  63.3075139711  63.3075139711
32.8  87.8916957685  63.307292607  63.307292607  63.307292607
32.9  87.9066967186  63.3066730388  63.3066730388  63.3066730388
33.0  87.9209712901  63.305638222  63.305638222  63.305638222
33.1  87.9344973598  63.3041714926  63.3041714926  63.3041714926
33.2  87.9472533123  63.3022565674  63.3022565674  63.3022565674
33.3  87.9592180415  63.299877544  63.299877544  63.299877544
33.4  87.9703709507  63.2970189004  63.2970189004  63.2970189004
33.5  87.9806919537  63.2936654953  63.2936654953  63.2936654953
33.6  87.9901614749  63.2898025677  63.2898025677  63.2898025677
33.7  87.9987604495  63.2854157363  63.2854157363  63.2854157363
33.8  88.0064703241  63.2804909994  63.2804909994  63.2804909994
33.9  88.0132730559  63.2750147344  63.2750147344  63.2750147344
34.0  88.0191511134  63.268973697  63.268973697  63.268973697
34.1  88.0240874755  63.2623550206  63.2623550206  63.2623550206
34.2  88.0280656316  63.2551462156  63.2551462156  63.2551462156
34.3  88.0310695806  63.2473351687  63.2473351687  63.2473351687
34.4  88.0330838304  63.2389101414  63.2389101414  63.2389101414
34.5  88.0340933973  63.2298597698  63.2298597698  63.2298597698
34.6  88.0340838049  63.220173063  63.220173063  63.220173063
34.7  88.033041083  63.209839402  63.209839402  63.209839402
34.8  88.0309517666  63.1988485386  63.1988485386  63.1988485386
34.9  88.0278028945  63.187190594  63.187190594  63.187190594
35.0  88.0235820079  63.1748560574  63.1748560574  63.1748560574
35.1  88.0182771487  63.1618357846  63.1618357846  63.1618357846
35.2  88.0118768584  63.1481209964  63.1481209964  63.1481209964
35.3  88.0043701757  63.1337032771  63.1337032771  63.1337032771
35.4  87.9957466349  63.1185745725  63.1185745725  63.1185745725
35.5  87.985996264  63.1027271886  63.1027271886  63.1027271886
35.6  87.9751095824  63.0861537894  63.0861537894  63.0861537894
35.7  87.9630775988  63.0688473954  63.0688473954  63.0688473954
35.8  87.949891809  63.0508013809  63.0508013809  63.0508013809
35.9  87.9355441932  63.0320094731  63.0320094731  63.0320094731
36.0  87.9200272135  63.0124657487  63.0124657487  63.0124657487
36.1  87.9033338116  62.992164633  62.992164633  62.992164633
36.2  87.8854574057  62.9711008967  62.9711008967  62.9711008967
36.3  87.8663918878  62.9492696541  62.9492696541  62.9492696541
36.4  87.8461316207  62.9266663607  62.9266663607  62.9266663607
36.5  87.8246714351  62.9032868106  62.9032868106  62.9032868106
36.6  87.8020066265  62.8791271344  62.8791271344  62.8791271344
36.7  87.7781329517  62.8541837961  62.8541837961  62.8541837961
36.8  87.7530466257  62.8284535911  62.8284535911  62.8284535911
36.9  87.7267443183  62.8019336431  62.8019336431  62.8019336431
37.0  87.6992231505  62.7746214019  62.7746214019  62.7746214019
37.1  87.670480691  62.74651464  62.74651464  62.74651464
37.2  87.6405149526  62.7176114503  62.7176114503  62.7176114503
37.3  87.6093243882  62.687910243  62.687910243  62.687910243
37.4  87.5769078873  62.6574097427  62.6574097427  62.6574097427
37.5  87.5432647718  62.6261089857  62.6261089857  62.6261089857
37.6  87.5083947922  62.5940073165  62.5940073165  62.5940073165
37.7  87.4722981235  62.5611043852  62.5611043852  62.5611043852
37.8  87.4349753608  62.527400144  62.527400144  62.527400144
37.9  87.3964275154  62.4928948444  62.4928948444  62.4928948444
38.0  87.3566560107  62.4575890337  62.4575890337  62.4575890337
38.1  87.315662677  62.421483552  62.421483552  62.421483552
38.2  87.273449748  62.3845795286  62.3845795286  62.3845795286
38.3  87.2300198558  62.346878379  62.346878379  62.346878379
38.4  87.1853760264  62.3083818012  62.3083818012  62.3083818012
38.5  87.1395216751  62.2690917728  62.2690917728  62.2690917728
38.6  87.092460602  62.2290105467  62.2290105467  62.2290105467
38.7  87.0441969868  62.1881406484  62.1881406484  62.1881406484
38.8  86.9947353844  62.1464848721  62.1464848721  62.1464848721
38.9  86.9440807199  62.1040462773  62.1040462773  62.1040462773
39.0  86.8922382836  62.0608281849  62.0608281849  62.0608281849
39.1  86.8392137262  62.0168341738  62.0168341738  62.0168341738
39.2  86.7850130535  61.9720680774  61.9720680774  61.9720680774
39.3  86.7296426215  61.9265339792  61.9265339792  61.9265339792
39.4  86.6731091312  61.8802362101  61.8802362101  61.8802362101
39.5  86.6154196235  61.8331793437  61.8331793437  61.8331793437
39.6  86.5565814739  61.785368193  61.785368193  61.785368193
39.7  86.4966023873  61.7368078066  61.7368078066  61.7368078066
39.8  86.4354903925  61.6875034643  61.6875034643  61.6875034643
39.9  86.373253837  61.6374606742  61.6374606742  61.6374606742
40.0  86.3099013817  61.5866851679  61.5866851679  61.5866851679
40.0  86.3099013817  61.5866851679  61.5866851679  61.5866851679
40.1  86.245441995  61.5351828969  61.5351828969  61.5351828969
40.2  86.1798849481  61.4829600289  61.4829600289  61.4829600289
40.3  86.1132398087  61.4300229433  61.4300229433  61.4300229433
40.4  86.045516436  61.3763782279  61.3763782279  61.3763782279
40.5  85.9767249747  61.3220326741  61.3220326741  61.3220326741
40.6  85.9068758499  61.2669932738  61.2669932738  61.2669932738
40.7  85.8359797611  61.2112672143  61.2112672143  61.2112672143
40.8  85.7640476765  61.1548618751  61.1548618751  61.1548618751
40.9  85.6910908276  61.0977848235  61.0977848235  61.0977848235
41.0  85.6171207031  61.0400438105  61.0400438105  61.0400438105
41.1  85.5421490438  60.9816467666  60.9816467666  60.9816467666
41.2  85.466187836  60.9226017979  60.9226017979  60.9226017979
41.3  85.3892493064  60.862917182  60.862917182  60.862917182
41.4  85.311345916  60.8026013635  60.8026013635  60.8026013635
41.5  85.2324903543  60.7416629502  60.7416629502  60.7416629502
41.6  85.1526955336  60.6801107088  60.6801107088  60.6801107088
41.7  85.0719745831  60.6179535608  60.6179535608  60.6179535608
41.8  84.990340843  60.5552005784  60.5552005784  60.5552005784
41.9  84.9078078585  60.49186098  60.49186098  60.49186098
42.0  84.8243893744  60.4279441263  60.4279441263  60.4279441263
42.1  84.7400993286  60.3634595162  60.3634595162  60.3634595162
42.2  84.6549518468  60.2984167823  60.2984167823  60.2984167823
42.3  84.5689612362  60.232825687  60.232825687  60.232825687
42.4  84.4821419795  60.166696118  60.166696118  60.166696118
42.5  84.3945087296  60.1000380845  60.1000380845  60.1000380845
42.6  84.3060763032  60.0328617126  60.0328617126  60.0328617126
42.7  84.2168596749  59.9651772416  59.9651772416  59.9651772416
42.8  84.1268739714  59.8969950192  59.8969950192  59.8969950192
42.9  84.036134466  59.8283254979  59.8283254979  59.8283254979
43.0  83.9446565718  59.7591792304  59.7591792304  59.7591792304
43.1  83.8524558368  59.6895668656  59.6895668656  59.6895668656
43.2  83.7595479373  59.6194991446  59.6194991446  59.6194991446
43.3  83.6659486725  59.5489868963  59.5489868963  59.5489868963
43.4  83.5716739582  59.4780410332  59.4780410332  59.4780410332
43.5  83.4767398214  59.4066725475  59.4066725475  59.4066725475
43.6  83.3811623941  59.3348925068  59.3348925068  59.3348925068
43.7  83.2849579079  59.2627120501  59.2627120501  59.2627120501
43.8  83.1881426876  59.1901423836  59.1901423836  59.1901423836
43.9  83.0907331459  59.1171947766  59.1171947766  59.1171947766
44.0  82.9927457774  59.0438805573  59.0438805573  59.0438805573
44.1  82.8941971531  58.9702111092  58.9702111092  58.9702111092
44.2  82.7951039142  58.8961978665  58.8961978665  58.8961978665
44.3  82.6954827668  58.8218523103  58.8218523103  58.8218523103
44.4  82.595350476  58.7471859646  58.7471859646  58.7471859646
44.5  82.4947238604  58.6722103923  58.6722103923  58.6722103923
44.6  82.3936197863  58.5969371911  58.5969371911  58.5969371911
44.7  82.292055162  58.5213779896  58.5213779896  58.5213779896
44.8  82.1900469327  58.4455444434  58.4455444434  58.4455444434
44.9  82.0876120742  58.3694482312  58.3694482312  58.3694482312
45.0  81.9847675881  58.2931010507  58.2931010507  58.2931010507
45.1  81.8815304956  58.2165146149  58.2165146149  58.2165146149
45.2  81.7779178326  58.1397006482  58.1397006482  58.1397006482
45.3  81.6739466442  58.0626708826  58.0626708826  58.0626708826
45.4  81.5696339787  57.9854370538  57.9854370538  57.9854370538
45.5  81.4649968832  57.9080108974  57.9080108974  57.9080108974
45.6  81.3600523974  57.8304041452  57.8304041452  57.8304041452
45.7  81.2548175487  57.7526285216  57.7526285216  57.7526285216
45.8  81.149309347  57.6746957396  57.6746957396  57.6746957396
45.9  81.0435447793  57.5966174974  57.5966174974  57.5966174974
46.0  80.9375408047  57.5184054745  57.5184054745  57.5184054745
46.1  80.831314349  57.4400713283  57.4400713283  57.4400713283
46.2  80.7248823  57.3616266903  57.3616266903  57.3616266903
46.3  80.618261502  57.2830831629  57.2830831629  57.2830831629
46.4  80.5114687511  57.2044523154  57.2044523154  57.2044523154
46.5  80.4045207902  57.1257456808  57.1257456808  57.1257456808
46.6  80.2974343041  57.0469747523  57.0469747523  57.0469747523
46.7  80.1902259144  56.9681509797  56.9681509797  56.9681509797
46.8  80.0829121749  56.8892857663  56.8892857663  56.8892857663
46.9  79.9755095668  56.8103904653  56.8103904653  56.8103904653
47.0  79.8680344941  56.7314763766  56.7314763766  56.7314763766
47.1  79.7605032785  56.6525547434  56.6525547434  56.6525547434
47.2  79.6529321553  56.5736367491  56.5736367491  56.5736367491
47.3  79.5453372684  56.4947335138  56.4947335138  56.4947335138
47.4  79.4377346662  56.4158560916  56.4158560916  56.4158560916
47.5  79.3301402967  56.3370154667  56.3370154667  56.3370154667
47.6  79.2225700035  56.2582225513  56.2582225513  56.2582225513
47.7  79.1150395211  56.1794881816  56.1794881816  56.1794881816
47.8  79.0075644707  56.1008231153  56.1008231153  56.1008231153
47.9  78.9001603564  56.0222380284  56.0222380284  56.0222380284
48.0  78.7928425601  55.9437435125  55.9437435125  55.9437435125
48.1  78.6856263383  55.8653500715  55.8653500715  55.8653500715
48.2  78.5785268175  55.7870681193  55.7870681193  55.7870681193
48.3  78.4715589904  55.7089079762  55.7089079762  55.7089079762
48.4  78.3647377118  55.6308798669  55.6308798669  55.6308798669
48.5  78.2580776949  55.5529939173  55.5529939173  55.5529939173
48.6  78.1515935074  55.4752601519  55.4752601519  55.4752601519
48.7  78.0452995676  55.3976884914  55.3976884914  55.3976884914
48.8  77.9392101409  55.3202887496  55.3202887496  55.3202887496
48.9  77.8333393362  55.2430706312  55.2430706312  55.2430706312
49.0  77.727701102  55.1660437294  55.1660437294  55.1660437294
49.1  77.6223092234  55.0892175231  55.0892175231  55.0892175231
49.2  77.5171773181  55.0126013746  55.0126013746  55.0126013746
49.3  77.4123188335  54.9362045272  54.9362045272  54.9362045272
49.4  77.3077470431  54.860036103  54.860036103  54.860036103
49.5  77.2034750434  54.7841051005  54.7841051005  54.7841051005
49.6  77.0995157506  54.7084203924  54.7084203924  54.7084203924
49.7  76.9958818976  54.6329907233  54.6329907233  54.6329907233
49.8  76.8925860311  54.5578247079  54.5578247079  54.5578247079
49.9  76.7896405081  54.4829308285  54.4829308285  54.4829308285
50.0  76.6870574937  54.4083174331  54.4083174331  54.4083174331
50.0  76.6870574936  54.4083174331  54.4083174331  54.4083174331
50.1  76.5848489577  54.3339927334  54.3339927334  54.3339927334
50.2  76.4830266722  54.259964803  54.259964803  54.259964803
50.3  76.3816022087  54.1862415754  54.1862415754  54.1862415754
50.4  76.2805869357  54.1128308421  54.1128308421  54.1128308421
50.5  76.1799920156  54.0397402507  54.0397402507  54.0397402507
50.6  76.0798284032  53.9669773034  53.9669773034  53.9669773034
50.7  75.9801068422  53.8945493554  53.8945493554  53.8945493554
50.8  75.8808378636  53.8224636127  53.8224636127  53.8224636127
50.9  75.7820317832  53.750727131  53.750727131  53.750727131
51.0  75.666579697  53.6793468142  53.6793468142  53.6793468142
51.1  75.6099561877  53.6083294124  53.6083294124  53.6083294124
51.2  75.5533750514  53.537681521  53.537681521  53.537681521
51.3  75.4968362564  53.467409579  53.467409579  53.467409579
51.4  75.4403397711  53.3975198677  53.3975198677  53.3975198677
51.5  75.3838855638  53.3280185096  53.3280185096  53.3280185096
51.6  75.3274736027  53.2589114669  53.2589114669  53.2589114669
51.7  75.2711038564  53.1902045405  53.1902045405  53.1902045405
51.8  75.2147762933  53.1219033687  53.1219033687  53.1219033687
51.9  75.1584908816  53.0540134265  53.0540134265  53.0540134265
52.0  75.10224759  52.986540024  52.986540024  52.986540024
52.1  75.0460463869  52.9194883059  52.9194883059  52.9194883059
52.2  74.9898872408  52.8528632503  52.8528632503  52.8528632503
52.3  74.9337701202  52.786669668  52.786669668  52.786669668
52.4  74.8776949937  52.7209122018  52.7209122018  52.7209122018
52.5  74.8216618299  52.6555953252  52.6555953252  52.6555953252
52.6  74.7656705973  52.5907233423  52.5907233423  52.5907233423
52.7  74.7097212645  52.5263003868  52.5263003868  52.5263003868
52.8  74.6538138003  52.4623304215  52.4623304215  52.4623304215
52.9  74.5979481733  52.3988172377  52.3988172377  52.3988172377
53.0  74.5421243522  52.3357644548  52.3357644548  52.3357644548
53.1  74.4863423056  52.2731755198  52.2731755198  52.2731755198
53.2  74.4306020024  52.2110537066  52.2110537066  52.2110537066
53.3  74.3749034113  52.1494021164  52.1494021164  52.1494021164
53.4  74.319246501  52.0882236765  52.0882236765  52.0882236765
53.5  74.2636312405  52.0275211408  52.0275211408  52.0275211408
53.6  74.2080575985  51.9672970892  51.9672970892  51.9672970892
53.7  74.1525255438  51.9075539276  51.9075539276  51.9075539276
53.8  74.0970350454  51.8482938879  51.8482938879  51.8482938879
53.9  74.0415860722  51.7895190278  51.7895190278  51.7895190278
54.0  73.986178593  51.7312312308  51.7312312308  51.7312312308
54.1  73.9308125769  51.6734322065  51.6734322065  51.6734322065
54.2  73.8754879928  51.6161234906  51.6161234906  51.6161234906
54.3  73.8202048097  51.5593064449  51.5593064449  51.5593064449
54.4  73.7649629966  51.502982258  51.502982258  51.502982258
54.5  73.7097625226  51.4471519451  51.4471519451  51.4471519451
54.6  73.6546033567  51.3918163484  51.3918163484  51.3918163484
54.7  73.599485468  51.3369761377  51.3369761377  51.3369761377
54.8  73.5444088256  51.2826318108  51.2826318108  51.2826318108
54.9  73.4893733987  51.2287836937  51.2287836937  51.2287836937
55.0  73.4343791564  51.1754319415  51.1754319415  51.1754319415
55.1  73.3794260679  51.1225765387  51.1225765387  51.1225765387
55.2  73.3245141024  51.0702173  51.0702173  51.0702173
55.3  73.2696432291  51.0183538709  51.0183538709  51.0183538709
55.4  73.2148134173  50.9669857284  50.9669857284  50.9669857284
55.5  73.1600246363  50.9161121818  50.9161121818  50.9161121818
55.6  73.1052768553  50.8657323737  50.8657323737  50.8657323737
55.7  73.0505700436  50.8158452805  50.8158452805  50.8158452805
55.8  72.9959041707  50.7664497137  50.7664497137  50.7664497137
55.9  72.9412792058  50.7175443206  50.7175443206  50.7175443206
56.0  72.8866951184  50.6691275855  50.6691275855  50.6691275855
56.1  72.8321518778  50.6211978307  50.6211978307  50.6211978307
56.2  72.7776494536  50.5737532175  50.5737532175  50.5737532175
56.3  72.7231878151  50.5267917475  50.5267917475  50.5267917475
56.4  72.6687669318  50.4803112636  50.4803112636  50.4803112636
56.5  72.6143867733  50.4343094518  50.4343094518  50.4343094518
56.6  72.560047309  50.3887838416  50.3887838416  50.3887838416
56.7  72.5057485085  50.3437318081  50.3437318081  50.3437318081
56.8  72.4514903414  50.2991505729  50.2991505729  50.2991505729
56.9  72.3972727773  50.255037206  50.255037206  50.255037206
57.0  72.3430957858  50.2113886268  50.2113886268  50.2113886268
57.1  72.2889593365  50.1682016058  50.1682016058  50.1682016058
57.2  72.234863399  50.1254727662  50.1254727662  50.1254727662
57.3  72.1808079432  50.0831985854  50.0831985854  50.0831985854
57.4  72.1267929386  50.0413753966  50.0413753966  50.0413753966
57.5  72.072818355  49.9999993907  49.9999993907  49.9999993907
57.6  72.0188841622  49.9590666179  49.9590666179  49.9590666179
57.7  71.9649903299  49.9185729893  49.9185729893  49.9185729893
57.8  71.9111368279  49.8785142787  49.8785142787  49.8785142787
57.9  71.8573236261  49.8388861249  49.8388861249  49.8388861249
58.0  71.8035506943  49.799684033  49.799684033  49.799684033
58.1  71.7498180023  49.7609033766  49.7609033766  49.7609033766
58.2  71.6961255201  49.7225393996  49.7225393996  49.7225393996
58.3  71.6424732175  49.6845872185  49.6845872185  49.6845872185
58.4  71.5888610645  49.647041824  49.647041824  49.647041824
58.5  71.535289031  49.6098980833  49.6098980833  49.6098980833
58.6  71.4817570871  49.5731507423  49.5731507423  49.5731507423
58.7  71.4282652026  49.5367944273  49.5367944273  49.5367944273
58.8  71.3748133477  49.5008236478  49.5008236478  49.5008236478
58.9  71.3214014924  49.4652327981  49.4652327981  49.4652327981
59.0  71.2680296068  49.4300161598  49.4300161598  49.4300161598
59.1  71.2146976608  49.3951679041  49.3951679041  49.3951679041
59.2  71.1614056248  49.360682094  49.360682094  49.360682094
59.3  71.1081534687  49.3265526867  49.3265526867  49.3265526867
59.4  71.0549411627  49.2927735359  49.2927735359  49.2927735359
59.5  71.0017686771  49.2593383941  49.2593383941  49.2593383941
59.6  70.948635982  49.2262409152  49.2262409152  49.2262409152
59.7  70.8955430476  49.1934746569  49.1934746569  49.1934746569
59.8  70.8424898443  49.1610330829  49.1610330829  49.1610330829
59.9  70.7894763422  49.1289095659  49.1289095659  49.1289095659
60.0  70.7365025116  49.0970973898  49.0970973898  49.0970973898
60.0  70.7365025116  49.0970973898  49.0970973898  49.0970973898
60.1  70.6835683229  49.065589752  49.065589752  49.065589752
60.2  70.6306737464  49.0343797667  49.0343797667  49.0343797667
60.3  70.5778187525  49.0034604668  49.0034604668  49.0034604668
60.4  70.5250033115  48.9728248068  48.9728248068  48.9728248068
60.5  70.4722273938  48.9424656657  48.9424656657  48.9424656657
60.6  70.4194909699  48.9123758491  48.9123758491  48.9123758491
60.7  70.3667940102  48.8825480923  48.8825480923  48.8825480923
60.8  70.3141364852  48.8529750631  48.8529750631  48.8529750631
60.9  70.2615183653  48.823649364  48.823649364  48.823649364
61.0  70.2089396211  48.7945635358  48.7945635358  48.7945635358
61.1  70.1564002231  48.7657100594  48.7657100594  48.7657100594
61.2  70.1039001419  48.7370813594  48.7370813594  48.7370813594
61.3  70.051439348  48.7086698063  48.7086698063  48.7086698063
61.4  69.9990178121  48.6804677198  48.6804677198  48.6804677198
61.5  69.9466355047  48.6524673714  48.6524673714  48.6524673714
61.6  69.8942923966  48.6246609872  48.6246609872  48.6246609872
61.7  69.8419884583  48.5970407509  48.5970407509  48.5970407509
61.8  69.7897236605  48.5695988068  48.5695988068  48.5695988068
61.9  69.7374979741  48.5423272622  48.5423272622  48.5423272622
62.0  69.6853113696  48.5152181909  48.5152181909  48.5152181909
62.1  69.633163818  48.4882636359  48.4882636359  48.4882636359
62.2  69.5810552898  48.461455612  48.461455612  48.461455612
62.3  69.528985756  48.4347861093  48.4347861093  48.4347861093
62.4  69.4769551873  48.4082470957  48.4082470957  48.4082470957
62.5  69.4249635546  48.3818305201  48.3818305201  48.3818305201
62.6  69.3730108288  48.3555283153  48.3555283153  48.3555283153
62.7  69.3210969807  48.3293324009  48.3293324009  48.3293324009
62.8  69.2692219813  48.3032346863  48.3032346863  48.3032346863
62.9  69.2173858014  48.2772270738  48.2772270738  48.2772270738
63.0  69.1655884121  48.2513014614  48.2513014614  48.2513014614
63.1  69.1138297843  48.2254497459  48.2254497459  48.2254497459
63.2  69.0621098889  48.1996638258  48.1996638258  48.1996638258
63.3  69.0104286971  48.1739356045  48.1739356045  48.1739356045
63.4  68.9587861798  48.1482569928  48.1482569928  48.1482569928
63.5  68.9071823081  48.1226199125  48.1226199125  48.1226199125
63.6  68.8556170531  48.0970162991  48.0970162991  48.0970162991
63.7  68.8040903859  48.0714381047  48.0714381047  48.0714381047
63.8  68.7526022776  48.045877301  48.045877301  48.045877301
63.9  68.7011526993  48.0203258824  48.0203258824  48.0203258824
64.0  68.6497416223  47.994775869  47.994775869  47.994775869
64.1  68.5983690176  47.9692193094  47.9692193094  47.9692193094
64.2  68.5470348566  47.9436482837  47.9436482837  47.9436482837
64.3  68.4957391104  47.9180549067  47.9180549067  47.9180549067
64.4  68.4444817504  47.8924313304  47.8924313304  47.8924313304
64.5  68.3932627477  47.8667697474  47.8667697474  47.8667697474
64.6  68.3420820737  47.8410623933  47.8410623933  47.8410623933
64.7  68.2909396997  47.8153015503  47.8153015503  47.8153015503
64.8  68.239835597  47.7894795495  47.7894795495  47.7894795495
64.9  68.188769737  47.7635887742  47.7635887742  47.7635887742
65.0  68.1377420911  47.7376216622  47.7376216622  47.7376216622
65.1  68.0867526306  47.7115707096  47.7115707096  47.7115707096
65.2  68.0358013271  47.6854284727  47.6854284727  47.6854284727
65.3  67.9848881519  47.6591875715  47.6591875715  47.6591875715
65.4  67.9340130765  47.6328406922  47.6328406922  47.6328406922
65.5  67.8831760724  47.60638059  47.60638059  47.60638059
65.6  67.8323771112  47.579800092  47.579800092  47.579800092
65.7  67.7816161643  47.5530920999  47.5530920999  47.5530920999
65.8  67.7308932032  47.5262495928  47.5262495928  47.5262495928
65.9  67.6802081997  47.4992656297  47.4992656297  47.4992656297
66.0  67.6295611252  47.4721333527  47.4721333527  47.4721333527
66.1  67.5789519514  47.4448459889  47.4448459889  47.4448459889
66.2  67.5283806499  47.417396854  47.417396854  47.417396854
66.3  67.4778471924  47.389779354  47.389779354  47.389779354
66.4  67.4273515506  47.3619869885  47.3619869885  47.3619869885
66.5  67.3768936961  47.3340133528  47.3340133528  47.3340133528
66.6  67.3264736007  47.3058521408  47.3058521408  47.3058521408
66.7  67.2760912362  47.2774971473  47.2774971473  47.2774971473
66.8  67.2257465742  47.2489422707  47.2489422707  47.2489422707
66.9  67.1754395866  47.220181515  47.220181515  47.220181515
67.0  67.1251702452  47.1912089929  47.1912089929  47.1912089929
67.1  67.0749385218  47.1620189276  47.1620189276  47.1620189276
67.2  67.0247443883  47.1326056557  47.1326056557  47.1326056557
67.3  66.9745878165  47.1029636291  47.1029636291  47.1029636291
67.4  66.9244687783  47.0730874173  47.0730874173  47.0730874173
67.5  66.8743872457  47.0429717102  47.0429717102  47.0429717102
67.6  66.8243431905  47.0126113195  47.0126113195  47.0126113195
67.7  66.7743365848  46.9820011818  46.9820011818  46.9820011818
67.8  66.7243674005  46.95113636  46.95113636  46.95113636
67.9  66.6744356096  46.9200120458  46.9200120458  46.9200120458
68.0  66.6245411841  46.8886235619  46.8886235619  46.8886235619
68.1  66.574684096  46.8569663634  46.8569663634  46.8569663634
68.2  66.5248643175  46.8250360407  46.8250360407  46.8250360407
68.3  66.4750818205  46.7928283208  46.7928283208  46.7928283208
68.4  66.4253365773  46.7603390695  46.7603390695  46.7603390695
68.5  66.3756285598  46.7275642929  46.7275642929  46.7275642929
68.6  66.3259577404  46.69450014  46.69450014  46.69450014
68.7  66.276324091  46.6611429036  46.6611429036  46.6611429036
68.8  66.226727584  46.6274890228  46.6274890228  46.6274890228
68.9  66.1771681914  46.593535084  46.593535084  46.593535084
69.0  66.1276458856  46.5592778231  46.5592778231  46.5592778231
69.1  66.0781606388  46.5247141268  46.5247141268  46.5247141268
69.2  66.0287124233  46.4898410344  46.4898410344  46.4898410344
69.3  65.9793012113  46.454655739  46.454655739  46.454655739
69.4  65.9299269751  46.419155589  46.419155589  46.419155589
69.5  65.8805896871  46.38333809  46.38333809  46.38333809
69.6  65.8312893197  46.3472009052  46.3472009052  46.3472009052
69.7  65.7820258451  46.3107418578  46.3107418578  46.3107418578
69.8  65.7327992359  46.2739589314  46.2739589314  46.2739589314
69.9  65.6836094644  46.2368502716  46.2368502716  46.2368502716
70.0  65.634456503  46.199414187  46.199414187  46.199414187
70.0  65.634456503  46.199414187  46.199414187  46.199414187
70.1  65.5853403242  46.1616491503  46.1616491503  46.1616491503
70.2  65.5362609004  46.1235537994  46.1235537994  46.1235537994
70.3  65.4872182043  46.0851269385  46.0851269385  46.0851269385
70.4  65.4382122082  46.0463675385  46.0463675385  46.0463675385
70.5  65.3892428847  46.0072747386  46.0072747386  46.0072747386
70.6  65.3403102064  45.9678478465  45.9678478465  45.9678478465
70.7  65.2914141459  45.9280863394  45.9280863394  45.9280863394
70.8  65.2425546757  45.8879898647  45.8879898647  45.8879898647
70.9  65.1937317684  45.8475582406  45.8475582406  45.8475582406
71.0  65.1449453968  45.8067914566  45.8067914566  45.8067914566
71.1  65.0961955335  45.7656896741  45.7656896741  45.7656896741
71.2  65.0474821511  45.7242532268  45.7242532268  45.7242532268
71.3  64.9988052223  45.6824826211  45.6824826211  45.6824826211
71.4  64.9501647199  45.6403785363  45.6403785363  45.6403785363
71.5  64.9015606166  45.5979418254  45.5979418254  45.5979418254
71.6  64.8529928852  45.5551735142  45.5551735142  45.5551735142
71.7  64.8044614984  45.5120748027  45.5120748027  45.5120748027
71.8  64.7559664291  45.4686470643  45.4686470643  45.4686470643
71.9  64.70750765  45.424891846  45.424891846  45.424891846
72.0  64.6590851341  45.3808108686  45.3808108686  45.3808108686
72.1  64.6106988541  45.3364060263  45.3364060263  45.3364060263
72.2  64.5623487831  45.2916793867  45.2916793867  45.2916793867
72.3  64.5140348937  45.2466331902  45.2466331902  45.2466331902
72.4  64.4657571591  45.2012698501  45.2012698501  45.2012698501
72.5  64.4175155521  45.1555919519  45.1555919519  45.1555919519
72.6  64.3693100458  45.1096022531  45.1096022531  45.1096022531
72.7  64.321140613  45.0633036823  45.0633036823  45.0633036823
72.8  64.2730072268  45.016699339  45.016699339  45.016699339
72.9  64.2249098602  44.9697924927  44.9697924927  44.9697924927
73.0  64.1768484863  44.9225865822  44.9225865822  44.9225865822
73.1  64.1288230781  44.8750852147  44.8750852147  44.8750852147
73.2  64.0808336087  44.8272921653  44.8272921653  44.8272921653
73.3  64.0328800512  44.7792113756  44.7792113756  44.7792113756
73.4  63.9849623788  44.7308469528  44.7308469528  44.7308469528
73.5  63.9370805646  44.682203169  44.682203169  44.682203169
73.6  63.8892345817  44.6332844594  44.6332844594  44.6332844594
73.7  63.8414244034  44.5840954214  44.5840954214  44.5840954214
73.8  63.7936500028  44.5346408137  44.5346408137  44.5346408137
73.9  63.7459113533  44.4849255542  44.4849255542  44.4849255542
74.0  63.6982084279  44.4349547189  44.4349547189  44.4349547189
74.1  63.6505412  44.3847335406  44.3847335406  44.3847335406
74.2  63.6029096429  44.3342674068  44.3342674068  44.3342674068
74.3  63.5553137299  44.2835618587  44.2835618587  44.2835618587
74.4  63.5077534343  44.2326225888  44.2326225888  44.2326225888
74.5  63.4602287295  44.1814554397  44.1814554397  44.1814554397
74.6  63.4127395887  44.1300664016  44.1300664016  44.1300664016
74.7  63.3652859855  44.0784616111  44.0784616111  44.0784616111
74.8  63.3178678932  44.0266473487  44.0266473487  44.0266473487
74.9  63.2704852853  43.9746300365  43.9746300365  43.9746300365
75.0  63.2231381351  43.9224162368  43.9224162368  43.9224162368
75.1  63.1758264162  43.8700126491  43.8700126491  43.8700126491
75.2  63.128550102  43.8174261084  43.8174261084  43.8174261084
75.3  63.0813091661  43.7646635823  43.7646635823  43.7646635823
75.4  63.034103582  43.7117321689  43.7117321689  43.7117321689
75.5  62.9869333231  43.6586390944  43.6586390944  43.6586390944
75.6  62.9397983632  43.6053917101  43.6053917101  43.6053917101
75.7  62.8926986757  43.5519974899  43.5519974899  43.5519974899
75.8  62.8456342342  43.4984640278  43.4984640278  43.4984640278
75.9  62.7986050125  43.4447990351  43.4447990351  43.4447990351
76.0  62.7516109841  43.391010337  43.391010337  43.391010337
76.1  62.7046521227  43.3371058702  43.3371058702  43.3371058702
76.2  62.657728402  43.2830936799  43.2830936799  43.2830936799
76.3  62.6108397957  43.2289819163  43.2289819163  43.2289819163
76.4  62.5639862775  43.174778832  43.174778832  43.174778832
76.5  62.5171678212  43.1204927782  43.1204927782  43.1204927782
76.6  62.4703844004  43.0661322021  43.0661322021  43.0661322021
76.7  62.4236359891  43.0117056428  43.0117056428  43.0117056428
76.8  62.376922561  42.9572217287  42.9572217287  42.9572217287
76.9  62.3302440899  42.9026891732  42.9026891732  42.9026891732
77.0  62.2836005496  42.8481167718  42.8481167718  42.8481167718
77.1  62.2369919141  42.7935133983  42.7935133983  42.7935133983
77.2  62.1904181572  42.738888001  42.738888001  42.738888001
77.3  62.1438792528  42.6842495989  42.6842495989  42.6842495989
77.4  62.0973751748  42.6296072782  42.6296072782  42.6296072782
77.5  62.0509058971  42.5749701884  42.5749701884  42.5749701884
77.6  62.0044713938  42.5203475378  42.5203475378  42.5203475378
77.7  61.9580716388  42.4657485904  42.4657485904  42.4657485904
77.8  61.911706606  42.4111826612  42.4111826612  42.4111826612
77.9  61.8653762696  42.3566591125  42.3566591125  42.3566591125
78.0  61.8190806035  42.3021873495  42.3021873495  42.3021873495
78.1  61.7728195818  42.2477768158  42.2477768158  42.2477768158
78.2  61.7265931786  42.1934369899  42.1934369899  42.1934369899
78.3  61.6804013679  42.1391773802  42.1391773802  42.1391773802
78.4  61.6342441239  42.0850075206  42.0850075206  42.0850075206
78.5  61.5881214208  42.0309369667  42.0309369667  42.0309369667
78.6  61.5420332326  41.9769752905  41.9769752905  41.9769752905
78.7  61.4959795335  41.9231320764  41.9231320764  41.9231320764
78.8  61.4499602978  41.8694169163  41.8694169163  41.8694169163
78.9  61.4039754996  41.8158394051  41.8158394051  41.8158394051
79.0  61.3580251131  41.762409136  41.762409136  41.762409136
79.1  61.3121091127  41.7091356956  41.7091356956  41.7091356956
79.2  61.2662274726  41.6560286592  41.6560286592  41.6560286592
79.3  61.220380167  41.603097586  41.603097586  41.603097586
79.4  61.1745671703  41.5503520142  41.5503520142  41.5503520142
79.5  61.1287884568  41.4978014559  41.4978014559  41.4978014559
79.6  61.0830440009  41.4454553925  41.4454553925  41.4454553925
79.7  61.0373337769  41.3933232693  41.3933232693  41.3933232693
79.8  60.9916577591  41.3414144903  41.3414144903  41.3414144903
79.9  60.9460159221  41.2897384141  41.2897384141  41.2897384141
80.0  60.9004082402  41.2383043475  41.2383043475  41.2383043475
80.0  60.9004082402  41.2383043475  41.2383043475  41.2383043475
80.1  60.8548346878  41.1871215413  41.1871215413  41.1871215413
80.2  60.8092952395  41.1361991842  41.1361991842  41.1361991842
80.3  60.7637898696  41.0855463988  41.0855463988  41.0855463988
80.4  60.7183185528  41.0351722351  41.0351722351  41.0351722351
80.5  60.6728812634  40.9850856662  40.9850856662  40.9850856662
80.6  60.6274779762  40.9352955822  40.9352955822  40.9352955822
80.7  60.5821086655  40.8858107856  40.8858107856  40.8858107856
80.8  60.536773306  40.8366399851  40.8366399851  40.8366399851
80.9  60.4914718722  40.7877917913  40.7877917913  40.7877917913
81.0  60.4462043389  40.7392747101  40.7392747101  40.7392747101
81.1  60.4009706806  40.6910971384  40.6910971384  40.6910971384
81.2  60.3557708719  40.643267358  40.643267358  40.643267358
81.3  60.3106048876  40.5957935302  40.5957935302  40.5957935302
81.4  60.2654727023  40.5486836906  40.5486836906  40.5486836906
81.5  60.2203742907  40.5019457436  40.5019457436  40.5019457436
81.6  60.1753096276  40.4555874568  40.4555874568  40.4555874568
81.7  60.1302786877  40.4096164551  40.4096164551  40.4096164551
81.8  60.0852814457  40.3640402166  40.3640402166  40.3640402166
81.9  60.0403178765  40.3188660655  40.3188660655  40.3188660655
82.0  59.9953879549  40.2741011678  40.2741011678  40.2741011678
82.1  59.9504916556  40.2297525251  40.2297525251  40.2297525251
82.2  59.9056289535  40.1858269694  40.1858269694  40.1858269694
82.3  59.8607998235  40.142331158  40.142331158  40.142331158
82.4  59.8160042405  40.0992715671  40.0992715671  40.0992715671
82.5  59.7712421793  40.0566544877  40.0566544877  40.0566544877
82.6  59.7265136148  40.014486019  40.014486019  40.014486019
82.7  59.681818522  39.9727720633  39.9727720633  39.9727720633
82.8  59.6371568759  39.9315183215  39.9315183215  39.9315183215
82.9  59.5925286514  39.8907302865  39.8907302865  39.8907302865
83.0  59.5479338235  39.8504132385  39.8504132385  39.8504132385
83.1  59.5033723672  39.8105722398  39.8105722398  39.8105722398
83.2  59.4588442576  39.7712121289  39.7712121289  39.7712121289
83.3  59.4143494696  39.7323375165  39.7323375165  39.7323375165
83.4  59.3698879784  39.6939527789  39.6939527789  39.6939527789
83.5  59.325459759  39.6560620538  39.6560620538  39.6560620538
83.6  59.2810647865  39.6186692351  39.6186692351  39.6186692351
83.7  59.2367030361  39.581777967  39.581777967  39.581777967
83.8  59.1923744829  39.5453916404  39.5453916404  39.5453916404
83.9  59.148079102  39.5095133864  39.5095133864  39.5095133864
84.0  59.1038168687  39.4741460732  39.4741460732  39.4741460732
84.1  59.0595877581  39.439292299  39.439292299  39.439292299
84.2  59.0153917454  39.4049543898  39.4049543898  39.4049543898
84.3  58.9712288058  39.3711343925  39.3711343925  39.3711343925
84.4  58.9270989147  39.3378340715  39.3378340715  39.3378340715
84.5  58.8830020473  39.3050549037  39.3050549037  39.3050549037
84.6  58.8389381789  39.272798074  39.272798074  39.272798074
84.7  58.7949072847  39.2410644713  39.2410644713  39.2410644713
84.8  58.7509093401  39.2098546833  39.2098546833  39.2098546833
84.9  58.7069443205  39.1791689937  39.1791689937  39.1791689937
85.0  58.6630122012  39.1490073766  39.1490073766  39.1490073766
85.1  58.6191129576  39.1193694929  39.1193694929  39.1193694929
85.2  58.575246565  39.0902546873  39.0902546873  39.0902546873
85.3  58.531412999  39.0616619827  39.0616619827  39.0616619827
85.4  58.4876122349  39.0335900786  39.0335900786  39.0335900786
85.5  58.4438442482  39.0060373451  39.0060373451  39.0060373451
85.6  58.4001090143  38.9790018212  38.9790018212  38.9790018212
85.7  58.3564065088  38.9524812113  38.9524812113  38.9524812113
85.8  58.3127367072  38.9264728804  38.9264728804  38.9264728804
85.9  58.2690995849  38.9009738529  38.9009738529  38.9009738529
86.0  58.2254951176  38.8759808081  38.8759808081  38.8759808081
86.1  58.1819232808  38.8514900786  38.8514900786  38.8514900786
86.2  58.13838405  38.827497646  38.827497646  38.827497646
86.3  58.094877401  38.8039991402  38.8039991402  38.8039991402
86.4  58.0514033092  38.7809898355  38.7809898355  38.7809898355
86.5  58.0079617503  38.7584646487  38.7584646487  38.7584646487
86.6  57.9645527001  38.7364181375  38.7364181375  38.7364181375
86.7  57.9211761341  38.714844498  38.714844498  38.714844498
86.8  57.877832028  38.6937375628  38.6937375628  38.6937375628
86.9  57.8345203576  38.6730907996  38.6730907996  38.6730907996
87.0  57.7912410986  38.6528973104  38.6528973104  38.6528973104
87.1  57.7479942268  38.6331498292  38.6331498292  38.6331498292
87.2  57.7047797178  38.6138407216  38.6138407216  38.6138407216
87.3  57.6615975475  38.5949619836  38.5949619836  38.5949619836
87.4  57.6184476917  38.5765052411  38.5765052411  38.5765052411
87.5  57.5753301261  38.558461749  38.558461749  38.558461749
87.6  57.5322448267  38.5408223923  38.5408223923  38.5408223923
87.7  57.4891917693  38.5235776837  38.5235776837  38.5235776837
87.8  57.4461709298  38.5067177669  38.5067177669  38.5067177669
87.9  57.403182284  38.4902324139  38.4902324139  38.4902324139
88.0  57.3602258078  38.4741110278  38.4741110278  38.4741110278
88.1  57.3173014773  38.4583426415  38.4583426415  38.4583426415
88.2  57.2744092683  38.4429159223  38.4429159223  38.4429159223
88.3  57.2315491567  38.4278191693  38.4278191693  38.4278191693
88.4  57.1887211187  38.4130403178  38.4130403178  38.4130403178
88.5  57.1459251301  38.3985669406  38.3985669406  38.3985669406
88.6  57.103161167  38.3843862484  38.3843862484  38.3843862484
88.7  57.0604292054  38.3704850949  38.3704850949  38.3704850949
88.8  57.0177292214  38.3568499777  38.3568499777  38.3568499777
88.9  56.975061191  38.3434670416  38.3434670416  38.3434670416
89.0  56.9324250903  38.3303220822  38.3303220822  38.3303220822
89.1  56.8898208956  38.3174005492  38.3174005492  38.3174005492
89.2  56.8472485827  38.3046875507  38.3046875507  38.3046875507
89.3  56.804708128  38.2921678564  38.2921678564  38.2921678564
89.4  56.7621995075  38.2798259033  38.2798259033  38.2798259033
89.5  56.7197226975  38.2676457996  38.2676457996  38.2676457996
89.6  56.6772776741  38.25561133  38.25561133  38.25561133
89.7  56.6348644136  38.2437059618  38.2437059618  38.2437059618
89.8  56.5924828921  38.2319128505  38.2319128505  38.2319128505
89.9  56.550133086  38.2202148445  38.2202148445  38.2202148445
90.0  56.5078149714  38.2085944944  38.2085944944  38.2085944944
90.0  56.5078149714  38.2085944944  38.2085944944  38.2085944944
90.1  56.4655285248  38.1970340572  38.1970340572  38.1970340572
90.2  56.4232737223  38.1855155057  38.1855155057  38.1855155057
90.3  56.3810505403  38.1740205341  38.1740205341  38.1740205341
90.4  56.3388589552  38.1625305678  38.1625305678  38.1625305678
90.5  56.2966989432  38.1510267716  38.1510267716  38.1510267716
90.6  56.2545704809  38.1394900569  38.1394900569  38.1394900569
90.7  56.2124735445  38.1279010929  38.1279010929  38.1279010929
90.8  56.1704081104  38.1162403151  38.1162403151  38.1162403151
90.9  56.1283741551  38.1044879356  38.1044879356  38.1044879356

#SVE monte-carlo points sigmaR (r, sigmaR_med, sigmaR_std)
15.2  106.23525249  8.24972434774
18.7  94.1218320937  6.72081236085
22.1  87.5258187181  5.58441817577
25.6  85.0357414529  4.73662262038
29.1  85.1044394636  4.08467956502
32.5  85.8715027421  3.536604126
36.0  86.0402563248  3.00888491794
39.5  84.9019861746  2.51011195071
42.9  82.5264238807  2.0662769331
46.4  79.2228844378  1.66765829003
49.9  75.7087056792  1.33737350305
53.3  72.9247157198  0.823395650041
56.8  70.8803194892  0.252257414968
60.2  69.2851008053  0.0593725369324
63.7  67.8970950766  0.0858673689758
67.2  66.426375796  0.000745929220479
70.6  64.8203741084  0.286362055213
74.1  63.2089809259  0.567418712261
77.6  61.638927133  0.834318962358
81.0  60.1522812561  1.08054647879
84.5  58.6605563887  1.32109102158
88.0  57.2070135719  1.54901908471

#SVE monte-carlo points sigmaZ (r, sigmaZ_med, sigmaZ_std)
15.6  81.9497765702  0.0
19.1  71.5536926621  0.0
22.5  65.9687621353  0.0
26.0  63.6404751859  0.0
29.5  63.2260055545  0.0
32.9  63.3066730388  0.0
36.4  62.9266663607  0.0
39.9  61.6374606742  0.0
43.3  59.5489868963  0.0
46.8  56.8892857663  0.0
50.2  54.259964803  0.0
53.7  51.9075539276  0.0
57.2  50.1254727662  0.0
60.6  48.9123758491  0.0
64.1  47.9692193094  0.0
67.6  47.0126113195  0.0
71.0  45.8067914566  0.0
74.5  44.1814554397  0.0
78.0  42.3021873495  0.0
81.4  40.5486836906  0.0
84.9  39.1791689937  0.0
88.4  38.4130403178  0.0

#SVE monte-carlo points sigmaPhi (r, sigmaPhi_med, sigmaPhi_std)
16.1  80.1492131537  0.0
19.6  70.4751014745  0.0
23.0  65.4585022824  0.0
26.5  63.5006345984  0.0
30.0  63.2355760008  0.0
33.4  63.2970189004  0.0
36.9  62.8019336431  0.0
40.3  61.4300229433  0.0
43.8  59.1901423836  0.0
47.3  56.4947335138  0.0
50.7  53.8945493554  0.0
54.2  51.6161234906  0.0
57.7  49.9185729893  0.0
61.1  48.7657100594  0.0
64.6  47.8410623933  0.0
68.1  46.8569663634  0.0
71.5  45.5979418254  0.0
75.0  43.9224162368  0.0
78.5  42.0309369667  0.0
81.9  40.3188660655  0.0
85.4  39.0335900786  0.0
88.9  38.3434670416  0.0
