#SVE points (r, sigmaR, sigmaZ, sigmaPhi, sigmaMajRestored)
10.0  115.74751311  104.116518323  104.116518323  104.116518323
10.1  115.419367327  103.675878321  103.675878321  103.675878321
10.2  115.083389393  103.229901662  103.229901662  103.229901662
10.3  114.739686123  102.778701726  102.778701726  102.778701726
10.4  114.388367035  102.322393495  102.322393495  102.322393495
10.5  114.029544245  101.861093451  101.861093451  101.861093451
10.6  113.663332364  101.39491948  101.39491948  101.39491948
10.7  113.289848391  100.92399077  100.92399077  100.92399077
10.8  112.909211612  100.448427723  100.448427723  100.448427723
10.9  112.5215435  99.9683518588  99.9683518588  99.9683518588
11.0  112.126967612  99.4838857244  99.4838857244  99.4838857244
11.1  111.725609496  98.9951528062  98.9951528062  98.9951528062
11.2  111.317596589  98.5022774431  98.5022774431  98.5022774431
11.3  110.903058123  98.0053847424  98.0053847424  98.0053847424
11.4  110.482125031  97.5046004967  97.5046004967  97.5046004967
11.5  110.054929854  97.0000511033  97.0000511033  97.0000511033
11.6  109.621606646  96.4918634851  96.4918634851  96.4918634851
11.7  109.182290889  95.980165014  95.980165014  95.980165014
11.8  108.737119398  95.4650834352  95.4650834352  95.4650834352
11.9  108.286230238  94.9467467942  94.9467467942  94.9467467942
12.0  107.829762634  94.4252833649  94.4252833649  94.4252833649
12.1  107.367856888  93.9008215801  93.9008215801  93.9008215801
12.2  106.900654292  93.3734899626  93.3734899626  93.3734899626
12.3  106.428297049  92.8434170599  92.8434170599  92.8434170599
12.4  105.95092819  92.3107313785  92.3107313785  92.3107313785
12.5  105.468691493  91.7755613211  91.7755613211  91.7755613211
12.6  104.981731407  91.2380351255  91.2380351255  91.2380351255
12.7  104.490192971  90.6982808042  90.6982808042  90.6982808042
12.8  103.994221741  90.1564260867  90.1564260867  90.1564260867
12.9  103.493963715  89.6125983625  89.6125983625  89.6125983625
13.0  102.989565256  89.066924626  89.066924626  89.066924626
13.1  102.481173025  88.5195314231  88.5195314231  88.5195314231
13.2  101.968933907  87.970544799  87.970544799  87.970544799
13.3  101.452994941  87.4200902474  87.4200902474  87.4200902474
13.4  100.933503254  86.8682926616  86.8682926616  86.8682926616
13.5  100.410605993  86.3152762869  86.3152762869  86.3152762869
13.6  99.8844502584  85.7611646739  85.7611646739  85.7611646739
13.7  99.3551830398  85.206080634  85.206080634  85.206080634
13.8  98.8229511545  84.6501461955  84.6501461955  84.6501461955
13.9  98.2879011838  84.0934825617  84.0934825617  84.0934825617
14.0  97.7501794134  83.5362100702  83.5362100702  83.5362100702
14.1  97.2099317737  82.9784481529  82.9784481529  82.9784481529
14.2  96.6673037815  82.4203152983  82.4203152983  82.4203152983
14.3  96.1224404838  81.8619290142  81.8619290142  81.8619290142
14.4  95.5754864017  81.303405792  81.303405792  81.303405792
14.5  95.0265854759  80.7448610725  80.7448610725  80.7448610725
14.6  94.4758810143  80.1864092126  80.1864092126  80.1864092126
14.7  93.9235156395  79.628163453  79.628163453  79.628163453
14.8  93.3696312383  79.0702358875  79.0702358875  79.0702358875
14.9  92.8143689123  78.5127374333  78.5127374333  78.5127374333
15.0  92.2578689297  77.9557778025  77.9557778025  77.9557778025
15.0  92.2578689297  77.9557778025  77.9557778025  77.9557778025
15.1  91.700270678  77.3994654744  77.3994654744  77.3994654744
15.2  91.1417126186  76.8439076695  76.8439076695  76.8439076695
15.3  90.5823322417  76.2892103238  76.2892103238  76.2892103238
15.4  90.0222660229  75.7354780652  75.7354780652  75.7354780652
15.5  89.4616493812  75.1828141897  75.1828141897  75.1828141897
15.6  88.9006166376  74.6313206398  74.6313206398  74.6313206398
15.7  88.3393009748  74.081097983  74.081097983  74.081097983
15.8  87.7778343992  73.5322453922  73.5322453922  73.5322453922
15.9  87.2163477022  72.9848606261  72.9848606261  72.9848606261
16.0  86.6549704243  72.4390400113  72.4390400113  72.4390400113
16.1  86.0938308194  71.8948784248  71.8948784248  71.8948784248
16.2  85.5330558204  71.3524692783  71.3524692783  71.3524692783
16.3  84.9727710062  70.8119045024  70.8119045024  70.8119045024
16.4  84.4131005692  70.2732745319  70.2732745319  70.2732745319
16.5  83.8541672844  69.7366682929  69.7366682929  69.7366682929
16.6  83.2960924795  69.2021731896  69.2021731896  69.2021731896
16.7  82.738996006  68.6698750923  68.6698750923  68.6698750923
16.8  82.1829962108  68.1398583271  68.1398583271  68.1398583271
16.9  81.6282099103  67.6122056646  67.6122056646  67.6122056646
17.0  81.0747523637  67.0869983115  67.0869983115  67.0869983115
17.1  80.522737249  66.5643159013  66.5643159013  66.5643159013
17.2  79.9722766385  66.0442364868  66.0442364868  66.0442364868
17.3  79.4234809769  65.5268365329  65.5268365329  65.5268365329
17.4  78.8764590588  65.0121909101  65.0121909101  65.0121909101
17.5  78.3313180084  64.5003728891  64.5003728891  64.5003728891
17.6  77.7881632595  63.9914541359  63.9914541359  63.9914541359
17.7  77.247098537  63.4855047074  63.4855047074  63.4855047074
17.8  76.7082258384  62.982593048  62.982593048  62.982593048
17.9  76.1716454177  62.4827859867  62.4827859867  62.4827859867
18.0  75.6374557687  61.986148735  61.986148735  61.986148735
18.1  75.1057536104  61.4927448852  61.4927448852  61.4927448852
18.2  74.5766338726  61.0026364098  61.0026364098  61.0026364098
18.3  74.0501896828  60.5158836607  60.5158836607  60.5158836607
18.4  73.5265123536  60.0325453701  60.0325453701  60.0325453701
18.5  73.0056913715  59.5526786509  59.5526786509  59.5526786509
18.6  72.4878143861  59.0763389985  59.0763389985  59.0763389985
18.7  71.9729672001  58.6035802928  58.6035802928  58.6035802928
18.8  71.4612337611  58.1344548005  58.1344548005  58.1344548005
18.9  70.9526961526  57.6690131789  57.6690131789  57.6690131789
19.0  70.4474345873  57.2073044787  57.2073044787  57.2073044787
19.1  69.9455274005  56.749376149  56.749376149  56.749376149
19.2  69.4470510444  56.2952740417  56.2952740417  56.2952740417
19.3  68.9520800832  55.8450424163  55.8450424163  55.8450424163
19.4  68.4606871889  55.3987239462  55.3987239462  55.3987239462
19.5  67.972943138  54.9563597245  54.9563597245  54.9563597245
19.6  67.4889168093  54.5179892708  54.5179892708  54.5179892708
19.7  67.0086751812  54.0836505377  54.0836505377  54.0836505377
19.8  66.5322833313  53.6533799192  53.6533799192  53.6533799192
19.9  66.0598044357  53.2272122577  53.2272122577  53.2272122577
20.0  65.5912997693  52.8051808529  52.8051808529  52.8051808529
20.1  65.1268287065  52.3873174704  52.3873174704  52.3873174704
20.2  64.6664487235  51.9736523505  51.9736523505  51.9736523505
20.3  64.2102154  51.5642142182  51.5642142182  51.5642142182
20.4  63.7581824225  51.1590302927  51.1590302927  51.1590302927
20.5  63.3104015878  50.7581262978  50.7581262978  50.7581262978
20.6  62.8669228073  50.3615264723  50.3615264723  50.3615264723
20.7  62.4277941119  49.9692535811  49.9692535811  49.9692535811
20.8  61.9930616573  49.5813289264  49.5813289264  49.5813289264
20.9  61.5627697306  49.1977723594  49.1977723594  49.1977723594
21.0  61.1369607562  48.8186022916  48.8186022916  48.8186022916
21.1  60.7156753036  48.443835708  48.443835708  48.443835708
21.2  60.2989520952  48.0734881784  48.0734881784  48.0734881784
21.3  59.8868280143  47.7075738711  47.7075738711  47.7075738711
21.4  59.4793381143  47.3461055655  47.3461055655  47.3461055655
21.5  59.0765156282  46.9890946654  46.9890946654  46.9890946654
21.6  58.678391978  46.6365512126  46.6365512126  46.6365512126
21.7  58.284996786  46.2884839008  46.2884839008  46.2884839008
21.8  57.8963578848  45.9449000895  45.9449000895  45.9449000895
21.9  57.5125013296  45.6058058181  45.6058058181  45.6058058181
22.0  57.1334514095  45.2712058209  45.2712058209  45.2712058209
22.1  56.7592306599  44.9411035411  44.9411035411  44.9411035411
22.2  56.3898598759  44.6155011464  44.6155011464  44.6155011464
22.3  56.0253581245  44.2943995436  44.2943995436  44.2943995436
22.4  55.6657427594  43.9777983939  43.9777983939  43.9777983939
22.5  55.3110294341  43.6656961287  43.6656961287  43.6656961287
22.6  54.961232117  43.3580899648  43.3580899648  43.3580899648
22.7  54.6163631062  43.0549759207  43.0549759207  43.0549759207
22.8  54.2764330445  42.7563488321  42.7563488321  42.7563488321
22.9  53.9414509351  42.4622023681  42.4622023681  42.4622023681
23.0  53.611424158  42.1725290475  42.1725290475  42.1725290475
23.1  53.2863584855  41.8873202553  41.8873202553  41.8873202553
23.2  52.9662581  41.6065662591  41.6065662591  41.6065662591
23.3  52.6511256098  41.3302562256  41.3302562256  41.3302562256
23.4  52.3409620675  41.0583782374  41.0583782374  41.0583782374
23.5  52.0357669868  40.79091931  40.79091931  40.79091931
23.6  51.735538361  40.5278654085  40.5278654085  40.5278654085
23.7  51.4402726808  40.2692014648  40.2692014648  40.2692014648
23.8  51.1499649532  40.0149113947  40.0149113947  40.0149113947
23.9  50.8646087198  39.764978115  39.764978115  39.764978115
24.0  50.5841960763  39.519383561  39.519383561  39.519383561
24.1  50.3087176913  39.2781087034  39.2781087034  39.2781087034
24.2  50.038162826  39.0411335662  39.0411335662  39.0411335662
24.3  49.7725193542  38.8084372438  38.8084372438  38.8084372438
24.4  49.5117737816  38.5799979187  38.5799979187  38.5799979187
24.5  49.2559112666  38.3557928788  38.3557928788  38.3557928788
24.6  49.0049156402  38.1357985355  38.1357985355  38.1357985355
24.7  48.7587694267  37.9199904406  37.9199904406  37.9199904406
24.8  48.5174538644  37.7083433046  37.7083433046  37.7083433046
24.9  48.2809489265  37.5008310138  37.5008310138  37.5008310138
25.0  48.0492333422  37.2974266484  37.2974266484  37.2974266484
25.1  47.8222846175  37.0981024999  37.0981024999  37.0981024999
25.2  47.6000790573  36.9028300891  36.9028300891  36.9028300891
25.3  47.3825917859  36.7115801833  36.7115801833  36.7115801833
25.4  47.1697967695  36.5243228146  36.5243228146  36.5243228146
25.5  46.9616668374  36.3410272969  36.3410272969  36.3410272969
25.6  46.7581737037  36.1616622442  36.1616622442  36.1616622442
25.7  46.5592879897  35.9861955877  35.9861955877  35.9861955877
25.8  46.3649792455  35.8145945937  35.8145945937  35.8145945937
25.9  46.1752159724  35.6468258812  35.6468258812  35.6468258812
26.0  45.9899656445  35.4828554392  35.4828554392  35.4828554392
26.1  45.8091947317  35.3226486443  35.3226486443  35.3226486443
26.2  45.6328687214  35.1661702785  35.1661702785  35.1661702785
26.3  45.4609521411  35.0133845461  35.0133845461  35.0133845461
26.4  45.2934085806  34.8642550913  34.8642550913  34.8642550913
26.5  45.1302007147  34.7187450155  34.7187450155  34.7187450155
26.6  44.9712903252  34.5768168946  34.5768168946  34.5768168946
26.7  44.8166383238  34.438432796  34.438432796  34.438432796
26.8  44.6662047743  34.303554296  34.303554296  34.303554296
26.9  44.5199489152  34.1721424966  34.1721424966  34.1721424966
27.0  44.3778291821  34.0441580424  34.0441580424  34.0441580424
27.1  44.2398032302  33.9195611377  33.9195611377  33.9195611377
27.2  44.1058279567  33.7983115634  33.7983115634  33.7983115634
27.3  43.9758595232  33.6803686934  33.6803686934  33.6803686934
27.4  43.8498533785  33.5656915114  33.5656915114  33.5656915114
27.5  43.7277642801  33.4542386273  33.4542386273  33.4542386273
27.6  43.6095463175  33.3459682941  33.3459682941  33.3459682941
27.7  43.4951529336  33.2408384234  33.2408384234  33.2408384234
27.8  43.3845369477  33.1388066027  33.1388066027  33.1388066027
27.9  43.277650577  33.0398301106  33.0398301106  33.0398301106
28.0  43.174445459  32.9438659333  32.9438659333  32.9438659333
28.1  43.0748726735  32.8508707804  32.8508707804  32.8508707804
28.2  42.9788827645  32.7608011008  32.7608011008  32.7608011008
28.3  42.8864257619  32.6736130983  32.6736130983  32.6736130983
28.4  42.7974512036  32.5892627471  32.5892627471  32.5892627471
28.5  42.7119081567  32.5077058075  32.5077058075  32.5077058075
28.6  42.6297452394  32.4288978407  32.4288978407  32.4288978407
28.7  42.5509106425  32.3527942247  32.3527942247  32.3527942247
28.8  42.4753521503  32.2793501688  32.2793501688  32.2793501688
28.9  42.4030171624  32.2085207288  32.2085207288  32.2085207288
29.0  42.3338527143  32.1402608216  32.1402608216  32.1402608216
29.1  42.2678054986  32.0745252401  32.0745252401  32.0745252401
29.2  42.2048218858  32.0112686678  32.0112686678  32.0112686678
29.3  42.1448479451  31.9504456925  31.9504456925  31.9504456925
29.4  42.0878294648  31.8920108215  31.8920108215  31.8920108215
29.5  42.0337119729  31.8359184951  31.8359184951  31.8359184951
29.6  41.982440757  31.7821231005  31.7821231005  31.7821231005
29.7  41.9339608849  31.7305789859  31.7305789859  31.7305789859
29.8  41.8882172242  31.6812404743  31.6812404743  31.6812404743
29.9  41.8451544622  31.6340618762  31.6340618762  31.6340618762
30.0  41.8047171256  31.5889975039  31.5889975039  31.5889975039
30.0  41.8047171256  31.5889975039  31.5889975039  31.5889975039
30.1  41.7668495998  31.5460016842  31.5460016842  31.5460016842
30.2  41.7314961483  31.5050287713  31.5050287713  31.5050287713
30.3  41.6986009317  31.4660331601  31.4660331601  31.4660331601
30.4  41.6681080266  31.4289692987  31.4289692987  31.4289692987
30.5  41.6399614447  31.3937917008  31.3937917008  31.3937917008
30.6  41.6141051508  31.3604549583  31.3604549583  31.3604549583
30.7  41.5904830813  31.3289137536  31.3289137536  31.3289137536
30.8  41.5690391627  31.2991228715  31.2991228715  31.2991228715
30.9  41.5497173293  31.2710372111  31.2710372111  31.2710372111
31.0  41.5324615409  31.2446117976  31.2446117976  31.2446117976
31.1  41.5172158005  31.2198017939  31.2198017939  31.2198017939
31.2  41.5039241714  31.1965625119  31.1965625119  31.1965625119
31.3  41.4925307949  31.1748494239  31.1748494239  31.1748494239
31.4  41.4829799065  31.1546181734  31.1546181734  31.1546181734
31.5  41.4752158533  31.1358245861  31.1358245861  31.1358245861
31.6  41.46918311  31.1184246809  31.1184246809  31.1184246809
31.7  41.4648262952  31.1023746798  31.1023746798  31.1023746798
31.8  41.4620901881  31.087631019  31.087631019  31.087631019
31.9  41.4609197433  31.0741503585  31.0741503585  31.0741503585
32.0  41.4612601074  31.0618895925  31.0618895925  31.0618895925
32.1  41.4630566338  31.0508058591  31.0508058591  31.0508058591
32.2  41.466254898  31.0408565497  31.0408565497  31.0408565497
32.3  41.4708007125  31.0319993192  31.0319993192  31.0319993192
32.4  41.4766401415  31.0241920945  31.0241920945  31.0241920945
32.5  41.4837195155  31.0173930842  31.0173930842  31.0173930842
32.6  41.4919854453  31.0115607874  31.0115607874  31.0115607874
32.7  41.5013848362  31.0066540022  31.0066540022  31.0066540022
32.8  41.5118649015  31.0026318348  31.0026318348  31.0026318348
32.9  41.5233731762  30.9994537076  30.9994537076  30.9994537076
33.0  41.5358575302  30.9970793675  30.9970793675  30.9970793675
33.1  41.5492661812  30.9954688939  30.9954688939  30.9954688939
33.2  41.5635477078  30.9945827068  30.9945827068  30.9945827068
33.3  41.5786510616  30.9943815743  30.9943815743  30.9943815743
33.4  41.5945255801  30.9948266203  30.9948266203  30.9948266203
33.5  41.6111209979  30.9958793318  30.9958793318  30.9958793318
33.6  41.6283874592  30.9975015658  30.9975015658  30.9975015658
33.7  41.6462755292  30.9996555569  30.9996555569  30.9996555569
33.8  41.6647362051  31.0023039234  31.0023039234  31.0023039234
33.9  41.6837209275  31.0054096745  31.0054096745  31.0054096745
34.0  41.7031815909  31.0089362165  31.0089362165  31.0089362165
34.1  41.7230705547  31.0128473593  31.0128473593  31.0128473593
34.2  41.7433406529  31.017107322  31.017107322  31.017107322
34.3  41.7639452048  31.0216807396  31.0216807396  31.0216807396
34.4  41.7848380242  31.0265326681  31.0265326681  31.0265326681
34.5  41.8059734293  31.0316285903  31.0316285903  31.0316285903
34.6  41.827306252  31.0369344212  31.0369344212  31.0369344212
34.7  41.848791847  31.0424165136  31.0424165136  31.0424165136
34.8  41.8703861002  31.0480416623  31.0480416623  31.0480416623
34.9  41.8920454378  31.0537771098  31.0537771098  31.0537771098
35.0  41.9137268342  31.0595905506  31.0595905506  31.0595905506
35.1  41.9353878203  31.0654501359  31.0654501359  31.0654501359
35.2  41.9569864911  31.0713244777  31.0713244777  31.0713244777
35.3  41.9784815135  31.0771826535  31.0771826535  31.0771826535
35.4  41.9998321333  31.0829942096  31.0829942096  31.0829942096
35.5  42.0209981827  31.0887291656  31.0887291656  31.0887291656
35.6  42.0419400866  31.0943580179  31.0943580179  31.0943580179
35.7  42.0626188694  31.099851743  31.099851743  31.099851743
35.8  42.0829961615  31.1051818009  31.1051818009  31.1051818009
35.9  42.1030342052  31.1103201385  31.1103201385  31.1103201385
36.0  42.1226958603  31.1152391926  31.1152391926  31.1152391926
36.1  42.1419446103  31.1199118923  31.1199118923  31.1199118923
36.2  42.1607445671  31.1243116624  31.1243116624  31.1243116624
36.3  42.1790604763  31.1284124251  31.1284124251  31.1284124251
36.4  42.1968577225  31.1321886032  31.1321886032  31.1321886032
36.5  42.2141023333  31.1356151216  31.1356151216  31.1356151216
36.6  42.2307609839  31.1386674097  31.1386674097  31.1386674097
36.7  42.2468010016  31.1413214034  31.1413214034  31.1413214034
36.8  42.2621903691  31.1435535463  31.1435535463  31.1435535463
36.9  42.2768977286  31.1453407918  31.1453407918  31.1453407918
37.0  42.2908923852  31.1466606042  31.1466606042  31.1466606042
37.1  42.30414431  31.1474909602  31.1474909602  31.1474909602
37.2  42.3166241432  31.1478103497  31.1478103497  31.1478103497
37.3  42.3283031966  31.147597777  31.147597777  31.147597777
37.4  42.3391534564  31.1468327614  31.1468327614  31.1468327614
37.5  42.3491475856  31.145495338  31.145495338  31.145495338
37.6  42.3582589256  31.1435660581  31.1435660581  31.1435660581
37.7  42.3664614986  31.1410259898  31.1410259898  31.1410259898
37.8  42.3737300086  31.1378567178  31.1378567178  31.1378567178
37.9  42.3800398435  31.1340403437  31.1340403437  31.1340403437
38.0  42.3853670759  31.129559486  31.129559486  31.129559486
38.1  42.3896884641  31.1243972796  31.1243972796  31.1243972796
38.2  42.3929814528  31.1185373758  31.1185373758  31.1185373758
38.3  42.3952241739  31.1119639414  31.1119639414  31.1119639414
38.4  42.3963954467  31.1046616584  31.1046616584  31.1046616584
38.5  42.396474778  31.0966157231  31.0966157231  31.0966157231
38.6  42.3954423619  31.087811845  31.087811845  31.087811845
38.7  42.3932790798  31.0782362462  31.0782362462  31.0782362462
38.8  42.3899664997  31.0678756598  31.0678756598  31.0678756598
38.9  42.3854868757  31.0567173287  31.0567173287  31.0567173287
39.0  42.3798231469  31.0447490043  31.0447490043  31.0447490043
39.1  42.3729589364  31.0319589448  31.0319589448  31.0319589448
39.2  42.36487855  31.0183359137  31.0183359137  31.0183359137
39.3  42.3555669748  31.0038691776  31.0038691776  31.0038691776
39.4  42.3450098777  30.9885485047  30.9885485047  30.9885485047
39.5  42.3331936031  30.9723641625  30.9723641625  30.9723641625
39.6  42.3201051711  30.9553069158  30.9553069158  30.9553069158
39.7  42.3057322755  30.9373680239  30.9373680239  30.9373680239
39.8  42.2900632811  30.918539239  30.918539239  30.918539239
39.9  42.2730872211  30.8988128031  30.8988128031  30.8988128031
40.0  42.2547937946  30.8781814454  30.8781814454  30.8781814454
40.1  42.2351733634  30.8566383797  30.8566383797  30.8566383797
40.2  42.2142169491  30.8341773015  30.8341773015  30.8341773015
40.3  42.1919162298  30.8107923852  30.8107923852  30.8107923852
40.4  42.1682635364  30.7864782804  30.7864782804  30.7864782804
40.5  42.1432518494  30.7612301096  30.7612301096  30.7612301096
40.6  42.1168747947  30.7350434643  30.7350434643  30.7350434643
40.7  42.08912664  30.7079144017  30.7079144017  30.7079144017
40.8  42.0600022905  30.6798394413  30.6798394413  30.6798394413
40.9  42.029497285  30.6508155615  30.6508155615  30.6508155615
41.0  41.9976077908  30.6208401956  30.6208401956  30.6208401956
41.1  41.9643306  30.589911228  30.589911228  30.589911228
41.2  41.9296631241  30.5580269908  30.5580269908  30.5580269908
41.3  41.8936033897  30.5251862593  30.5251862593  30.5251862593
41.4  41.856150033  30.491388248  30.491388248  30.491388248
41.5  41.817302295  30.4566326071  30.4566326071  30.4566326071
41.6  41.7770600163  30.4209194173  30.4209194173  30.4209194173
41.7  41.7354236315  30.3842491862  30.3842491862  30.3842491862
41.8  41.6923941635  30.3466228437  30.3466228437  30.3466228437
41.9  41.6479732184  30.3080417375  30.3080417375  30.3080417375
42.0  41.6021629792  30.2685076284  30.2685076284  30.2685076284
42.1  41.5549662  30.228022686  30.228022686  30.228022686
42.2  41.5063862001  30.1865894838  30.1865894838  30.1865894838
42.3  41.4564268576  30.1442109943  30.1442109943  30.1442109943
42.4  41.4050926035  30.1008905844  30.1008905844  30.1008905844
42.5  41.3523884149  30.0566320101  30.0566320101  30.0566320101
42.6  41.2983198087  30.0114394121  30.0114394121  30.0114394121
42.7  41.2428928349  29.9653173102  29.9653173102  29.9653173102
42.8  41.18611407  29.9182705982  29.9182705982  29.9182705982
42.9  41.1279906102  29.8703045391  29.8703045391  29.8703045391
43.0  41.0685300642  29.8214247595  29.8214247595  29.8214247595
43.1  41.0077405463  29.7716372445  29.7716372445  29.7716372445
43.2  40.9456306697  29.7209483321  29.7209483321  29.7209483321
43.3  40.8822095385  29.6693647079  29.6693647079  29.6693647079
43.4  40.817486741  29.6168933997  29.6168933997  29.6168933997
43.5  40.751472342  29.5635417717  29.5635417717  29.5635417717
43.6  40.6841768757  29.5093175194  29.5093175194  29.5093175194
43.7  40.6156113375  29.4542286632  29.4542286632  29.4542286632
43.8  40.5457871769  29.3982835437  29.3982835437  29.3982835437
43.9  40.4747162897  29.341490815  29.341490815  29.341490815
44.0  40.4024110099  29.2838594395  29.2838594395  29.2838594395
44.1  40.3288841022  29.2253986819  29.2253986819  29.2253986819
44.2  40.2541487537  29.1661181036  29.1661181036  29.1661181036
44.3  40.1782185663  29.1060275563  29.1060275563  29.1060275563
44.4  40.1011075483  29.0451371764  29.0451371764  29.0451371764
44.5  40.0228301062  28.9834573791  28.9834573791  28.9834573791
44.6  39.9434010372  28.9209988523  28.9209988523  28.9209988523
44.7  39.8628355198  28.8577725503  28.8577725503  28.8577725503
44.8  39.7811491066  28.7937896882  28.7937896882  28.7937896882
44.9  39.6983577153  28.7290617354  28.7290617354  28.7290617354
45.0  39.6144776204  28.6636004099  28.6636004099  28.6636004099
45.0  39.6144776204  28.6636004099  28.6636004099  28.6636004099
45.1  39.5295254451  28.5974176716  28.5974176716  28.5974176716
45.2  39.4435181522  28.5305257168  28.5305257168  28.5305257168
45.3  39.3564730361  28.4629369711  28.4629369711  28.4629369711
45.4  39.2684077139  28.3946640844  28.3946640844  28.3946640844
45.5  39.1793401171  28.3257199234  28.3257199234  28.3257199234
45.6  39.0892884825  28.2561175663  28.2561175663  28.2561175663
45.7  38.998271344  28.1858702961  28.1858702961  28.1858702961
45.8  38.9063075235  28.1149915945  28.1149915945  28.1149915945
45.9  38.8134161226  28.0434951352  28.0434951352  28.0434951352
46.0  38.7196165135  27.9713947783  27.9713947783  27.9713947783
46.1  38.6249283302  27.8987045634  27.8987045634  27.8987045634
46.2  38.5293714601  27.8254387037  27.8254387037  27.8254387037
46.3  38.4329660346  27.7516115791  27.7516115791  27.7516115791
46.4  38.3357324209  27.6772377306  27.6772377306  27.6772377306
46.5  38.2376912128  27.6023318536  27.6023318536  27.6023318536
46.6  38.1388632218  27.5269087915  27.5269087915  27.5269087915
46.7  38.0392694686  27.4509835295  27.4509835295  27.4509835295
46.8  37.9389311739  27.3745711884  27.3745711884  27.3745711884
46.9  37.8378697497  27.2976870179  27.2976870179  27.2976870179
47.0  37.7361067904  27.2203463906  27.2203463906  27.2203463906
47.1  37.633664064  27.1425647959  27.1425647959  27.1425647959
47.2  37.5305635033  27.0643578331  27.0643578331  27.0643578331
47.3  37.4268271969  26.9857412057  26.9857412057  26.9857412057
47.4  37.3224773805  26.9067307146  26.9067307146  26.9067307146
47.5  37.2175364281  26.8273422524  26.8273422524  26.8273422524
47.6  37.1120268431  26.7475917966  26.7475917966  26.7475917966
47.7  37.0059712496  26.667495404  26.667495404  26.667495404
47.8  36.8993923836  26.5870692037  26.5870692037  26.5870692037
47.9  36.7923130842  26.5063293917  26.5063293917  26.5063293917
48.0  36.6847562851  26.4252922243  26.4252922243  26.4252922243
48.1  36.5767450056  26.3439740118  26.3439740118  26.3439740118
48.2  36.4683023421  26.262391113  26.262391113  26.262391113
48.3  36.3594514597  26.1805599283  26.1805599283  26.1805599283
48.4  36.2502155829  26.0984968943  26.0984968943  26.0984968943
48.5  36.140617988  26.0162184774  26.0162184774  26.0162184774
48.6  36.0306819936  25.9337411678  25.9337411678  25.9337411678
48.7  35.9204309528  25.8510814739  25.8510814739  25.8510814739
48.8  35.8098882443  25.7682559155  25.7682559155  25.7682559155
48.9  35.6990772646  25.6852810189  25.6852810189  25.6852810189
49.0  35.5880214188  25.6021733104  25.6021733104  25.6021733104
49.1  35.4767441128  25.5189493103  25.5189493103  25.5189493103
49.2  35.3652687451  25.4356255279  25.4356255279  25.4356255279
49.3  35.2536186983  25.3522184548  25.3522184548  25.3522184548
49.4  35.1418173309  25.2687445596  25.2687445596  25.2687445596
49.5  35.0298879695  25.1852202824  25.1852202824  25.1852202824
49.6  34.9178539006  25.1016620287  25.1016620287  25.1016620287
49.7  34.8057383624  25.0180861641  25.0180861641  25.0180861641
49.8  34.6935645372  24.9345090086  24.9345090086  24.9345090086
49.9  34.5813555432  24.8509468313  24.8509468313  24.8509468313
50.0  34.4691344268  24.7674158446  24.7674158446  24.7674158446
50.1  34.356924155  24.6839321991  24.6839321991  24.6839321991
50.2  34.2447476075  24.600511978  24.600511978  24.600511978
50.3  34.1326275693  24.5171711917  24.5171711917  24.5171711917
50.4  34.0205867229  24.433925773  24.433925773  24.433925773
50.5  33.908647641  24.3507915713  24.3507915713  24.3507915713
50.6  33.7968327789  24.267784348  24.267784348  24.267784348
50.7  33.6851644676  24.1849197708  24.1849197708  24.1849197708
50.8  33.5736649061  24.1022134091  24.1022134091  24.1022134091
50.9  33.4623561544  24.0196807288  24.0196807288  24.0196807288
51.0  33.3512601265  23.9373370876  23.9373370876  23.9373370876
51.1  33.2403985833  23.8551977296  23.8551977296  23.8551977296
51.2  33.1297931255  23.7732777812  23.7732777812  23.7732777812
51.3  33.0194651873  23.6915922456  23.6915922456  23.6915922456
51.4  32.9094360289  23.6101559988  23.6101559988  23.6101559988
51.5  32.7997267303  23.5289837844  23.5289837844  23.5289837844
51.6  32.6903581849  23.4480902093  23.4480902093  23.4480902093
51.7  32.5813510924  23.3674897393  23.3674897393  23.3674897393
51.8  32.472725953  23.2871966944  23.2871966944  23.2871966944
51.9  32.3645030605  23.2072252444  23.2072252444  23.2072252444
52.0  32.2567024968  23.1275894052  23.1275894052  23.1275894052
52.1  32.1493441253  23.0483030336  23.0483030336  23.0483030336
52.2  32.0424475847  22.9693798239  22.9693798239  22.9693798239
52.3  31.9360322838  22.8908333035  22.8908333035  22.8908333035
52.4  31.8301173947  22.8126768289  22.8126768289  22.8126768289
52.5  31.7247218482  22.7349235818  22.7349235818  22.7349235818
52.6  31.6198643272  22.657586565  22.657586565  22.657586565
52.7  31.5155632616  22.580678599  22.580678599  22.580678599
52.8  31.4118368228  22.5042123176  22.5042123176  22.5042123176
52.9  31.3087029188  22.4282001653  22.4282001653  22.4282001653
53.0  31.2061791881  22.3526543923  22.3526543923  22.3526543923
53.1  31.1042829954  22.2775870524  22.2775870524  22.2775870524
53.2  31.0030314263  22.2030099984  22.2030099984  22.2030099984
53.3  30.9024412824  22.1289348795  22.1289348795  22.1289348795
53.4  30.8025290764  22.0553731378  22.0553731378  22.0553731378
53.5  30.703311028  21.9823360047  21.9823360047  21.9823360047
53.6  30.6048030584  21.9098344986  21.9098344986  21.9098344986
53.7  30.5070207869  21.837879421  21.837879421  21.837879421
53.8  30.4099795255  21.7664813539  21.7664813539  21.7664813539
53.9  30.3136942756  21.6956506571  21.6956506571  21.6956506571
54.0  30.2181797236  21.625397465  21.625397465  21.625397465
54.1  30.1234502365  21.5557316842  21.5557316842  21.5557316842
54.2  30.0295198586  21.4866629906  21.4866629906  21.4866629906
54.3  29.9364023073  21.418200827  21.418200827  21.418200827
54.4  29.8441109697  21.3503544004  21.3503544004  21.3503544004
54.5  29.7526588992  21.28313268  21.28313268  21.28313268
54.6  29.6620588118  21.2165443945  21.2165443945  21.2165443945
54.7  29.5723230829  21.1505980299  21.1505980299  21.1505980299
54.8  29.483463744  21.0853018276  21.0853018276  21.0853018276
54.9  29.3954924801  21.0206637822  21.0206637822  21.0206637822
55.0  29.3084206263  20.9566916392  20.9566916392  20.9566916392
55.1  29.2222591651  20.8933928937  20.8933928937  20.8933928937
55.2  29.1370187239  20.8307747881  20.8307747881  20.8307747881
55.3  29.0527095724  20.7688443107  20.7688443107  20.7688443107
55.4  28.9693416195  20.7076081935  20.7076081935  20.7076081935
55.5  28.8869244123  20.6470729116  20.6470729116  20.6470729116
55.6  28.8054671324  20.5872446808  20.5872446808  20.5872446808
55.7  28.7249785951  20.5281294565  20.5281294565  20.5281294565
55.8  28.6454672464  20.4697329327  20.4697329327  20.4697329327
55.9  28.5669411619  20.4120605404  20.4120605404  20.4120605404
56.0  28.4894080449  20.3551174468  20.3551174468  20.3551174468
56.1  28.4128752245  20.2989085538  20.2989085538  20.2989085538
56.2  28.3373496544  20.2434384974  20.2434384974  20.2434384974
56.3  28.2628379116  20.1887116469  20.1887116469  20.1887116469
56.4  28.189346195  20.1347321038  20.1347321038  20.1347321038
56.5  28.1168803246  20.0815037013  20.0815037013  20.0815037013
56.6  28.04544574  20.0290300037  20.0290300037  20.0290300037
56.7  27.9750475002  19.9773143056  19.9773143056  19.9773143056
56.8  27.9056902822  19.9263596319  19.9263596319  19.9263596319
56.9  27.8373783809  19.8761687371  19.8761687371  19.8761687371
57.0  27.7701157087  19.8267441053  19.8267441053  19.8267441053
57.1  27.7039057943  19.7780879496  19.7780879496  19.7780879496
57.2  27.6387517836  19.7302022126  19.7302022126  19.7302022126
57.3  27.5746564389  19.6830885657  19.6830885657  19.6830885657
57.4  27.5116221387  19.6367484098  19.6367484098  19.6367484098
57.5  27.4496508787  19.591182875  19.591182875  19.591182875
57.6  27.3887442711  19.5463928212  19.5463928212  19.5463928212
57.7  27.3289035459  19.5023788384  19.5023788384  19.5023788384
57.8  27.2701295504  19.4591412464  19.4591412464  19.4591412464
57.9  27.2124227504  19.4166800964  19.4166800964  19.4166800964
58.0  27.1557832312  19.3749951711  19.3749951711  19.3749951711
58.1  27.1002106978  19.3340859849  19.3340859849  19.3340859849
58.2  27.0457044762  19.2939517854  19.2939517854  19.2939517854
58.3  26.9922635147  19.2545915539  19.2545915539  19.2545915539
58.4  26.9398863847  19.2160040062  19.2160040062  19.2160040062
58.5  26.8885712822  19.1781875937  19.1781875937  19.1781875937
58.6  26.8383160294  19.1411405047  19.1411405047  19.1411405047
58.7  26.7891180764  19.1048606654  19.1048606654  19.1048606654
58.8  26.7409745019  19.0693457406  19.0693457406  19.0693457406
58.9  26.6938820165  19.0345931362  19.0345931362  19.0345931362
59.0  26.6478369634  19.0005999995  19.0005999995  19.0005999995
59.1  26.6028353211  18.9673632214  18.9673632214  18.9673632214
59.2  26.5588727052  18.9348794375  18.9348794375  18.9348794375
59.3  26.5159443709  18.9031450301  18.9031450301  18.9031450301
59.4  26.4740452151  18.8721561295  18.8721561295  18.8721561295
59.5  26.433169779  18.8419086162  18.8419086162  18.8419086162
59.6  26.393312251  18.8123981228  18.8123981228  18.8123981228
59.7  26.3544664689  18.7836200356  18.7836200356  18.7836200356
59.8  26.316625923  18.7555694968  18.7555694968  18.7555694968
59.9  26.2797837587  18.7282414065  18.7282414065  18.7282414065
60.0  26.2439327805  18.7016304255  18.7016304255  18.7016304255
60.0  26.2439327805  18.7016304256  18.7016304256  18.7016304256
60.1  26.2090654535  18.6757309765  18.6757309765  18.6757309765
60.2  26.1751739081  18.6505372473  18.6505372473  18.6505372473
60.3  26.1422499427  18.6260431926  18.6260431926  18.6260431926
60.4  26.1102850271  18.6022425369  18.6022425369  18.6022425369
60.5  26.0792703065  18.5791287772  18.5791287772  18.5791287772
60.6  26.0491966045  18.5566951847  18.5566951847  18.5566951847
60.7  26.0200544273  18.5349348086  18.5349348086  18.5349348086
60.8  25.9918339675  18.5138404779  18.5138404779  18.5138404779
60.9  25.9645251079  18.4934048052  18.4934048052  18.4934048052
61.0  25.9381174257  18.4736201886  18.4736201886  18.4736201886
61.1  25.9126001966  18.4544788153  18.4544788153  18.4544788153
61.2  25.8879623987  18.4359726642  18.4359726642  18.4359726642
61.3  25.8641927175  18.4180935096  18.4180935096  18.4180935096
61.4  25.84127955  18.4008329237  18.4008329237  18.4008329237
61.5  25.8192110087  18.3841822801  18.3841822801  18.3841822801
61.6  25.797974927  18.368132757  18.368132757  18.368132757
61.7  25.7775588637  18.3526753409  18.3526753409  18.3526753409
61.8  25.7579501072  18.3378008293  18.3378008293  18.3378008293
61.9  25.739135681  18.3234998346  18.3234998346  18.3234998346
62.0  25.7211023487  18.3097627878  18.3097627878  18.3097627878
62.1  25.7038366181  18.2965799415  18.2965799415  18.2965799415
62.2  25.6873247478  18.2839413742  18.2839413742  18.2839413742
62.3  25.6715527509  18.2718369933  18.2718369933  18.2718369933
62.4  25.6565064012  18.2602565395  18.2602565395  18.2602565395
62.5  25.6421712382  18.2491895899  18.2491895899  18.2491895899
62.6  25.6285325728  18.2386255627  18.2386255627  18.2386255627
62.7  25.6155754923  18.2285537203  18.2285537203  18.2285537203
62.8  25.6032848664  18.2189631733  18.2189631733  18.2189631733
62.9  25.5916453528  18.2098428855  18.2098428855  18.2098428855
63.0  25.5806414025  18.2011816766  18.2011816766  18.2011816766
63.1  25.5702572662  18.192968227  18.192968227  18.192968227
63.2  25.5604769996  18.1851910819  18.1851910819  18.1851910819
63.3  25.55128447  18.1778386557  18.1778386557  18.1778386557
63.4  25.542663361  18.1708992354  18.1708992354  18.1708992354
63.5  25.5345971801  18.1643609859  18.1643609859  18.1643609859
63.6  25.5270692632  18.1582119533  18.1582119533  18.1582119533
63.7  25.5200627827  18.1524400704  18.1524400704  18.1524400704
63.8  25.5135607513  18.1470331599  18.1470331599  18.1470331599
63.9  25.5075460306  18.1419789398  18.1419789398  18.1419789398
64.0  25.5020013357  18.1372650272  18.1372650272  18.1372650272
64.1  25.4969092424  18.1328789431  18.1328789431  18.1328789431
64.2  25.4922521935  18.1288081169  18.1288081169  18.1288081169
64.3  25.488012505  18.125039891  18.125039891  18.125039891
64.4  25.484172373  18.1215615252  18.1215615252  18.1215615252
64.5  25.4807138797  18.1183602017  18.1183602017  18.1183602017
64.6  25.4776190007  18.1154230292  18.1154230292  18.1154230292
64.7  25.4748696111  18.1127370484  18.1127370484  18.1127370484
64.8  25.472447492  18.1102892355  18.1102892355  18.1102892355
64.9  25.4703343381  18.1080665083  18.1080665083  18.1080665083
65.0  25.4685117634  18.1060557301  18.1060557301  18.1060557301
65.1  25.4669613085  18.1042437145  18.1042437145  18.1042437145
65.2  25.4656644477  18.1026172306  18.1026172306  18.1026172306
65.3  25.4646025949  18.1011630076  18.1011630076  18.1011630076
65.4  25.4637571115  18.0998677396  18.0998677396  18.0998677396
65.5  25.4631093123  18.0987180904  18.0987180904  18.0987180904
65.6  25.4626404734  18.0977006987  18.0977006987  18.0977006987
65.7  25.4623318385  18.0968021826  18.0968021826  18.0968021826
65.8  25.4621646256  18.0960091446  18.0960091446  18.0960091446
65.9  25.4621200348  18.0953081769  18.0953081769  18.0953081769
66.0  25.4621792545  18.0946858655  18.0946858655  18.0946858655
66.1  25.462323469  18.094128796  18.094128796  18.094128796
66.2  25.4625338648  18.093623558  18.093623558  18.093623558
66.3  25.462791638  18.09315675  18.09315675  18.09315675
66.4  25.4630780021  18.0927149851  18.0927149851  18.0927149851
66.5  25.4633741931  18.0922848947  18.0922848947  18.0922848947
66.6  25.4636614781  18.0918531345  18.0918531345  18.0918531345
66.7  25.4639211623  18.0914063891  18.0914063891  18.0914063891
66.8  25.4641345951  18.0909313767  18.0909313767  18.0909313767
66.9  25.4642831775  18.0904148544  18.0904148544  18.0904148544
67.0  25.4643483695  18.0898436229  18.0898436229  18.0898436229
67.1  25.4643116967  18.0892045317  18.0892045317  18.0892045317
67.2  25.4641547572  18.0884844836  18.0884844836  18.0884844836
67.3  25.4638592293  18.0876704402  18.0876704402  18.0876704402
67.4  25.4634068776  18.0867494263  18.0867494263  18.0867494263
67.5  25.4627795599  18.0857085347  18.0857085347  18.0857085347
67.6  25.4619592353  18.0845349319  18.0845349319  18.0845349319
67.7  25.4609279695  18.0832158617  18.0832158617  18.0832158617
67.8  25.4596679431  18.0817386514  18.0817386514  18.0817386514
67.9  25.4581614575  18.0800907157  18.0800907157  18.0800907157
68.0  25.4563909424  18.0782595617  18.0782595617  18.0782595617
68.1  25.454338962  18.076232794  18.076232794  18.076232794
68.2  25.451988222  18.0739981189  18.0739981189  18.0739981189
68.3  25.4493215768  18.07154335  18.07154335  18.07154335
68.4  25.4463220353  18.0688564117  18.0688564117  18.0688564117
68.5  25.4429727683  18.0659253452  18.0659253452  18.0659253452
68.6  25.4392571152  18.0627383124  18.0627383124  18.0627383124
68.7  25.4351585894  18.0592836003  18.0592836003  18.0592836003
68.8  25.4306608864  18.0555496264  18.0555496264  18.0555496264
68.9  25.4257478894  18.0515249427  18.0515249427  18.0515249427
69.0  25.4204036758  18.0471982402  18.0471982402  18.0471982402
69.1  25.4146125237  18.0425583537  18.0425583537  18.0425583537
69.2  25.4083589182  18.0375942661  18.0375942661  18.0375942661
69.3  25.4016275578  18.0322951127  18.0322951127  18.0322951127
69.4  25.3944033605  18.0266501858  18.0266501858  18.0266501858
69.5  25.3866714703  18.0206489391  18.0206489391  18.0206489391
69.6  25.3784172622  18.0142809913  18.0142809913  18.0142809913
69.7  25.3696263496  18.0075361313  18.0075361313  18.0075361313
69.8  25.3602845897  18.0004043219  18.0004043219  18.0004043219
69.9  25.3503780891  17.9928757036  17.9928757036  17.9928757036
70.0  25.3398932105  17.9849406  17.9849406  17.9849406
70.1  25.328816577  17.9765895197  17.9765895197  17.9765895197
70.2  25.3171350792  17.9678131625  17.9678131625  17.9678131625
70.3  25.3048358801  17.9586024218  17.9586024218  17.9586024218
70.4  25.2919064211  17.9489483896  17.9489483896  17.9489483896
70.5  25.2783344269  17.9388423593  17.9388423593  17.9388423593
70.6  25.2641079108  17.9282758299  17.9282758299  17.9282758299
70.7  25.2492151807  17.9172405103  17.9172405103  17.9172405103
70.8  25.2336448438  17.9057283219  17.9057283219  17.9057283219
70.9  25.2173858116  17.8937314027  17.8937314027  17.8937314027
71.0  25.2004273054  17.8812421111  17.8812421111  17.8812421111
71.1  25.1827588604  17.8682530289  17.8682530289  17.8682530289
71.2  25.1643703314  17.8547569645  17.8547569645  17.8547569645
71.3  25.145251897  17.8407469569  17.8407469569  17.8407469569
71.4  25.1253940643  17.8262162787  17.8262162787  17.8262162787
71.5  25.1047876736  17.8111584387  17.8111584387  17.8111584387
71.6  25.083423903  17.795567186  17.795567186  17.795567186
71.7  25.0612942716  17.7794365119  17.7794365119  17.7794365119
71.8  25.0383906453  17.7627606539  17.7627606539  17.7627606539
71.9  25.0147052396  17.7455340978  17.7455340978  17.7455340978
72.0  24.9902306248  17.7277515813  17.7277515813  17.7277515813
72.1  24.9649597286  17.7094080956  17.7094080956  17.7094080956
72.2  24.9388858404  17.6904988888  17.6904988888  17.6904988888
72.3  24.9120026155  17.6710194685  17.6710194685  17.6710194685
72.4  24.8843040772  17.6509656039  17.6509656039  17.6509656039
72.5  24.8557846223  17.6303333284  17.6303333284  17.6303333284
72.6  24.8264390221  17.6091189417  17.6091189417  17.6091189417
72.7  24.7962624282  17.5873190129  17.5873190129  17.5873190129
72.8  24.7652503719  17.5649303806  17.5649303806  17.5649303806
72.9  24.7333987702  17.5419501568  17.5419501568  17.5419501568
73.0  24.7007039283  17.5183757287  17.5183757287  17.5183757287
73.1  24.6671625407  17.4942047596  17.4942047596  17.4942047596
73.2  24.6327716945  17.4694351912  17.4694351912  17.4694351912
73.3  24.5975288722  17.4440652452  17.4440652452  17.4440652452
73.4  24.5614319527  17.4180934246  17.4180934246  17.4180934246
73.5  24.5244792153  17.3915185158  17.3915185158  17.3915185158
73.6  24.4866693406  17.3643395898  17.3643395898  17.3643395898
73.7  24.4480014112  17.3365560025  17.3365560025  17.3365560025
73.8  24.4084749155  17.3081673971  17.3081673971  17.3081673971
73.9  24.3680897477  17.2791737046  17.2791737046  17.2791737046
74.0  24.3268462107  17.249575145  17.249575145  17.249575145
74.1  24.284745015  17.2193722276  17.2193722276  17.2193722276
74.2  24.2417872827  17.1885657527  17.1885657527  17.1885657527
74.3  24.1979745455  17.1571568112  17.1571568112  17.1571568112
74.4  24.1533087479  17.1251467858  17.1251467858  17.1251467858
74.5  24.1077922471  17.0925373518  17.0925373518  17.0925373518
74.6  24.061427812  17.0593304759  17.0593304759  17.0593304759
74.7  24.0142186264  17.0255284186  17.0255284186  17.0255284186
74.8  23.9661682862  16.991133732  16.991133732  16.991133732
74.9  23.9172808017  16.9561492616  16.9561492616  16.9561492616
75.0  23.8675605964  16.9205781456  16.9205781456  16.9205781456
75.0  23.8675605967  16.9205781457  16.9205781457  16.9205781457
75.1  23.8170125073  16.8844238144  16.8844238144  16.8844238144
75.2  23.7656417829  16.8476899901  16.8476899901  16.8476899901
75.3  23.7134540848  16.8103806869  16.8103806869  16.8103806869
75.4  23.6604554859  16.7725002102  16.7725002102  16.7725002102
75.5  23.6066524682  16.7340531548  16.7340531548  16.7340531548
75.6  23.5520519244  16.6950444062  16.6950444062  16.6950444062
75.7  23.4966611544  16.6554791377  16.6554791377  16.6554791377
75.8  23.4404878641  16.6153628102  16.6153628102  16.6153628102
75.9  23.3835401657  16.5747011718  16.5747011718  16.5747011718
76.0  23.3258265727  16.5335002546  16.5335002546  16.5335002546
76.1  23.2673560014  16.4917663756  16.4917663756  16.4917663756
76.2  23.2081377665  16.4495061334  16.4495061334  16.4495061334
76.3  23.1481815788  16.406726407  16.406726407  16.406726407
76.4  23.0874975448  16.3634343551  16.3634343551  16.3634343551
76.5  23.0260961612  16.3196374125  16.3196374125  16.3196374125
76.6  22.9639883151  16.2753432898  16.2753432898  16.2753432898
76.7  22.9011852786  16.2305599701  16.2305599701  16.2305599701
76.8  22.8376987055  16.1852957061  16.1852957061  16.1852957061
76.9  22.7735406318  16.1395590209  16.1395590209  16.1395590209
77.0  22.7087234671  16.0933587018  16.0933587018  16.0933587018
77.1  22.6432599939  16.0467037994  16.0467037994  16.0467037994
77.2  22.577163364  15.9996036258  15.9996036258  15.9996036258
77.3  22.5104470924  15.9520677494  15.9520677494  15.9520677494
77.4  22.4431250537  15.904105993  15.904105993  15.904105993
77.5  22.3752114819  15.8557284333  15.8557284333  15.8557284333
77.6  22.3067209582  15.8069453924  15.8069453924  15.8069453924
77.7  22.2376684121  15.7577674386  15.7577674386  15.7577674386
77.8  22.1680691154  15.7082053819  15.7082053819  15.7082053819
77.9  22.0979386757  15.6582702699  15.6582702699  15.6582702699
78.0  22.0272930312  15.6079733833  15.6079733833  15.6079733833
78.1  21.9561484483  15.557326235  15.557326235  15.557326235
78.2  21.8845215117  15.5063405627  15.5063405627  15.5063405627
78.3  21.8124291209  15.4550283265  15.4550283265  15.4550283265
78.4  21.739888486  15.4034017057  15.4034017057  15.4034017057
78.5  21.6669171168  15.3514730915  15.3514730915  15.3514730915
78.6  21.5935328214  15.2992550856  15.2992550856  15.2992550856
78.7  21.5197536958  15.246760493  15.246760493  15.246760493
78.8  21.4455981216  15.1940023207  15.1940023207  15.1940023207
78.9  21.371084754  15.1409937683  15.1409937683  15.1409937683
79.0  21.2962325195  15.0877482274  15.0877482274  15.0877482274
79.1  21.2210606063  15.0342792741  15.0342792741  15.0342792741
79.2  21.145588456  14.9806006635  14.9806006635  14.9806006635
79.3  21.06983576  14.9267263269  14.9267263269  14.9267263269
79.4  20.9938224465  14.8726703627  14.8726703627  14.8726703627
79.5  20.9175686787  14.8184470352  14.8184470352  14.8184470352
79.6  20.841094841  14.7640707647  14.7640707647  14.7640707647
79.7  20.7644215352  14.7095561249  14.7095561249  14.7095561249
79.8  20.6875695695  14.6549178351  14.6549178351  14.6549178351
79.9  20.6105599508  14.6001707545  14.6001707545  14.6001707545
80.0  20.533413878  14.545329878  14.545329878  14.545329878
80.1  20.456152729  14.4904103265  14.4904103265  14.4904103265
80.2  20.3787980569  14.4354273445  14.4354273445  14.4354273445
80.3  20.3013715743  14.3803962887  14.3803962887  14.3803962887
80.4  20.2238951529  14.3253326281  14.3253326281  14.3253326281
80.5  20.1463908043  14.2702519299  14.2702519299  14.2702519299
80.6  20.0688806783  14.2151698591  14.2151698591  14.2151698591
80.7  19.9913870489  14.1601021675  14.1601021675  14.1601021675
80.8  19.9139323052  14.1050646883  14.1050646883  14.1050646883
80.9  19.8365389425  14.0500733293  14.0500733293  14.0500733293
81.0  19.7592295522  13.9951440655  13.9951440655  13.9951440655
81.1  19.6820268085  13.9402929305  13.9402929305  13.9402929305
81.2  19.6049534614  13.8855360106  13.8855360106  13.8855360106
81.3  19.5280323256  13.8308894377  13.8308894377  13.8308894377
81.4  19.4512862667  13.7763693791  13.7763693791  13.7763693791
81.5  19.374738195  13.7219920331  13.7219920331  13.7219920331
81.6  19.2984110521  13.6677736203  13.6677736203  13.6677736203
81.7  19.2223277979  13.6137303728  13.6137303728  13.5929415864
81.8  19.1465114039  13.5598785313  13.5598785313  13.5686891145
81.9  19.0709848372  13.5062343326  13.5062343326  13.5444799669
82.0  18.9957710522  13.4528140039  13.4528140039  13.5203140652
82.1  18.9208929781  13.3996337544  13.3996337544  13.4961913315
82.2  18.8463735059  13.3467097655  13.3467097655  13.4721116879
82.3  18.7722354798  13.2940581855  13.2940581855  13.4480750565
82.4  18.6985016825  13.2416951182  13.2416951182  13.4240813599
82.5  18.6251948215  13.1896366143  13.1896366143  13.4001305205
82.6  18.5523375222  13.1378986655  13.1378986655  13.3762224611
82.7  18.4799523129  13.0864971945  13.0864971945  13.3523571045
82.8  18.4080616112  13.0354480456  13.0354480456  13.3285343737
82.9  18.3366877126  12.9847669757  12.9847669757  13.3047541919
83.0  18.2658527803  12.9344696483  12.9344696483  13.2810164823
83.1  18.1955788287  12.8845716207  12.8845716207  13.2573211686
83.2  18.1258877133  12.8350883377  12.8350883377  13.2336681741
83.3  18.0568011181  12.7860351222  12.7860351222  13.2100574228
83.4  17.9883405411  12.7374271652  12.7374271652  13.1864888385
83.5  17.9205272816  12.6892795168  12.6892795168  13.1629623452
83.6  17.8533824322  12.6416070802  12.6416070802  13.1394778671
83.7  17.7869268572  12.594424597  12.594424597  13.1160353286
83.8  17.7211811857  12.547746642  12.547746642  13.0926346542
83.9  17.656165798  12.5015876135  12.5015876135  13.0692757684
84.0  17.5919008109  12.4559617233  12.4559617233  13.0459585962
84.1  17.5284060648  12.4108829867  12.4108829867  13.0226830623
84.2  17.4657011119  12.3663652155  12.3663652155  12.9994490919
84.3  17.4038051996  12.322422005  12.322422005  12.9762566101
84.4  17.3427372623  12.2790667292  12.2790667292  12.9531055423
84.5  17.2825159053  12.2363125285  12.2363125285  12.9299958141
84.6  17.2231593897  12.1941722999  12.1941722999  12.906927351
84.7  17.1646856241  12.1526586904  12.1526586904  12.8839000788
84.8  17.1071121462  12.1117840843  12.1117840843  12.8609139235
84.9  17.0504561119  12.071560596  12.071560596  12.837968811
85.0  16.9947342835  12.0320000608  12.0320000608  12.8150646677
85.1  16.9399630137  11.9931140237  11.9931140237  12.7922014199
85.2  16.8861582342  11.9549137322  11.9549137322  12.769378994
85.3  16.8333354414  11.9174101253  11.9174101253  12.7465973166
85.4  16.7815096849  11.8806138256  11.8806138256  12.7238563146
85.5  16.7306955529  11.8445351292  11.8445351292  12.7011559148
85.6  16.6809071588  11.8091839961  11.8091839961  12.6784960442
85.7  16.6321581296  11.7745700421  11.7745700421  12.6558766302
85.8  16.5844615933  11.7407025293  11.7407025293  12.6332975998
85.9  16.5378301624  11.7075903556  11.7075903556  12.6107588807
86.0  16.4922759269  11.6752420486  11.6752420486  12.5882604005
86.1  16.4478104391  11.6436657556  11.6436657556  12.5658020867
86.2  16.4044446953  11.6128692304  11.6128692304  12.5433838674
86.3  16.3621891343  11.582859832  11.582859832  12.5210056705
86.4  16.3210536157  11.5536445099  11.5536445099  12.4986674241
86.5  16.281047412  11.5252297978  11.5252297978  12.4763690565
86.6  16.2421791965  11.4976218057  11.4976218057  12.4541104962
86.7  16.2044570269  11.4708262078  11.4708262078  12.4318916716
86.8  16.1678883402  11.4448482392  11.4448482392  12.4097125115
86.9  16.1324799377  11.4196926852  11.4196926852  12.3875729446
87.0  16.0982379692  11.39536387  11.39536387  12.3654729
87.1  16.065167929  11.3718656544  11.3718656544  12.3434123066
87.2  16.0332746405  11.349201424  11.349201424  12.3213910937
87.3  16.0025622437  11.3273740814  11.3273740814  12.2994091906
87.4  15.9730341892  11.3063860413  11.3063860413  12.2774665268
87.5  15.9446932223  11.2862392193  11.2862392193  12.2555630319
87.6  15.9175413766  11.2669350278  11.2669350278  12.2336986357
87.7  15.8915799604  11.2484743659  11.2484743659  12.211873268
87.8  15.8668095467  11.2308576125  11.2308576125  12.1900868588
87.9  15.8432299699  11.2140846244  11.2140846244  12.1683393383
88.0  15.8208403057  11.1981547214  11.1981547214  12.1466306367
88.1  15.7996388702  11.183066686  11.183066686  12.1249606844
88.2  15.7796232055  11.1688187534  11.1688187534  12.1033294119
88.3  15.7607900748  11.1554086078  11.1554086078  12.0817367499
88.4  15.7431354529  11.1428333757  11.1428333757  12.0601826292
88.5  15.7266545143  11.1310896177  11.1310896177  12.0386669806
88.6  15.7113416306  11.1201733263  11.1201733263  12.0171897353
88.7  15.69719036  11.1100799191  11.1100799191  11.9957508243
88.8  15.6841934413  11.1008042336  11.1008042336  11.9743501789
88.9  15.672342784  11.0923405213  11.0923405213  11.9529877307
89.0  15.6616294663  11.0846824457  11.0846824457  11.9316634111
89.1  15.6520437245  11.0778230745  11.0778230745  11.9103771518
89.2  15.6435749502  11.0717548787  11.0717548787  11.8891288846
89.3  15.6362116838  11.0664697268  11.0664697268  11.8679185414
89.4  15.6299416089  11.0619588815  11.0619588815  11.8467460543
89.5  15.6247515471  11.0582129961  11.0582129961  11.8256113555
89.6  15.6206274566  11.0552221132  11.0552221132  11.8045143773
89.7  15.6175544237  11.0529756589  11.0529756589  11.7834550521
89.8  15.6155166654  11.0514624446  11.0514624446  11.7624333124
89.9  15.6144975208  11.0506706608  11.0506706608  11.741449091
90.0  15.6144794511  11.0505878775  11.0505878775  11.7205023206
90.0  15.6144794513  11.0505878777  11.0505878777  11.7205023206
90.1  15.6154440382  11.0512010427  11.0512010427  11.6995929342
90.2  15.6173719826  11.0524964813  11.0524964813  11.6787208649
90.3  15.6202431005  11.0544598928  11.0544598928  11.6578860457
90.4  15.6240363276  11.0570763544  11.0570763544  11.63708841
90.5  15.6287297138  11.0603303167  11.0603303167  11.6163278912
90.6  15.6343004296  11.0642056087  11.0642056087  11.5956044229
90.7  15.6407247624  11.068685435  11.068685435  11.5749179387
90.8  15.6479781203  11.0737523786  11.0737523786  11.5542683724
90.9  15.6560350364  11.0793884038  11.0793884038  11.533655658
91.0  15.6648691647  11.0855748533  11.0855748533  11.5130797294
91.1  15.674453294  11.0922924582  11.0922924582  11.4925405208
91.2  15.6847593451  11.099521336  11.099521336  11.4720379664
91.3  15.6957583742  11.107240993  11.107240993  11.4515720008
91.4  15.7074205838  11.1154303319  11.1154303319  11.4311425583
91.5  15.7197153281  11.1240676556  11.1240676556  11.4107495737
91.6  15.7326111163  11.13313067  11.13313067  11.3903929816
91.7  15.7460756204  11.1425964889  11.1425964889  11.370072717
91.8  15.7600756876  11.1524416431  11.1524416431  11.3497887148
91.9  15.7745773493  11.1626420869  11.1626420869  11.3295409102
92.0  15.7895458229  11.173173199  11.173173199  11.3093292384
92.1  15.8049455314  11.1840097968  11.1840097968  11.2891536347
92.2  15.8207401133  11.1951261431  11.1951261431  11.2690140346
92.3  15.8368924286  11.2064959504  11.2064959504  11.2489103737
92.4  15.8533645797  11.2180923958  11.2180923958  11.2288425876
92.5  15.8975357288  11.2492893016  11.2492893016  11.2088106123
92.6  15.8700701036  11.2297955273  11.2297955273  11.1888143837
92.7  15.8426519298  11.210335963  11.210335963  11.1688538377
92.8  15.8152811255  11.1909105447  11.1909105447  11.1489289106
92.9  15.7879576087  11.1715192087  11.1715192087  11.1290395387
93.0  15.7606812979  11.1521618914  11.1521618914  11.1091856584
93.1  15.7334521113  11.1328385293  11.1328385293  11.0893672061
93.2  15.7062699678  11.1135490591  11.1135490591  11.0695841186
93.3  15.6791347858  11.0942934178  11.0942934178  11.0498363326
93.4  15.6520464844  11.0750715422  11.0750715422  11.0301237849
93.5  15.6250049826  11.0558833696  11.0558833696  11.0104464126
93.6  15.5980101993  11.0367288373  11.0367288373  10.9908041526
93.7  15.5710620541  11.0176078828  11.0176078828  10.9711969424
93.8  15.5441604662  10.9985204436  10.9985204436  10.951624719
93.9  15.5173053553  10.9794664575  10.9794664575  10.9320874201
94.0  15.490496641  10.9604458623  10.9604458623  10.9125849832
94.1  15.4637342433  10.9414585963  10.9414585963  10.8931173459
94.2  15.437018082  10.9225045974  10.9225045974  10.873684446
94.3  15.4103480772  10.9035838041  10.9035838041  10.8542862214
94.4  15.3837241494  10.8846961549  10.8846961549  10.8349226101
94.5  15.3571462188  10.8658415883  10.8658415883  10.8155935503
94.6  15.3306142059  10.8470200432  10.8470200432  10.7962989801
94.7  15.3041280315  10.8282314585  10.8282314585  10.777038838
94.8  15.2776876164  10.8094757731  10.8094757731  10.7578130623
94.9  15.2512928814  10.7907529263  10.7907529263  10.7386215916
95.0  15.2249437477  10.7720628575  10.7720628575  10.7194643647
95.1  15.1986401366  10.7534055061  10.7534055061  10.7003413202
95.2  15.1723819692  10.7347808117  10.7347808117  10.6812523972
95.3  15.1461691672  10.7161887141  10.7161887141  10.6621975346
95.4  15.1200016522  10.6976291531  10.6976291531  10.6431766715
95.5  15.0938793458  10.6791020688  10.6791020688  10.6241897473
95.6  15.0678021701  10.6606074014  10.6606074014  10.6052367011
95.7  15.041770047  10.6421450912  10.6421450912  10.5863174725
95.8  15.0157828987  10.6237150786  10.6237150786  10.5674320011
95.9  14.9898406475  10.6053173041  10.6053173041  10.5485802265
96.0  14.9639432159  10.5869517086  10.5869517086  10.5297620885
96.1  14.9380905263  10.5686182328  10.5686182328  10.5109775269
96.2  14.9122825016  10.5503168178  10.5503168178  10.4922264819
96.3  14.8865190645  10.5320474046  10.5320474046  10.4735088935
96.4  14.8608001379  10.5138099345  10.5138099345  10.4548247018
96.5  14.8351256451  10.4956043488  10.4956043488  10.4361738473
96.6  14.8094955093  10.4774305892  10.4774305892  10.4175562704
96.7  14.7839096537  10.4592885972  10.4592885972  10.3989719116
96.8  14.7583680019  10.4411783146  10.4411783146  10.3804207116
96.9  14.7328704776  10.4230996834  10.4230996834  10.3619026111
97.0  14.7074170045  10.4050526455  10.4050526455  10.343417551
97.1  14.6820075064  10.3870371431  10.3870371431  10.3249654722
97.2  14.6566419075  10.3690531185  10.3690531185  10.3065463159
97.3  14.6313201318  10.3511005142  10.3511005142  10.2881600232
97.4  14.6060421037  10.3331792728  10.3331792728  10.2698065353
97.5  14.5808077476  10.3152893367  10.3152893367  10.2514857938
97.6  14.555616988  10.297430649  10.297430649  10.2331977401
97.7  14.5304697496  10.2796031526  10.2796031526  10.2149423158
97.8  14.5053659573  10.2618067904  10.2618067904  10.1967194626
97.9  14.4803055359  10.2440415057  10.2440415057  10.1785291224
98.0  14.4552884105  10.2263072418  10.2263072418  10.160371237
98.1  14.4303145063  10.2086039421  10.2086039421  10.1422457485
98.2  14.4053837487  10.1909315503  10.1909315503  10.124152599
98.3  14.3804960631  10.1732900099  10.1732900099  10.1060917308
98.4  14.3556513751  10.1556792648  10.1556792648  10.0880630861
98.5  14.3308496105  10.138099259  10.138099259  10.0700666075
98.6  14.3060906949  10.1205499364  10.1205499364  10.0521022375
98.7  14.2813745545  10.1030312413  10.1030312413  10.0341699188
98.8  14.2567011154  10.085543118  10.085543118  10.016269594
98.9  14.2320703036  10.0680855109  10.0680855109  9.99840120609
99.0  14.2074820457  10.0506583645  10.0506583645  9.980564698
99.1  14.1829362681  10.0332616235  10.0332616235  9.96276001278
99.2  14.1584328974  10.0158952327  10.0158952327  9.94498709362
99.3  14.1339718603  9.99855913701  9.99855913701  9.92724588377
99.4  14.1095530836  9.9812532814  9.9812532814  9.9095363266
99.5  14.0851764945  9.96397761105  9.96397761105  9.8918583656
99.6  14.06084202  9.9467320712  9.9467320712  9.87421194433
99.7  14.0365495873  9.92951660725  9.92951660725  9.85659700647
99.8  14.0122991238  9.91233116469  9.91233116469  9.8390134958
99.9  13.9880905569  9.89517568912  9.89517568912  9.8214613562
100.0  13.9639238144  9.87805012628  9.87805012628  9.80394053165
100.1  13.939798824  9.86095442201  9.86095442201  9.78645096623
100.2  13.9157155134  9.84388852228  9.84388852228  9.76899260412
100.3  13.8916738108  9.82685237317  9.82685237317  9.7515653896
100.4  13.8676736442  9.80984592086  9.80984592086  9.73416926706
100.5  13.8437149418  9.79286911166  9.79286911166  9.71680418098
100.6  13.8197976321  9.77592189199  9.77592189199  9.69947007594
100.7  13.7959216435  9.75900420839  9.75900420839  9.68216689662
100.8  13.7720869046  9.74211600752  9.74211600752  9.6648945878
100.9  13.7482933442  9.72525723612  9.72525723612  9.64765309437
101.0  13.7245408911  9.70842784107  9.70842784107  9.6304423613
101.1  13.7008294742  9.69162776937  9.69162776937  9.61326233367
101.2  13.6771590228  9.67485696811  9.67485696811  9.59611295666
101.3  13.653529466  9.65811538451  9.65811538451  9.57899417555
101.4  13.6299407332  9.64140296587  9.64140296587  9.5619059357
101.5  13.6063927538  9.62471965965  9.62471965965  9.5448481826
101.6  13.5828854574  9.60806541337  9.60806541337  9.5278208618
101.7  13.5594187738  9.5914401747  9.5914401747  9.51082391899
101.8  13.5359926328  9.5748438914  9.5748438914  9.49385729992
101.9  13.5126069643  9.55827651134  9.55827651134  9.47692095045
102.0  13.4892616985  9.5417379825  9.5417379825  9.46001481656
102.1  13.4659567654  9.52522825298  9.52522825298  9.44313884428
102.2  13.4426920955  9.50874727097  9.50874727097  9.42629297979
102.3  13.4194676191  9.49229498478  9.49229498478  9.40947716933
102.4  13.3962832669  9.47587134282  9.47587134282  9.39269135925
102.5  13.3731389694  9.45947629362  9.45947629362  9.37593549598
102.6  13.3500346576  9.4431097858  9.4431097858  9.35920952608
102.7  13.3269702623  9.4267717681  9.4267717681  9.34251339617
102.8  13.3039457146  9.41046218936  9.41046218936  9.32584705299
102.9  13.2809609456  9.39418099854  9.39418099854  9.30921044336
103.0  13.2580158866  9.37792814467  9.37792814467  9.29260351421
103.1  13.2351104689  9.36170357693  9.36170357693  9.27602621255
103.2  13.2122446242  9.34550724457  9.34550724457  9.2594784855
103.3  13.189418284  9.32933909695  9.32933909695  9.24296028027
103.4  13.1666313801  9.31319908357  9.31319908357  9.22647154415
103.5  13.1438838443  9.29708715398  9.29708715398  9.21001222455
103.6  13.1211756087  9.28100325786  9.28100325786  9.19358226895
103.7  13.0985066053  9.26494734501  9.26494734501  9.17718162494
103.8  13.0758767664  9.24891936531  9.24891936531  9.1608102402
103.9  13.0532860242  9.23291926873  9.23291926873  9.1444680625
104.0  13.0307343113  9.21694700538  9.21694700538  9.12815503972
104.1  13.0082215602  9.20100252545  9.20100252545  9.1118711198
104.2  12.9857477037  9.18508577922  9.18508577922  9.09561625081
104.3  12.9633126744  9.1691967171  9.1691967171  9.07939038088
104.4  12.9409164054  9.15333528958  9.15333528958  9.06319345827
104.5  12.9185588296  9.13750144726  9.13750144726  9.0470254313
104.6  12.8962398802  9.12169514083  9.12169514083  9.03088624839
104.7  12.8739594905  9.10591632109  9.10591632109  9.01477585807
104.8  12.8517175939  9.09016493894  9.09016493894  8.99869420894
104.9  12.8295141239  9.07444094537  9.07444094537  8.98264124971
105.0  12.807349014  9.05874429148  9.05874429148  8.96661692917
105.0  12.807349014  9.05874429148  9.05874429148  8.96661692917
105.1  12.785222198  9.04307492847  9.04307492847  8.9506211962
105.2  12.7631336097  9.02743280762  9.02743280762  8.93465399979
105.3  12.7410831832  9.01181788033  9.01181788033  8.918715289
105.4  12.7190708524  8.99623009808  8.99623009808  8.90280501298
105.5  12.6970965515  8.98066941247  8.98066941247  8.886923121
105.6  12.6751602149  8.96513577517  8.96513577517  8.87106956239
105.7  12.653261777  8.94962913797  8.94962913797  8.85524428659
105.8  12.6314011722  8.93414945274  8.93414945274  8.83944724311
105.9  12.6095783352  8.91869667146  8.91869667146  8.82367838158
120.0  9.88131096207  6.98780257391  6.98780257391  6.85982826118
135.0  7.62377180652  5.39098980625  5.39098980625  5.24805231678
150.0  5.88200257851  4.15924717776  4.15924717776  4.0149774002
165.0  4.53816761724  3.20898016946  3.20898016946  3.07162404728
180.0  3.50135265112  2.4758330368  2.4758330368  2.34991965343

#SVE monte-carlo points sigmaR (r, sigmaR_med, sigmaR_std)
10.1  110.039374828  0.0
13.6  99.7010876131  0.0
17.0  83.1780480769  0.0
20.5  65.9059640317  0.0
24.0  52.9215167927  0.0
27.5  45.7090268268  0.0
30.9  43.2662471581  0.0
34.4  43.2828022894  0.0
37.9  43.6576064516  0.0
41.4  42.8944348835  0.0
44.9  40.4963314686  0.0
48.3  36.9488975968  0.0
51.8  32.8911834035  0.0
55.3  29.3484469921  0.0
58.8  26.9549765684  0.0
62.2  25.8494849518  0.0
65.7  25.5878955448  0.0
69.2  25.5060200957  0.0
72.7  24.8704206081  0.0
76.1  23.3218180646  0.0
79.6  20.8789609553  0.0
83.1  18.7483565643  0.0
86.6  17.6125819665  0.0
90.0  16.5751811555  0.0
93.5  15.5710574262  0.0
97.0  14.6277634673  0.0
100.5  13.7416142141  0.0
104.0  12.9091478428  0.0

#SVE monte-carlo points sigmaZ (r, sigmaZ_med, sigmaZ_std)
10.5  101.861093451  0.0
14.0  83.5362100702  0.0
17.4  65.0121909101  0.0
20.9  49.1977723594  0.0
24.4  38.5799979187  0.0
27.9  33.0398301106  0.0
31.3  31.1748494239  0.0
34.8  31.0480416623  0.0
38.3  31.1119639414  0.0
41.8  30.3466228437  0.0
45.2  28.5305257168  0.0
48.7  25.8510814739  0.0
52.2  22.9693798239  0.0
55.7  20.5281294565  0.0
59.2  18.9348794375  0.0
62.6  18.2386255627  0.0
66.1  18.094128796  0.0
69.6  18.0142809913  0.0
73.1  17.4942047596  0.0
76.5  16.3196374125  0.0
80.0  14.545329878  0.0
83.5  13.1629623452  0.0
87.0  12.3654729  0.0
90.4  11.63708841  0.0
93.9  10.9320874201  0.0
97.4  10.2698065353  0.0
100.9  9.64765309437  0.0
104.4  9.06319345827  0.0

#SVE monte-carlo points sigmaPhi (r, sigmaPhi_med, sigmaPhi_std)
11.0  99.4838857244  0.0
14.5  80.7448610725  0.0
17.9  62.4827859867  0.0
21.4  47.3461055655  0.0
24.9  37.5008310138  0.0
28.4  32.5892627471  0.0
31.8  31.087631019  0.0
35.3  31.0771826535  0.0
38.8  31.0678756598  0.0
42.3  30.1442109943  0.0
45.7  28.1858702961  0.0
49.2  25.4356255279  0.0
52.7  22.580678599  0.0
56.2  20.2434384974  0.0
59.7  18.7836200356  0.0
63.1  18.192968227  0.0
66.6  18.0918531345  0.0
70.1  17.9765895197  0.0
73.6  17.3643395898  0.0
77.0  16.0933587018  0.0
80.5  14.2702519299  0.0
84.0  13.0459585962  0.0
87.5  12.2555630319  0.0
90.9  11.533655658  0.0
94.4  10.8349226101  0.0
97.9  10.1785291224  0.0
101.4  9.5619059357  0.0
104.9  8.98264124971  0.0
