-10 -10 0
-10 -9.5 -0.0771399
-10 -9 -0.0859586
-10 -8.5 -0.0864502
-10 -8 0
-10 -7.5 0
-10 -7 0
-10 -6.5 -0.0977276
-10 -6 -0.118419
-10 -5.5 -0.121125
-10 -5 -0.121632
-10 -4.5 -0.126657
-10 -4 -0.132814
-10 -3.5 -0.14649
-10 -3 -0.154767
-10 -2.5 -0.162161
-10 -2 -0.173196
-10 -1.5 -0.174686
-10 -1 -0.176163
-10 -0.5 -0.177145
-10 0 -0.181208
-10 0.5 -0.175275
-10 1 -0.175032
-10 1.5 -0.171886
-10 2 -0.163117
-10 2.5 -0.156276
-10 3 -0.155259
-10 3.5 -0.150005
-10 4 -0.145869
-10 4.5 -0.132316
-10 5 -0.126378
-10 5.5 -0.116556
-10 6 -0.105085
-10 6.5 0
-10 7 -0.102924
-10 7.5 0
-10 8 -0.0881139
-10 8.5 -0.0931653
-10 9 0
-10 9.5 0
-9.5 -10 0
-9.5 -9.5 -0.0842028
-9.5 -9 0
-9.5 -8.5 -0.086707
-9.5 -8 0
-9.5 -7.5 0
-9.5 -7 -0.0937676
-9.5 -6.5 0
-9.5 -6 -0.107937
-9.5 -5.5 -0.120399
-9.5 -5 -0.120431
-9.5 -4.5 -0.125224
-9.5 -4 -0.134108
-9.5 -3.5 -0.149072
-9.5 -3 -0.158909
-9.5 -2.5 -0.156999
-9.5 -2 -0.163556
-9.5 -1.5 -0.172715
-9.5 -1 -0.17247
-9.5 -0.5 -0.178133
-9.5 0 -0.170957
-9.5 0.5 -0.178254
-9.5 1 -0.178439
-9.5 1.5 -0.170549
-9.5 2 -0.166032
-9.5 2.5 -0.163285
-9.5 3 -0.154175
-9.5 3.5 -0.143894
-9.5 4 -0.141333
-9.5 4.5 -0.130247
-9.5 5 -0.115712
-9.5 5.5 -0.117218
-9.5 6 -0.115786
-9.5 6.5 0
-9.5 7 -0.0962368
-9.5 7.5 -0.0956816
-9.5 8 0
-9.5 8.5 0
-9.5 9 -0.0791293
-9.5 9.5 -0.0832623
-9 -10 0
-9 -9.5 0
-9 -9 0
-9 -8.5 -0.0840272
-9 -8 -0.0863692
-9 -7.5 -0.0869139
-9 -7 -0.0974546
-9 -6.5 0
-9 -6 -0.105138
-9 -5.5 -0.108016
-9 -5 -0.117607
-9 -4.5 -0.120583
-9 -4 -0.138078
-9 -3.5 -0.143513
-9 -3 -0.149974
-9 -2.5 -0.152374
-9 -2 -0.164377
-9 -1.5 -0.174177
-9 -1 -0.179956
-9 -0.5 -0.17664
-9 0 -0.183765
-9 0.5 -0.173036
-9 1 -0.178595
-9 1.5 -0.172012
-9 2 -0.163404
-9 2.5 -0.157432
-9 3 -0.147643
-9 3.5 -0.146078
-9 4 -0.132873
-9 4.5 -0.125397
-9 5 -0.120939
-9 5.5 -0.115386
-9 6 -0.102081
-9 6.5 -0.0965235
-9 7 -0.0932763
-9 7.5 0
-9 8 -0.0891681
-9 8.5 0
-9 9 0
-9 9.5 0
-8.5 -10 0
-8.5 -9.5 0
-8.5 -9 -0.0784491
-8.5 -8.5 0
-8.5 -8 0
-8.5 -7.5 -0.0908838
-8.5 -7 -0.0924571
-8.5 -6.5 -0.09052
-8.5 -6 -0.0949491
-8.5 -5.5 -0.11564
-8.5 -5 -0.114383
-8.5 -4.5 -0.121616
-8.5 -4 -0.132697
-8.5 -3.5 -0.142847
-8.5 -3 -0.147443
-8.5 -2.5 -0.152578
-8.5 -2 -0.16179
-8.5 -1.5 -0.169003
-8.5 -1 -0.17318
-8.5 -0.5 -0.183624
-8.5 0 -0.181155
-8.5 0.5 -0.178671
-8.5 1 -0.178454
-8.5 1.5 -0.172953
-8.5 2 -0.163442
-8.5 2.5 -0.16155
-8.5 3 -0.144865
-8.5 3.5 -0.138375
-8.5 4 -0.134413
-8.5 4.5 -0.123237
-8.5 5 -0.118384
-8.5 5.5 -0.106197
-8.5 6 -0.100147
-8.5 6.5 -0.0977649
-8.5 7 -0.0971673
-8.5 7.5 -0.087997
-8.5 8 0
-8.5 8.5 0
-8.5 9 -0.0715995
-8.5 9.5 -0.0742208
-8 -10 0
-8 -9.5 0
-8 -9 0
-8 -8.5 0
-8 -8 -0.0754405
-8 -7.5 -0.0825666
-8 -7 -0.0852831
-8 -6.5 -0.0498419
-8 -6 -0.104382
-8 -5.5 -0.103978
-8 -5 -0.10783
-8 -4.5 -0.123295
-8 -4 -0.130055
-8 -3.5 -0.134078
-8 -3 -0.145496
-8 -2.5 -0.157264
-8 -2 -0.165291
-8 -1.5 -0.16463
-8 -1 -0.174523
-8 -0.5 -0.16933
-8 0 -0.180613
-8 0.5 -0.175714
-8 1 -0.17039
-8 1.5 -0.162087
-8 2 -0.163035
-8 2.5 -0.144965
-8 3 -0.148522
-8 3.5 -0.133281
-8 4 -0.12819
-8 4.5 -0.11543
-8 5 -0.109097
-8 5.5 -0.111051
-8 6 -0.0970503
-8 6.5 -0.0898466
-8 7 0
-8 7.5 0
-8 8 0
-8 8.5 0
-8 9 -0.068686
-8 9.5 0
-7.5 -10 0
-7.5 -9.5 -0.0630101
-7.5 -9 0
-7.5 -8.5 -0.0667971
-7.5 -8 -0.0695236
-7.5 -7.5 -0.0821671
-7.5 -7 -0.0761349
-7.5 -6.5 0
-7.5 -6 -0.0967892
-7.5 -5.5 -0.10508
-7.5 -5 -0.108025
-7.5 -4.5 -0.120862
-7.5 -4 -0.122065
-7.5 -3.5 -0.128792
-7.5 -3 -0.144137
-7.5 -2.5 -0.147854
-7.5 -2 -0.160563
-7.5 -1.5 -0.164572
-7.5 -1 -0.173945
-7.5 -0.5 -0.179828
-7.5 0 -0.179171
-7.5 0.5 -0.174416
-7.5 1 -0.173178
-7.5 1.5 -0.163308
-7.5 2 -0.157419
-7.5 2.5 -0.150136
-7.5 3 -0.132995
-7.5 3.5 -0.126479
-7.5 4 -0.122816
-7.5 4.5 -0.12141
-7.5 5 -0.111792
-7.5 5.5 -0.103977
-7.5 6 -0.0966278
-7.5 6.5 -0.0884144
-7.5 7 -0.0767821
-7.5 7.5 -0.0831789
-7.5 8 0
-7.5 8.5 0
-7.5 9 0
-7.5 9.5 0
-7 -10 0
-7 -9.5 0
-7 -9 0
-7 -8.5 0
-7 -8 0
-7 -7.5 -0.0823211
-7 -7 -0.0788933
-7 -6.5 -0.0901876
-7 -6 -0.0920372
-7 -5.5 -0.0985972
-7 -5 -0.0968874
-7 -4.5 -0.110816
-7 -4 -0.11671
-7 -3.5 -0.12412
-7 -3 -0.13921
-7 -2.5 -0.141079
-7 -2 -0.157338
-7 -1.5 -0.165551
-7 -1 -0.170987
-7 -0.5 -0.173366
-7 0 -0.175805
-7 0.5 -0.176758
-7 1 -0.172802
-7 1.5 -0.165146
-7 2 -0.155058
-7 2.5 -0.146432
-7 3 -0.143365
-7 3.5 -0.12505
-7 4 -0.121553
-7 4.5 -0.111404
-7 5 -0.0999868
-7 5.5 -0.103234
-7 6 -0.0872519
-7 6.5 -0.0859339
-7 7 -0.0775507
-7 7.5 -0.0746901
-7 8 -0.0673159
-7 8.5 -0.0663676
-7 9 0
-7 9.5 0
-6.5 -10 0
-6.5 -9.5 -0.0540692
-6.5 -9 -0.0551904
-6.5 -8.5 -0.0621787
-6.5 -8 -0.0667242
-6.5 -7.5 -0.068834
-6.5 -7 -0.0752675
-6.5 -6.5 -0.088305
-6.5 -6 -0.0919306
-6.5 -5.5 -0.0884948
-6.5 -5 -0.0949489
-6.5 -4.5 -0.108543
-6.5 -4 -0.113354
-6.5 -3.5 -0.122699
-6.5 -3 -0.133105
-6.5 -2.5 -0.146457
-6.5 -2 -0.148166
-6.5 -1.5 -0.159601
-6.5 -1 -0.171956
-6.5 -0.5 -0.178383
-6.5 0 -0.173916
-6.5 0.5 -0.173378
-6.5 1 -0.168618
-6.5 1.5 -0.162346
-6.5 2 -0.153791
-6.5 2.5 -0.142634
-6.5 3 -0.137397
-6.5 3.5 -0.128151
-6.5 4 -0.111427
-6.5 4.5 -0.113526
-6.5 5 -0.100658
-6.5 5.5 -0.0818968
-6.5 6 -0.0837204
-6.5 6.5 -0.0894254
-6.5 7 -0.0797817
-6.5 7.5 -0.0701631
-6.5 8 -0.0653646
-6.5 8.5 -0.0662181
-6.5 9 0
-6.5 9.5 -0.0587584
-6 -10 0
-6 -9.5 0
-6 -9 -0.0498654
-6 -8.5 0
-6 -8 -0.0622171
-6 -7.5 -0.065964
-6 -7 -0.0671191
-6 -6.5 -0.0740062
-6 -6 -0.0849384
-6 -5.5 -0.0828974
-6 -5 -0.0874337
-6 -4.5 -0.100842
-6 -4 -0.10325
-6 -3.5 -0.115669
-6 -3 -0.123207
-6 -2.5 -0.145316
-6 -2 -0.15359
-6 -1.5 -0.156258
-6 -1 -0.160493
-6 -0.5 -0.173327
-6 0 -0.177265
-6 0.5 -0.173182
-6 1 -0.164865
-6 1.5 -0.157712
-6 2 -0.151778
-6 2.5 -0.139311
-6 3 -0.122441
-6 3.5 -0.117669
-6 4 -0.101723
-6 4.5 -0.0974758
-6 5 -0.0887719
-6 5.5 -0.0909051
-6 6 -0.0836442
-6 6.5 -0.0795117
-6 7 -0.0735159
-6 7.5 -0.069599
-6 8 -0.0560201
-6 8.5 0
-6 9 -0.0552949
-6 9.5 0
-5.5 -10 0
-5.5 -9.5 0
-5.5 -9 -0.0514129
-5.5 -8.5 0
-5.5 -8 0
-5.5 -7.5 -0.0634402
-5.5 -7 -0.0679051
-5.5 -6.5 -0.0649287
-5.5 -6 -0.0701683
-5.5 -5.5 -0.0747859
-5.5 -5 -0.0840891
-5.5 -4.5 -0.0924815
-5.5 -4 -0.103735
-5.5 -3.5 -0.120573
-5.5 -3 -0.12002
-5.5 -2.5 -0.135015
-5.5 -2 -0.140711
-5.5 -1.5 -0.155944
-5.5 -1 -0.15946
-5.5 -0.5 -0.16857
-5.5 0 -0.170105
-5.5 0.5 -0.163597
-5.5 1 -0.159924
-5.5 1.5 -0.151551
-5.5 2 -0.143084
-5.5 2.5 -0.133321
-5.5 3 -0.120185
-5.5 3.5 -0.105728
-5.5 4 -0.101207
-5.5 4.5 -0.0960873
-5.5 5 -0.0882465
-5.5 5.5 -0.0870218
-5.5 6 -0.0743345
-5.5 6.5 -0.073881
-5.5 7 -0.061871
-5.5 7.5 -0.060256
-5.5 8 0
-5.5 8.5 -0.0531551
-5.5 9 0
-5.5 9.5 0
-5 -10 0
-5 -9.5 0
-5 -9 0
-5 -8.5 0
-5 -8 0
-5 -7.5 -0.0517303
-5 -7 -0.0561701
-5 -6.5 -0.064953
-5 -6 -0.0649132
-5 -5.5 -0.072555
-5 -5 -0.0734679
-5 -4.5 -0.0867269
-5 -4 -0.0978972
-5 -3.5 -0.105535
-5 -3 -0.116876
-5 -2.5 -0.123271
-5 -2 -0.139843
-5 -1.5 -0.149226
-5 -1 -0.157706
-5 -0.5 -0.164954
-5 0 -0.166611
-5 0.5 -0.16766
-5 1 -0.164929
-5 1.5 -0.14177
-5 2 -0.143905
-5 2.5 -0.123394
-5 3 -0.118298
-5 3.5 -0.106456
-5 4 -0.0936134
-5 4.5 -0.0871847
-5 5 -0.0828684
-5 5.5 -0.080315
-5 6 -0.0657597
-5 6.5 -0.0662445
-5 7 -0.0576247
-5 7.5 0
-5 8 -0.0563534
-5 8.5 0
-5 9 -0.0499519
-5 9.5 0
-4.5 -10 -0.0342317
-4.5 -9.5 0
-4.5 -9 -0.048281
-4.5 -8.5 -0.0535268
-4.5 -8 -0.0488394
-4.5 -7.5 -0.0519958
-4.5 -7 -0.0573337
-4.5 -6.5 -0.0555959
-4.5 -6 -0.0636067
-4.5 -5.5 -0.0670196
-4.5 -5 -0.0776145
-4.5 -4.5 -0.0783028
-4.5 -4 -0.0838555
-4.5 -3.5 -0.104648
-4.5 -3 -0.10883
-4.5 -2.5 -0.117857
-4.5 -2 -0.130513
-4.5 -1.5 -0.142324
-4.5 -1 -0.150723
-4.5 -0.5 -0.166147
-4.5 0 -0.166167
-4.5 0.5 -0.16176
-4.5 1 -0.149348
-4.5 1.5 -0.142111
-4.5 2 -0.130925
-4.5 2.5 -0.109571
-4.5 3 -0.104994
-4.5 3.5 -0.0972564
-4.5 4 -0.0922313
-4.5 4.5 -0.0831716
-4.5 5 -0.0728358
-4.5 5.5 -0.0709416
-4.5 6 -0.0608843
-4.5 6.5 0
-4.5 7 -0.0552049
-4.5 7.5 -0.0541201
-4.5 8 0
-4.5 8.5 -0.0429382
-4.5 9 -0.0403472
-4.5 9.5 -0.0399944
-4 -10 0
-4 -9.5 -0.0345795
-4 -9 0
-4 -8.5 0
-4 -8 -0.0410646
-4 -7.5 -0.0482075
-4 -7 -0.0493974
-4 -6.5 -0.0446524
-4 -6 -0.0586904
-4 -5.5 -0.0618531
-4 -5 -0.0687117
-4 -4.5 -0.0662439
-4 -4 -0.0809889
-4 -3.5 -0.0892615
-4 -3 -0.103539
-4 -2.5 -0.109307
-4 -2 -0.120911
-4 -1.5 -0.140175
-4 -1 -0.142687
-4 -0.5 -0.157173
-4 0 -0.153816
-4 0.5 -0.151479
-4 1 -0.146785
-4 1.5 -0.132921
-4 2 -0.126442
-4 2.5 -0.107976
-4 3 -0.102472
-4 3.5 -0.0884725
-4 4 -0.0783082
-4 4.5 -0.0741434
-4 5 -0.0663053
-4 5.5 -0.0551804
-4 6 -0.0525832
-4 6.5 -0.0578114
-4 7 -0.053423
-4 7.5 -0.0466631
-4 8 -0.0401824
-4 8.5 -0.0398522
-4 9 -0.0393311
-4 9.5 0
-3.5 -10 0
-3.5 -9.5 0
-3.5 -9 -0.0344025
-3.5 -8.5 -0.0352337
-3.5 -8 -0.0444621
-3.5 -7.5 -0.0336037
-3.5 -7 -0.0401041
-3.5 -6.5 -0.0471793
-3.5 -6 0
-3.5 -5.5 -0.0558747
-3.5 -5 -0.0642999
-3.5 -4.5 -0.0671439
-3.5 -4 -0.0760679
-3.5 -3.5 -0.0826595
-3.5 -3 -0.095818
-3.5 -2.5 -0.0973594
-3.5 -2 -0.112682
-3.5 -1.5 -0.128368
-3.5 -1 -0.14205
-3.5 -0.5 -0.151183
-3.5 0 -0.150174
-3.5 0.5 -0.148382
-3.5 1 -0.136148
-3.5 1.5 -0.126742
-3.5 2 -0.109213
-3.5 2.5 -0.0996209
-3.5 3 -0.0862699
-3.5 3.5 -0.081334
-3.5 4 -0.0735105
-3.5 4.5 -0.0641724
-3.5 5 -0.0594726
-3.5 5.5 -0.0533563
-3.5 6 -0.0424679
-3.5 6.5 -0.0464149
-3.5 7 -0.0443806
-3.5 7.5 -0.0430878
-3.5 8 -0.0350659
-3.5 8.5 0
-3.5 9 0
-3.5 9.5 -0.034781
-3 -10 0
-3 -9.5 -0.0209786
-3 -9 -0.0310573
-3 -8.5 -0.0343801
-3 -8 -0.0311962
-3 -7.5 0
-3 -7 -0.0436994
-3 -6.5 -0.0364605
-3 -6 -0.0494514
-3 -5.5 -0.0455722
-3 -5 -0.0488961
-3 -4.5 -0.0552186
-3 -4 -0.0606612
-3 -3.5 -0.0705378
-3 -3 -0.0787384
-3 -2.5 -0.089208
-3 -2 -0.103256
-3 -1.5 -0.115746
-3 -1 -0.131412
-3 -0.5 -0.154036
-3 0 -0.153223
-3 0.5 -0.144293
-3 1 -0.124186
-3 1.5 -0.10925
-3 2 -0.0985712
-3 2.5 -0.0863644
-3 3 -0.0830863
-3 3.5 -0.0747419
-3 4 -0.0647813
-3 4.5 -0.0616297
-3 5 -0.0512751
-3 5.5 -0.0470121
-3 6 -0.0505687
-3 6.5 -0.0343801
-3 7 -0.0333416
-3 7.5 -0.0345692
-3 8 -0.033259
-3 8.5 -0.0275369
-3 9 0
-3 9.5 0
-2.5 -10 0
-2.5 -9.5 -0.020719
-2.5 -9 0
-2.5 -8.5 -0.0245935
-2.5 -8 -0.0317015
-2.5 -7.5 -0.0261372
-2.5 -7 -0.0414654
-2.5 -6.5 -0.0339774
-2.5 -6 -0.0297244
-2.5 -5.5 -0.0406803
-2.5 -5 -0.04225
-2.5 -4.5 -0.0432943
-2.5 -4 -0.0533221
-2.5 -3.5 -0.0620059
-2.5 -3 -0.0651135
-2.5 -2.5 -0.0752986
-2.5 -2 -0.0860156
-2.5 -1.5 -0.101159
-2.5 -1 -0.119464
-2.5 -0.5 -0.13807
-2.5 0 -0.146568
-2.5 0.5 -0.131315
-2.5 1 -0.118894
-2.5 1.5 -0.103297
-2.5 2 -0.0933791
-2.5 2.5 -0.0803458
-2.5 3 -0.064513
-2.5 3.5 -0.0622812
-2.5 4 -0.0579598
-2.5 4.5 -0.051856
-2.5 5 -0.0445918
-2.5 5.5 -0.0433511
-2.5 6 -0.0325581
-2.5 6.5 -0.0338653
-2.5 7 -0.0258329
-2.5 7.5 -0.0297279
-2.5 8 -0.0317852
-2.5 8.5 0
-2.5 9 0
-2.5 9.5 0
-2 -10 0
-2 -9.5 0
-2 -9 0
-2 -8.5 -0.0188069
-2 -8 -0.0198985
-2 -7.5 -0.0173267
-2 -7 -0.0269223
-2 -6.5 -0.0343937
-2 -6 -0.0312379
-2 -5.5 -0.0327443
-2 -5 -0.0321795
-2 -4.5 -0.0420385
-2 -4 -0.0459608
-2 -3.5 -0.0504554
-2 -3 -0.0604456
-2 -2.5 -0.0638104
-2 -2 -0.0793809
-2 -1.5 -0.0868722
-2 -1 -0.108125
-2 -0.5 -0.129254
-2 0 -0.137554
-2 0.5 -0.129257
-2 1 -0.107071
-2 1.5 -0.0871638
-2 2 -0.0731061
-2 2.5 -0.0617945
-2 3 -0.0532485
-2 3.5 -0.047309
-2 4 -0.0445261
-2 4.5 -0.0383133
-2 5 -0.0373164
-2 5.5 -0.0290461
-2 6 -0.0298455
-2 6.5 -0.0251669
-2 7 -0.0248832
-2 7.5 -0.0172895
-2 8 0
-2 8.5 -0.0173801
-2 9 0
-2 9.5 0
-1.5 -10 0
-1.5 -9.5 0
-1.5 -9 0
-1.5 -8.5 0
-1.5 -8 -0.0157072
-1.5 -7.5 -0.0181014
-1.5 -7 -0.0204818
-1.5 -6.5 -0.0330094
-1.5 -6 -0.0333719
-1.5 -5.5 -0.0272152
-1.5 -5 -0.0272727
-1.5 -4.5 -0.0287751
-1.5 -4 -0.0304709
-1.5 -3.5 -0.0367196
-1.5 -3 -0.0474986
-1.5 -2.5 -0.0495898
-1.5 -2 -0.0531673
-1.5 -1.5 -0.0679668
-1.5 -1 -0.0895514
-1.5 -0.5 -0.116408
-1.5 0 -0.136497
-1.5 0.5 -0.120196
-1.5 1 -0.0846465
-1.5 1.5 -0.0679898
-1.5 2 -0.0567974
-1.5 2.5 -0.0444667
-1.5 3 -0.0417709
-1.5 3.5 -0.040744
-1.5 4 -0.0393919
-1.5 4.5 -0.0271267
-1.5 5 -0.0180945
-1.5 5.5 -0.0265998
-1.5 6 -0.0157057
-1.5 6.5 -0.0305016
-1.5 7 -0.0260099
-1.5 7.5 -0.0135515
-1.5 8 -0.0165087
-1.5 8.5 -0.0117452
-1.5 9 -0.0150102
-1.5 9.5 -0.0145107
-1 -10 -0.0116455
-1 -9.5 0
-1 -9 0
-1 -8.5 0
-1 -8 0
-1 -7.5 -0.0102096
-1 -7 -0.0193009
-1 -6.5 -0.0102479
-1 -6 -0.0190715
-1 -5.5 -0.0139689
-1 -5 -0.0214182
-1 -4.5 -0.0157551
-1 -4 -0.0159823
-1 -3.5 -0.0266302
-1 -3 -0.0233886
-1 -2.5 -0.0324872
-1 -2 -0.0446894
-1 -1.5 -0.0528875
-1 -1 -0.0681144
-1 -0.5 -0.0992268
-1 0 -0.128106
-1 0.5 -0.0975318
-1 1 -0.0671673
-1 1.5 -0.0513497
-1 2 -0.0361299
-1 2.5 -0.0401856
-1 3 -0.0238827
-1 3.5 -0.0206943
-1 4 -0.0253336
-1 4.5 -0.0167321
-1 5 -0.0217566
-1 5.5 -0.0197454
-1 6 -0.00978889
-1 6.5 -0.0161893
-1 7 -0.00967145
-1 7.5 -0.0130971
-1 8 -0.00921727
-1 8.5 -0.00633115
-1 9 0
-1 9.5 -0.0109452
-0.5 -10 0
-0.5 -9.5 0
-0.5 -9 0.0029994
-0.5 -8.5 0
-0.5 -8 -0.00309506
-0.5 -7.5 -0.00256886
-0.5 -7 -0.00830207
-0.5 -6.5 -0.00767285
-0.5 -6 -0.0110704
-0.5 -5.5 -0.0100865
-0.5 -5 -0.00847954
-0.5 -4.5 -0.00411697
-0.5 -4 -0.0155147
-0.5 -3.5 -0.0089744
-0.5 -3 -0.0168316
-0.5 -2.5 -0.0178375
-0.5 -2 -0.0256241
-0.5 -1.5 -0.0222336
-0.5 -1 -0.0369352
-0.5 -0.5 -0.0619836
-0.5 0 -0.11142
-0.5 0.5 -0.0707929
-0.5 1 -0.0349211
-0.5 1.5 -0.0260728
-0.5 2 -0.0247937
-0.5 2.5 -0.0214745
-0.5 3 -0.00962461
-0.5 3.5 -0.0136141
-0.5 4 -0.0136748
-0.5 4.5 -0.0129066
-0.5 5 -0.000692044
-0.5 5.5 -0.0109069
-0.5 6 -0.00103286
-0.5 6.5 -0.00962094
-0.5 7 -0.00226102
-0.5 7.5 -0.00185214
-0.5 8 0.00467069
-0.5 8.5 0.00195223
-0.5 9 0
-0.5 9.5 0
0 -10 0
0 -9.5 0.00266402
0 -9 0
0 -8.5 0.00259232
0 -8 -0.00175602
0 -7.5 -0.000564353
0 -7 0.00852757
0 -6.5 -0.00303264
0 -6 0.000629093
0 -5.5 0.00352172
0 -5 0.000161486
0 -4.5 0.000339627
0 -4 -0.000608127
0 -3.5 -0.00267739
0 -3 -0.0039157
0 -2.5 0.00215957
0 -2 -0.00447412
0 -1.5 9.56523e-05
0 -1 -0.000322725
0 -0.5 -0.00119557
0 0 -0.0111992
0 0.5 0.00557092
0 1 0.000718579
0 1.5 0.000824794
0 2 0.00137098
0 2.5 -0.00333399
0 3 0.0035738
0 3.5 -0.00704915
0 4 -0.0106623
0 4.5 0.00317968
0 5 0.00491753
0 5.5 -0.00348414
0 6 0.000871557
0 6.5 -0.00221464
0 7 -0.00198785
0 7.5 -0.00440947
0 8 0.00304551
0 8.5 0.00187299
0 9 0
0 9.5 -0.00302597
0.5 -10 0
0.5 -9.5 0.00585954
0.5 -9 0.00839455
0.5 -8.5 0.00585074
0.5 -8 0.00717024
0.5 -7.5 0.00973642
0.5 -7 0.00746851
0.5 -6.5 0.0176867
0.5 -6 0.00641026
0.5 -5.5 0.00400138
0.5 -5 0.0133376
0.5 -4.5 0.00963686
0.5 -4 0.00934489
0.5 -3.5 0.0138224
0.5 -3 0.0120096
0.5 -2.5 0.0201277
0.5 -2 0.0175539
0.5 -1.5 0.0296058
0.5 -1 0.0314856
0.5 -0.5 0.066616
0.5 0 0.105802
0.5 0.5 0.0644038
0.5 1 0.0344188
0.5 1.5 0.0268058
0.5 2 0.0266485
0.5 2.5 0.0186716
0.5 3 0.0095382
0.5 3.5 0.00777813
0.5 4 0.013554
0.5 4.5 0.0191746
0.5 5 0.0121052
0.5 5.5 0.0133705
0.5 6 0.00746547
0.5 6.5 0.00870623
0.5 7 0.0136444
0.5 7.5 -0.000830458
0.5 8 0.00438051
0.5 8.5 0
0.5 9 0.00701862
0.5 9.5 0.00557442
1 -10 0
1 -9.5 0
1 -9 0
1 -8.5 0.0113805
1 -8 0
1 -7.5 0.0183191
1 -7 0.019501
1 -6.5 0.012473
1 -6 0.0139335
1 -5.5 0.0178307
1 -5 0.024139
1 -4.5 0.012813
1 -4 0.0214883
1 -3.5 0.0250709
1 -3 0.031154
1 -2.5 0.0339511
1 -2 0.0443355
1 -1.5 0.049432
1 -1 0.065557
1 -0.5 0.095799
1 0 0.122306
1 0.5 0.0952756
1 1 0.0648241
1 1.5 0.0585231
1 2 0.0376393
1 2.5 0.0289298
1 3 0.0228269
1 3.5 0.0265839
1 4 0.0212041
1 4.5 0.0222276
1 5 0.0155101
1 5.5 0.018192
1 6 0.0163794
1 6.5 0.0180908
1 7 0.0084863
1 7.5 0.0153083
1 8 0.0121298
1 8.5 0
1 9 0.00873935
1 9.5 0
1.5 -10 0
1.5 -9.5 0
1.5 -9 0
1.5 -8.5 0.012887
1.5 -8 0.00458658
1.5 -7.5 0.0230814
1.5 -7 0.0176878
1.5 -6.5 0.0193423
1.5 -6 0.0298794
1.5 -5.5 0.0255385
1.5 -5 0.0324709
1.5 -4.5 0.0317568
1.5 -4 0.0313779
1.5 -3.5 0.0404777
1.5 -3 0.0420853
1.5 -2.5 0.0495559
1.5 -2 0.0653085
1.5 -1.5 0.070703
1.5 -1 0.0873859
1.5 -0.5 0.118441
1.5 0 0.133179
1.5 0.5 0.114724
1.5 1 0.0872578
1.5 1.5 0.0722101
1.5 2 0.0558841
1.5 2.5 0.0447427
1.5 3 0.0396042
1.5 3.5 0.029571
1.5 4 0.0288133
1.5 4.5 0.0251549
1.5 5 0.0289715
1.5 5.5 0.0245163
1.5 6 0.0336639
1.5 6.5 0.0176437
1.5 7 0.01804
1.5 7.5 0.0148006
1.5 8 0.0100607
1.5 8.5 0.0131789
1.5 9 0.0146095
1.5 9.5 0.0113414
2 -10 0
2 -9.5 0.016229
2 -9 0
2 -8.5 0
2 -8 0.0208809
2 -7.5 0.0288903
2 -7 0.0250704
2 -6.5 0.0204329
2 -6 0.0313316
2 -5.5 0.0411191
2 -5 0.0372202
2 -4.5 0.0354124
2 -4 0.0437481
2 -3.5 0.0561206
2 -3 0.0533055
2 -2.5 0.0640074
2 -2 0.0769773
2 -1.5 0.0848738
2 -1 0.107908
2 -0.5 0.12182
2 0 0.142701
2 0.5 0.129452
2 1 0.106905
2 1.5 0.089579
2 2 0.0786554
2 2.5 0.0602366
2 3 0.0525168
2 3.5 0.044524
2 4 0.0394001
2 4.5 0.0417791
2 5 0.0374507
2 5.5 0.0288419
2 6 0.0364412
2 6.5 0.0310446
2 7 0.0246421
2 7.5 0
2 8 0.0229233
2 8.5 0.0218134
2 9 0
2 9.5 0
2.5 -10 0
2.5 -9.5 0
2.5 -9 0
2.5 -8.5 0.02545
2.5 -8 0.0302718
2.5 -7.5 0.0292898
2.5 -7 0.0344593
2.5 -6.5 0.0330131
2.5 -6 0.0394936
2.5 -5.5 0.0419487
2.5 -5 0.0435804
2.5 -4.5 0.0459666
2.5 -4 0.0581985
2.5 -3.5 0.0640514
2.5 -3 0.0690477
2.5 -2.5 0.0769132
2.5 -2 0.0856701
2.5 -1.5 0.0984559
2.5 -1 0.121288
2.5 -0.5 0.141811
2.5 0 0.146322
2.5 0.5 0.139042
2.5 1 0.114798
2.5 1.5 0.102662
2.5 2 0.0905928
2.5 2.5 0.077884
2.5 3 0.0707502
2.5 3.5 0.0566872
2.5 4 0.0617919
2.5 4.5 0.0490824
2.5 5 0.0534364
2.5 5.5 0.0416426
2.5 6 0.0360606
2.5 6.5 0.0303375
2.5 7 0.0497911
2.5 7.5 0.0270114
2.5 8 0.0256013
2.5 8.5 0.022197
2.5 9 0
2.5 9.5 0
3 -10 0
3 -9.5 0.0244393
3 -9 0
3 -8.5 0.0276445
3 -8 0.0423419
3 -7.5 0.038151
3 -7 0.037971
3 -6.5 0.0445218
3 -6 0.044899
3 -5.5 0.0432797
3 -5 0.054331
3 -4.5 0.0518067
3 -4 0.0656883
3 -3.5 0.0764593
3 -3 0.0827882
3 -2.5 0.084701
3 -2 0.103061
3 -1.5 0.115973
3 -1 0.129865
3 -0.5 0.144285
3 0 0.15172
3 0.5 0.145647
3 1 0.137766
3 1.5 0.119039
3 2 0.0999398
3 2.5 0.0856507
3 3 0.0786592
3 3.5 0.0705183
3 4 0.0610724
3 4.5 0.0589309
3 5 0.053396
3 5.5 0.043005
3 6 0.0456665
3 6.5 0.0413785
3 7 0.0407691
3 7.5 0.0351055
3 8 0.0359045
3 8.5 0.0289112
3 9 0.0270266
3 9.5 0
3.5 -10 0
3.5 -9.5 0
3.5 -9 0.0323426
3.5 -8.5 0.0339693
3.5 -8 0.0392058
3.5 -7.5 0.0405272
3.5 -7 0.0355103
3.5 -6.5 0.0453234
3.5 -6 0.0512306
3.5 -5.5 0.0479601
3.5 -5 0.050646
3.5 -4.5 0.0690484
3.5 -4 0.0771116
3.5 -3.5 0.0795976
3.5 -3 0.0960958
3.5 -2.5 0.101164
3.5 -2 0.110862
3.5 -1.5 0.124735
3.5 -1 0.13875
3.5 -0.5 0.149532
3.5 0 0.157048
3.5 0.5 0.148361
3.5 1 0.132361
3.5 1.5 0.128305
3.5 2 0.112413
3.5 2.5 0.105813
3.5 3 0.0875873
3.5 3.5 0.0811686
3.5 4 0.0751056
3.5 4.5 0.0674284
3.5 5 0.0584777
3.5 5.5 0.0510644
3.5 6 0.0519466
3.5 6.5 0.0466438
3.5 7 0.0434548
3.5 7.5 0.0324209
3.5 8 0.0332103
3.5 8.5 0
3.5 9 0.0318149
3.5 9.5 0
4 -10 0
4 -9.5 0
4 -9 0
4 -8.5 0.0435776
4 -8 0.0422069
4 -7.5 0.0443689
4 -7 0.0574736
4 -6.5 0.0535341
4 -6 0.0532798
4 -5.5 0.0663175
4 -5 0.0654248
4 -4.5 0.0756164
4 -4 0.0809259
4 -3.5 0.0973906
4 -3 0.0977084
4 -2.5 0.113624
4 -2 0.125409
4 -1.5 0.137946
4 -1 0.15346
4 -0.5 0.155029
4 0 0.156793
4 0.5 0.153587
4 1 0.144818
4 1.5 0.135053
4 2 0.122416
4 2.5 0.11374
4 3 0.0993063
4 3.5 0.0976517
4 4 0.0766742
4 4.5 0.0714167
4 5 0.066882
4 5.5 0.065584
4 6 0.0524452
4 6.5 0.0465334
4 7 0.0531476
4 7.5 0.0413844
4 8 0.0450217
4 8.5 0
4 9 0
4 9.5 0
4.5 -10 0
4.5 -9.5 0
4.5 -9 0.0464484
4.5 -8.5 0
4.5 -8 0.0456512
4.5 -7.5 0.0574161
4.5 -7 0.0566564
4.5 -6.5 0.0610198
4.5 -6 0.0745946
4.5 -5.5 0.0644119
4.5 -5 0.0681197
4.5 -4.5 0.07974
4.5 -4 0.0951334
4.5 -3.5 0.0993432
4.5 -3 0.109651
4.5 -2.5 0.119873
4.5 -2 0.135206
4.5 -1.5 0.1445
4.5 -1 0.151389
4.5 -0.5 0.158789
4.5 0 0.162254
4.5 0.5 0.165743
4.5 1 0.152922
4.5 1.5 0.139855
4.5 2 0.124881
4.5 2.5 0.123635
4.5 3 0.104901
4.5 3.5 0.0963711
4.5 4 0.0898553
4.5 4.5 0.0840126
4.5 5 0.0733982
4.5 5.5 0.064637
4.5 6 0.0569142
4.5 6.5 0.0553622
4.5 7 0.0688194
4.5 7.5 0.053353
4.5 8 0
4.5 8.5 0.045376
4.5 9 0
4.5 9.5 0
5 -10 0
5 -9.5 0
5 -9 0
5 -8.5 0
5 -8 0
5 -7.5 0.0598169
5 -7 0.0635981
5 -6.5 0.0662526
5 -6 0.0710671
5 -5.5 0.07041
5 -5 0.0811132
5 -4.5 0.096368
5 -4 0.093806
5 -3.5 0.101134
5 -3 0.112137
5 -2.5 0.127666
5 -2 0.141008
5 -1.5 0.142698
5 -1 0.157578
5 -0.5 0.163341
5 0 0.167319
5 0.5 0.168365
5 1 0.158113
5 1.5 0.150386
5 2 0.136626
5 2.5 0.124862
5 3 0.119218
5 3.5 0.107128
5 4 0.0970368
5 4.5 0.0874888
5 5 0.0807039
5 5.5 0.0717706
5 6 0.068271
5 6.5 0.0637097
5 7 0.0642371
5 7.5 0
5 8 0
5 8.5 0
5 9 0.0467713
5 9.5 0.0437482
5.5 -10 0.0466756
5.5 -9.5 0.0479948
5.5 -9 0
5.5 -8.5 0
5.5 -8 0.0611523
5.5 -7.5 0.0588314
5.5 -7 0.0648348
5.5 -6.5 0.0675703
5.5 -6 0.0761932
5.5 -5.5 0.0768353
5.5 -5 0.0895761
5.5 -4.5 0.0973041
5.5 -4 0.108723
5.5 -3.5 0.11137
5.5 -3 0.121642
5.5 -2.5 0.138425
5.5 -2 0.148108
5.5 -1.5 0.159978
5.5 -1 0.161132
5.5 -0.5 0.168697
5.5 0 0.170875
5.5 0.5 0.169129
5.5 1 0.165746
5.5 1.5 0.155586
5.5 2 0.141097
5.5 2.5 0.132099
5.5 3 0.12322
5.5 3.5 0.113403
5.5 4 0.106207
5.5 4.5 0.0946301
5.5 5 0.08695
5.5 5.5 0.0777416
5.5 6 0.0775864
5.5 6.5 0.0682445
5.5 7 0.0698961
5.5 7.5 0.0606878
5.5 8 0
5.5 8.5 0
5.5 9 -0.0531152
5.5 9.5 0
6 -10 0
6 -9.5 0
6 -9 0
6 -8.5 0.0580534
6 -8 0.0674028
6 -7.5 0.0647299
6 -7 0.0596858
6 -6.5 0.0693759
6 -6 0.0770901
6 -5.5 0.0839759
6 -5 0.0958255
6 -4.5 0.101004
6 -4 0.106931
6 -3.5 0.114217
6 -3 0.123741
6 -2.5 0.1363
6 -2 0.145612
6 -1.5 0.156656
6 -1 0.163277
6 -0.5 0.164506
6 0 0.17645
6 0.5 0.170929
6 1 0.169108
6 1.5 0.163948
6 2 0.149233
6 2.5 0.14112
6 3 0.136932
6 3.5 0.118487
6 4 0.110222
6 4.5 0.101859
6 5 0.100105
6 5.5 0.0891543
6 6 0.0755234
6 6.5 0.0800676
6 7 0.0704901
6 7.5 0.0644575
6 8 0
6 8.5 0.0632979
6 9 0.0538344
6 9.5 0
6.5 -10 0
6.5 -9.5 0
6.5 -9 0
6.5 -8.5 0
6.5 -8 0.0657366
6.5 -7.5 0.0669627
6.5 -7 0.0796017
6.5 -6.5 0
6.5 -6 0.0826008
6.5 -5.5 0.087787
6.5 -5 0.101136
6.5 -4.5 0.1036
6.5 -4 0.113691
6.5 -3.5 0.123656
6.5 -3 0.133746
6.5 -2.5 0.146913
6.5 -2 0.150956
6.5 -1.5 0.161082
6.5 -1 0.171414
6.5 -0.5 0.173646
6.5 0 0.176794
6.5 0.5 0.172232
6.5 1 0.172042
6.5 1.5 0.158746
6.5 2 0.160018
6.5 2.5 0.141866
6.5 3 0.130692
6.5 3.5 0.123472
6.5 4 0.114467
6.5 4.5 0.111531
6.5 5 0.100357
6.5 5.5 0.0914748
6.5 6 0.0889167
6.5 6.5 0.0832813
6.5 7 0.0755623
6.5 7.5 0.0723473
6.5 8 0.0631867
6.5 8.5 0
6.5 9 0.056074
6.5 9.5 0.0536991
7 -10 0
7 -9.5 0
7 -9 0
7 -8.5 0
7 -8 0.0710252
7 -7.5 0
7 -7 0.0805903
7 -6.5 0.0852641
7 -6 0.08987
7 -5.5 0.0990577
7 -5 0.107609
7 -4.5 0.114407
7 -4 0.1215
7 -3.5 0.130276
7 -3 0.131115
7 -2.5 0.148846
7 -2 0.155186
7 -1.5 0.169432
7 -1 0.172807
7 -0.5 0.178238
7 0 0.174839
7 0.5 0.174322
7 1 0.171478
7 1.5 0.163621
7 2 0.161901
7 2.5 0.152421
7 3 0.136676
7 3.5 0.12326
7 4 0.118494
7 4.5 0.108473
7 5 0.107251
7 5.5 0.0991944
7 6 0.0957792
7 6.5 0.0815408
7 7 0.0840954
7 7.5 0.0796563
7 8 0
7 8.5 0
7 9 0
7 9.5 0
7.5 -10 0
7.5 -9.5 0
7.5 -9 0
7.5 -8.5 0
7.5 -8 0.0778834
7.5 -7.5 0.0825497
7.5 -7 0.0866738
7.5 -6.5 0.0888598
7.5 -6 0.100496
7.5 -5.5 0.106921
7.5 -5 0.105537
7.5 -4.5 0.111998
7.5 -4 0.126424
7.5 -3.5 0.134269
7.5 -3 0.138482
7.5 -2.5 0.150769
7.5 -2 0.162312
7.5 -1.5 0.166796
7.5 -1 0.177993
7.5 -0.5 0.177824
7.5 0 0.180423
7.5 0.5 0.183938
7.5 1 0.174093
7.5 1.5 0.173392
7.5 2 0.156371
7.5 2.5 0.153573
7.5 3 0.14664
7.5 3.5 0.135644
7.5 4 0.127213
7.5 4.5 0.115869
7.5 5 0.105176
7.5 5.5 0.100686
7.5 6 0.0957845
7.5 6.5 0.0883718
7.5 7 0.0866261
7.5 7.5 0
7.5 8 0.0818376
7.5 8.5 0
7.5 9 0
7.5 9.5 0
8 -10 0
8 -9.5 0
8 -9 0
8 -8.5 0
8 -8 0
8 -7.5 0
8 -7 0.0917135
8 -6.5 0.0926336
8 -6 0.0981765
8 -5.5 0.108769
8 -5 0.11315
8 -4.5 0.116072
8 -4 0.129395
8 -3.5 0.132307
8 -3 0.145717
8 -2.5 0.15393
8 -2 0.156889
8 -1.5 0.167072
8 -1 0.179659
8 -0.5 0.179863
8 0 0.181821
8 0.5 0.183308
8 1 0.181395
8 1.5 0.171209
8 2 0.162939
8 2.5 0.155264
8 3 0.146117
8 3.5 0.138896
8 4 0.129153
8 4.5 0.123928
8 5 0.115045
8 5.5 0.104372
8 6 0.0977875
8 6.5 0.0914103
8 7 0.0849549
8 7.5 0
8 8 0.0779665
8 8.5 0.0726704
8 9 0.071444
8 9.5 0
8.5 -10 0
8.5 -9.5 0
8.5 -9 0
8.5 -8.5 0.0783521
8.5 -8 0.0876073
8.5 -7.5 0.0889222
8.5 -7 0.0893596
8.5 -6.5 0
8.5 -6 0.0997297
8.5 -5.5 0.103322
8.5 -5 0.124002
8.5 -4.5 0.123057
8.5 -4 0.131911
8.5 -3.5 0.142391
8.5 -3 0.155016
8.5 -2.5 0.152414
8.5 -2 0.163299
8.5 -1.5 0.16796
8.5 -1 0.165091
8.5 -0.5 0.181229
8.5 0 0.178691
8.5 0.5 0.181035
8.5 1 0.173021
8.5 1.5 0.166128
8.5 2 0.163168
8.5 2.5 0.153974
8.5 3 0.146275
8.5 3.5 0.141167
8.5 4 0.134437
8.5 4.5 0.130465
8.5 5 0.124507
8.5 5.5 0.11444
8.5 6 0.0991528
8.5 6.5 0.0954101
8.5 7 0.0900326
8.5 7.5 0.0855926
8.5 8 0
8.5 8.5 0
8.5 9 0
8.5 9.5 0.0692502
9 -10 0
9 -9.5 0
9 -9 0.0773039
9 -8.5 0
9 -8 0
9 -7.5 0.0862448
9 -7 0.0954023
9 -6.5 0.104876
9 -6 0
9 -5.5 0.117179
9 -5 0.12634
9 -4.5 0.129508
9 -4 0.134482
9 -3.5 0.15165
9 -3 0.145908
9 -2.5 0.146515
9 -2 0.16111
9 -1.5 0.177159
9 -1 0.174842
9 -0.5 0.177131
9 0 0.177082
9 0.5 0.184002
9 1 0.176842
9 1.5 0.169062
9 2 0.173399
9 2.5 0.161438
9 3 0.144285
9 3.5 0.145523
9 4 0.132345
9 4.5 0.132296
9 5 0.124939
9 5.5 0.118287
9 6 0.110998
9 6.5 0.0976238
9 7 0.108659
9 7.5 0
9 8 0.0886486
9 8.5 0.0839684
9 9 0
9 9.5 0
9.5 -10 0
9.5 -9.5 0
9.5 -9 0
9.5 -8.5 0
9.5 -8 0
9.5 -7.5 0.0908925
9.5 -7 0.0959787
9.5 -6.5 0.102114
9.5 -6 0.108416
9.5 -5.5 0.122364
9.5 -5 0.128497
9.5 -4.5 0.130581
9.5 -4 0.136497
9.5 -3.5 0.151559
9.5 -3 0.14945
9.5 -2.5 0.156723
9.5 -2 0.170357
9.5 -1.5 0.172036
9.5 -1 0.175538
9.5 -0.5 0.183314
9.5 0 0.182647
9.5 0.5 0.183593
9.5 1 0.178337
9.5 1.5 0.166317
9.5 2 0.166962
9.5 2.5 0.160518
9.5 3 0.154555
9.5 3.5 0.1465
9.5 4 0.143015
9.5 4.5 0.140783
9.5 5 0.125775
9.5 5.5 0.116774
9.5 6 0.116288
9.5 6.5 0.101967
9.5 7 0.0944024
9.5 7.5 0.0922324
9.5 8 0.0873813
9.5 8.5 0
9.5 9 0.0778166
9.5 9.5 0
