-10 -10 0
-10 -9.5 0
-10 -9 0
-10 -8.5 0
-10 -8 0
-10 -7.5 0
-10 -7 0
-10 -6.5 0
-10 -6 0.000544319
-10 -5.5 0.00777588
-10 -5 0
-10 -4.5 0.00298934
-10 -4 0.00810773
-10 -3.5 0.00876159
-10 -3 0.00864228
-10 -2.5 0.0116518
-10 -2 0.0117807
-10 -1.5 0.0113128
-10 -1 0.0151777
-10 -0.5 0.0127502
-10 0 0.0131997
-10 0.5 0.0163404
-10 1 0.0144168
-10 1.5 0.0101382
-10 2 0.0105003
-10 2.5 0.0112971
-10 3 0.0108177
-10 3.5 0.00835694
-10 4 0.00689713
-10 4.5 0.00561412
-10 5 0.00868156
-10 5.5 0.00295581
-10 6 0.000802349
-10 6.5 0
-10 7 0
-10 7.5 0
-10 8 0
-10 8.5 0
-10 9 0
-10 9.5 0
-9.5 -10 0
-9.5 -9.5 0
-9.5 -9 0
-9.5 -8.5 0
-9.5 -8 0
-9.5 -7.5 0
-9.5 -7 0
-9.5 -6.5 0
-9.5 -6 0.00312062
-9.5 -5.5 0.00705797
-9.5 -5 0.00710884
-9.5 -4.5 0.00555994
-9.5 -4 0.00505365
-9.5 -3.5 0.00843145
-9.5 -3 0.00830195
-9.5 -2.5 0.00938719
-9.5 -2 0.0129408
-9.5 -1.5 0.0137565
-9.5 -1 0.0154178
-9.5 -0.5 0.0148421
-9.5 0 0.0370174
-9.5 0.5 0.0159017
-9.5 1 0.0143576
-9.5 1.5 0.0140932
-9.5 2 0.0142443
-9.5 2.5 0.0121628
-9.5 3 0.0054503
-9.5 3.5 0.0114183
-9.5 4 0.00703727
-9.5 4.5 0.0082059
-9.5 5 0
-9.5 5.5 0.00225715
-9.5 6 0
-9.5 6.5 0
-9.5 7 0
-9.5 7.5 0.00311013
-9.5 8 0
-9.5 8.5 0
-9.5 9 0.00208219
-9.5 9.5 0
-9 -10 0
-9 -9.5 0
-9 -9 0
-9 -8.5 0
-9 -8 0
-9 -7.5 0
-9 -7 0.000785457
-9 -6.5 0
-9 -6 0
-9 -5.5 0.00291051
-9 -5 0.00960676
-9 -4.5 0.0113657
-9 -4 0.0114528
-9 -3.5 0.00816671
-9 -3 0.0105925
-9 -2.5 0.0199798
-9 -2 0.015165
-9 -1.5 0.0146138
-9 -1 0.01574
-9 -0.5 0.0175645
-9 0 0.0186236
-9 0.5 0.0174657
-9 1 0.0158053
-9 1.5 0.013285
-9 2 0.0143681
-9 2.5 0.0153113
-9 3 0.00982612
-9 3.5 0.00615177
-9 4 0.00910002
-9 4.5 0.00271076
-9 5 0.00767457
-9 5.5 0.00166779
-9 6 0.000143945
-9 6.5 0.000485275
-9 7 0.00630835
-9 7.5 0
-9 8 0
-9 8.5 0
-9 9 0
-9 9.5 0
-8.5 -10 0
-8.5 -9.5 0
-8.5 -9 0
-8.5 -8.5 0
-8.5 -8 0
-8.5 -7.5 0.000993565
-8.5 -7 0.00152004
-8.5 -6.5 0
-8.5 -6 0.00529068
-8.5 -5.5 0.00678717
-8.5 -5 0.00401677
-8.5 -4.5 0.00984979
-8.5 -4 0.00896245
-8.5 -3.5 0.0116406
-8.5 -3 0.0191053
-8.5 -2.5 0.0135244
-8.5 -2 0.0193046
-8.5 -1.5 0.016357
-8.5 -1 0.0190322
-8.5 -0.5 0.0172497
-8.5 0 0.0165264
-8.5 0.5 0.0166927
-8.5 1 0.0207088
-8.5 1.5 0.0178865
-8.5 2 0.0150949
-8.5 2.5 0.0109958
-8.5 3 0.0190732
-8.5 3.5 0.0105542
-8.5 4 0.00662058
-8.5 4.5 0.0112287
-8.5 5 0.00194765
-8.5 5.5 0.000752997
-8.5 6 0.00145146
-8.5 6.5 0
-8.5 7 0
-8.5 7.5 0
-8.5 8 0
-8.5 8.5 0
-8.5 9 0.00139774
-8.5 9.5 0
-8 -10 0
-8 -9.5 0
-8 -9 0
-8 -8.5 0
-8 -8 0
-8 -7.5 0.00211017
-8 -7 0.00334277
-8 -6.5 0.0665833
-8 -6 0.00867474
-8 -5.5 0.0112648
-8 -5 0.00630301
-8 -4.5 0.010758
-8 -4 0.00950737
-8 -3.5 0.0140305
-8 -3 0.012869
-8 -2.5 0.0134844
-8 -2 0.0142069
-8 -1.5 0.022164
-8 -1 0.0188125
-8 -0.5 0.023161
-8 0 0.0188281
-8 0.5 0.0331271
-8 1 0.0190259
-8 1.5 0.020361
-8 2 0.0152396
-8 2.5 0.0186713
-8 3 0.0136332
-8 3.5 0.0170438
-8 4 0.0103401
-8 4.5 0.0153511
-8 5 0.00306687
-8 5.5 0.000825884
-8 6 0.00172369
-8 6.5 0.00990391
-8 7 0
-8 7.5 0
-8 8 0
-8 8.5 0
-8 9 0.00088132
-8 9.5 0
-7.5 -10 0
-7.5 -9.5 0
-7.5 -9 0
-7.5 -8.5 0
-7.5 -8 0
-7.5 -7.5 0
-7.5 -7 0.00562089
-7.5 -6.5 0
-7.5 -6 0.00623285
-7.5 -5.5 0.0107776
-7.5 -5 0.0101097
-7.5 -4.5 0.00781191
-7.5 -4 0.0106962
-7.5 -3.5 0.0162791
-7.5 -3 0.0117598
-7.5 -2.5 0.0186803
-7.5 -2 0.0169045
-7.5 -1.5 0.0253372
-7.5 -1 0.0223551
-7.5 -0.5 0.0184377
-7.5 0 0.0253431
-7.5 0.5 0.0265767
-7.5 1 0.0216637
-7.5 1.5 0.0195139
-7.5 2 0.0161301
-7.5 2.5 0.0134735
-7.5 3 0.0172037
-7.5 3.5 0.0192511
-7.5 4 0.0141933
-7.5 4.5 0.0110612
-7.5 5 0.00469951
-7.5 5.5 0.00342805
-7.5 6 0.0016124
-7.5 6.5 0.00187898
-7.5 7 0.00211793
-7.5 7.5 0
-7.5 8 0
-7.5 8.5 0
-7.5 9 0
-7.5 9.5 0
-7 -10 0
-7 -9.5 0
-7 -9 0
-7 -8.5 0
-7 -8 0
-7 -7.5 0
-7 -7 0.00249383
-7 -6.5 0
-7 -6 0.00540456
-7 -5.5 0.00841611
-7 -5 0
-7 -4.5 0.00862185
-7 -4 0.0131136
-7 -3.5 0.0144106
-7 -3 0.0157473
-7 -2.5 0.0215661
-7 -2 0.0181948
-7 -1.5 0.0244455
-7 -1 0.0275237
-7 -0.5 0.0292408
-7 0 0.0239259
-7 0.5 0.0267309
-7 1 0.0260518
-7 1.5 0.026497
-7 2 0.0228319
-7 2.5 0.019255
-7 3 0.0197245
-7 3.5 0.0130846
-7 4 0.0135791
-7 4.5 0.0168196
-7 5 0.0108844
-7 5.5 0.00687566
-7 6 0.0147194
-7 6.5 0.0065631
-7 7 0.000552424
-7 7.5 0.00300177
-7 8 0
-7 8.5 0
-7 9 0
-7 9.5 0
-6.5 -10 0
-6.5 -9.5 0.00180348
-6.5 -9 0
-6.5 -8.5 0.000714438
-6.5 -8 0.00175193
-6.5 -7.5 0
-6.5 -7 0.00151318
-6.5 -6.5 0.00127519
-6.5 -6 0.000578792
-6.5 -5.5 0.0108779
-6.5 -5 0.00805518
-6.5 -4.5 0.0139802
-6.5 -4 0.0210038
-6.5 -3.5 0.0174299
-6.5 -3 0.0201942
-6.5 -2.5 0.0227767
-6.5 -2 0.0268297
-6.5 -1.5 0.0267164
-6.5 -1 0.0270639
-6.5 -0.5 0.0246405
-6.5 0 0.0245195
-6.5 0.5 0.0297996
-6.5 1 0.0248616
-6.5 1.5 0.0279611
-6.5 2 0.0194277
-6.5 2.5 0.0199205
-6.5 3 0.0192762
-6.5 3.5 0.0182734
-6.5 4 0.0116011
-6.5 4.5 0.00706745
-6.5 5 0.0129644
-6.5 5.5 0.00852248
-6.5 6 0.00344841
-6.5 6.5 0.00532385
-6.5 7 0.00437306
-6.5 7.5 0
-6.5 8 0
-6.5 8.5 0.00267422
-6.5 9 0
-6.5 9.5 0
-6 -10 0
-6 -9.5 0
-6 -9 0
-6 -8.5 0
-6 -8 0.000443325
-6 -7.5 0
-6 -7 0
-6 -6.5 0.00694725
-6 -6 0.00332198
-6 -5.5 0.00919755
-6 -5 0.0115989
-6 -4.5 0.0168423
-6 -4 0.0166809
-6 -3.5 0.016978
-6 -3 0.0219511
-6 -2.5 0.0213083
-6 -2 0.0248133
-6 -1.5 0.0288436
-6 -1 0.0360227
-6 -0.5 0.0278896
-6 0 0.0290915
-6 0.5 0.0291924
-6 1 0.032402
-6 1.5 0.0256016
-6 2 0.028613
-6 2.5 0.018855
-6 3 0.0195001
-6 3.5 0.0197709
-6 4 0.0143853
-6 4.5 0.0141269
-6 5 0.0162751
-6 5.5 0.00823524
-6 6 0.00697153
-6 6.5 0.0052211
-6 7 0.00242861
-6 7.5 0
-6 8 0
-6 8.5 0
-6 9 0
-6 9.5 0
-5.5 -10 0
-5.5 -9.5 0
-5.5 -9 0
-5.5 -8.5 0
-5.5 -8 0
-5.5 -7.5 0
-5.5 -7 0
-5.5 -6.5 0.00765784
-5.5 -6 0.00941657
-5.5 -5.5 0.00778798
-5.5 -5 0.0163777
-5.5 -4.5 0.00964506
-5.5 -4 0.0176188
-5.5 -3.5 0.0215712
-5.5 -3 0.0191773
-5.5 -2.5 0.0288486
-5.5 -2 0.0292549
-5.5 -1.5 0.0298031
-5.5 -1 0.0363071
-5.5 -0.5 0.0344685
-5.5 0 0.0411108
-5.5 0.5 0.0390779
-5.5 1 0.0321975
-5.5 1.5 0.0329431
-5.5 2 0.034024
-5.5 2.5 0.0243486
-5.5 3 0.0242865
-5.5 3.5 0.0199819
-5.5 4 0.0144998
-5.5 4.5 0.0141181
-5.5 5 0.011463
-5.5 5.5 0.0122825
-5.5 6 0.00314829
-5.5 6.5 0.00381966
-5.5 7 0.00843991
-5.5 7.5 0.00383816
-5.5 8 0
-5.5 8.5 0.000174915
-5.5 9 0
-5.5 9.5 0
-5 -10 0
-5 -9.5 0
-5 -9 0
-5 -8.5 0
-5 -8 0
-5 -7.5 0
-5 -7 0.00845397
-5 -6.5 0.0109035
-5 -6 0.00710188
-5 -5.5 0.00772057
-5 -5 0.0145478
-5 -4.5 0.012793
-5 -4 0.0178775
-5 -3.5 0.0226919
-5 -3 0.0231733
-5 -2.5 0.0278615
-5 -2 0.0301643
-5 -1.5 0.0357668
-5 -1 0.0331234
-5 -0.5 0.0379208
-5 0 0.0397579
-5 0.5 0.0402084
-5 1 0.0346337
-5 1.5 0.036283
-5 2 0.0273204
-5 2.5 0.0297926
-5 3 0.0248064
-5 3.5 0.022735
-5 4 0.0182768
-5 4.5 0.0247099
-5 5 0.0117711
-5 5.5 0.0127835
-5 6 0.00840272
-5 6.5 0.00903976
-5 7 0.00802101
-5 7.5 0
-5 8 0
-5 8.5 0
-5 9 0
-5 9.5 0
-4.5 -10 0
-4.5 -9.5 0
-4.5 -9 0
-4.5 -8.5 0
-4.5 -8 0
-4.5 -7.5 0.00301981
-4.5 -7 0.00845454
-4.5 -6.5 0.00741744
-4.5 -6 0.0102502
-4.5 -5.5 0.00997032
-4.5 -5 0.0148226
-4.5 -4.5 0.0197276
-4.5 -4 0.022563
-4.5 -3.5 0.0234604
-4.5 -3 0.026554
-4.5 -2.5 0.0297126
-4.5 -2 0.0349754
-4.5 -1.5 0.0357449
-4.5 -1 0.0432422
-4.5 -0.5 0.0406778
-4.5 0 0.0397697
-4.5 0.5 0.0442451
-4.5 1 0.044381
-4.5 1.5 0.0361304
-4.5 2 0.0315791
-4.5 2.5 0.0390035
-4.5 3 0.0260802
-4.5 3.5 0.0238989
-4.5 4 0.018589
-4.5 4.5 0.0133437
-4.5 5 0.0142641
-4.5 5.5 0.00966454
-4.5 6 0.00399723
-4.5 6.5 0
-4.5 7 0.00583244
-4.5 7.5 0.00258178
-4.5 8 0
-4.5 8.5 0
-4.5 9 0
-4.5 9.5 0
-4 -10 0
-4 -9.5 0.00390958
-4 -9 0
-4 -8.5 0
-4 -8 9.46783e-06
-4 -7.5 0
-4 -7 0.00560252
-4 -6.5 0.00864241
-4 -6 0.00844104
-4 -5.5 0.0132329
-4 -5 0.0147254
-4 -4.5 0.0182525
-4 -4 0.0218722
-4 -3.5 0.0257729
-4 -3 0.0260475
-4 -2.5 0.0304722
-4 -2 0.039185
-4 -1.5 0.0390964
-4 -1 0.0444958
-4 -0.5 0.0428319
-4 0 0.0470672
-4 0.5 0.0474359
-4 1 0.0472517
-4 1.5 0.039145
-4 2 0.0382374
-4 2.5 0.0322311
-4 3 0.0275409
-4 3.5 0.0209464
-4 4 0.0226958
-4 4.5 0.0199632
-4 5 0.0236725
-4 5.5 0.0129351
-4 6 0.0134658
-4 6.5 0.00791492
-4 7 0.00129858
-4 7.5 0.00381881
-4 8 0
-4 8.5 0
-4 9 0
-4 9.5 0
-3.5 -10 0
-3.5 -9.5 0
-3.5 -9 0.00106789
-3.5 -8.5 0.00229042
-3.5 -8 0
-3.5 -7.5 0.00661025
-3.5 -7 0.00924024
-3.5 -6.5 0.0125142
-3.5 -6 0
-3.5 -5.5 0.00808555
-3.5 -5 0.0116618
-3.5 -4.5 0.0196964
-3.5 -4 0.0170714
-3.5 -3.5 0.024576
-3.5 -3 0.0312904
-3.5 -2.5 0.0347501
-3.5 -2 0.0353491
-3.5 -1.5 0.0431915
-3.5 -1 0.0470329
-3.5 -0.5 0.0527082
-3.5 0 0.0530676
-3.5 0.5 0.0493204
-3.5 1 0.0498378
-3.5 1.5 0.0467439
-3.5 2 0.0399755
-3.5 2.5 0.0356886
-3.5 3 0.028152
-3.5 3.5 0.0244048
-3.5 4 0.0251217
-3.5 4.5 0.0215838
-3.5 5 0.0128305
-3.5 5.5 0.0130875
-3.5 6 0.0101624
-3.5 6.5 0.00745987
-3.5 7 0.00378278
-3.5 7.5 0.0056615
-3.5 8 0
-3.5 8.5 0
-3.5 9 0
-3.5 9.5 0
-3 -10 0
-3 -9.5 0
-3 -9 0
-3 -8.5 0
-3 -8 0.00122249
-3 -7.5 0
-3 -7 0.00787722
-3 -6.5 0.00664901
-3 -6 0.00754353
-3 -5.5 0.0180441
-3 -5 0.016947
-3 -4.5 0.0193812
-3 -4 0.0237217
-3 -3.5 0.0274667
-3 -3 0.0300205
-3 -2.5 0.0399769
-3 -2 0.0424302
-3 -1.5 0.0502836
-3 -1 0.0535173
-3 -0.5 0.053293
-3 0 0.054296
-3 0.5 0.0554957
-3 1 0.0543545
-3 1.5 0.0489754
-3 2 0.0462021
-3 2.5 0.037651
-3 3 0.0373656
-3 3.5 0.0247866
-3 4 0.0234081
-3 4.5 0.0192758
-3 5 0.0153116
-3 5.5 0.0058113
-3 6 0.00737924
-3 6.5 0.00892079
-3 7 0.00463462
-3 7.5 0.00548036
-3 8 0
-3 8.5 0.00260174
-3 9 0
-3 9.5 0
-2.5 -10 0
-2.5 -9.5 0
-2.5 -9 0
-2.5 -8.5 0.0047896
-2.5 -8 0.00901191
-2.5 -7.5 0.00332134
-2.5 -7 0.01015
-2.5 -6.5 0.0120828
-2.5 -6 0.0119791
-2.5 -5.5 0.0135966
-2.5 -5 0.0095828
-2.5 -4.5 0.0146587
-2.5 -4 0.019079
-2.5 -3.5 0.0289682
-2.5 -3 0.0343414
-2.5 -2.5 0.0425816
-2.5 -2 0.04334
-2.5 -1.5 0.0565335
-2.5 -1 0.056116
-2.5 -0.5 0.0590914
-2.5 0 0.0559822
-2.5 0.5 0.0596326
-2.5 1 0.0563626
-2.5 1.5 0.0509555
-2.5 2 0.045669
-2.5 2.5 0.0377666
-2.5 3 0.031596
-2.5 3.5 0.0267745
-2.5 4 0.0232239
-2.5 4.5 0.0215083
-2.5 5 0.0163131
-2.5 5.5 0.0120474
-2.5 6 0.00976522
-2.5 6.5 0.00297962
-2.5 7 0.000623475
-2.5 7.5 0.00447915
-2.5 8 0.00282244
-2.5 8.5 0
-2.5 9 0
-2.5 9.5 0
-2 -10 0
-2 -9.5 0
-2 -9 0
-2 -8.5 0
-2 -8 7.20712e-05
-2 -7.5 0.00523753
-2 -7 0.00898745
-2 -6.5 0.0123714
-2 -6 0.0128604
-2 -5.5 0.0147004
-2 -5 0.0161371
-2 -4.5 0.0205128
-2 -4 0.0227715
-2 -3.5 0.0328117
-2 -3 0.0301332
-2 -2.5 0.039631
-2 -2 0.0520728
-2 -1.5 0.0559258
-2 -1 0.0622256
-2 -0.5 0.059839
-2 0 0.0622429
-2 0.5 0.0613758
-2 1 0.0633071
-2 1.5 0.0599508
-2 2 0.0510217
-2 2.5 0.0372329
-2 3 0.035537
-2 3.5 0.0301533
-2 4 0.0259665
-2 4.5 0.0225091
-2 5 0.0138395
-2 5.5 0.0120023
-2 6 0.00514006
-2 6.5 0.0118717
-2 7 0.00843092
-2 7.5 0.00131842
-2 8 0
-2 8.5 0.00266391
-2 9 0
-2 9.5 0
-1.5 -10 0
-1.5 -9.5 0
-1.5 -9 0
-1.5 -8.5 0
-1.5 -8 0.00142799
-1.5 -7.5 0.00534527
-1.5 -7 0.003167
-1.5 -6.5 0.0144391
-1.5 -6 0.000920358
-1.5 -5.5 0.0112279
-1.5 -5 0.0126023
-1.5 -4.5 0.0207264
-1.5 -4 0.0236509
-1.5 -3.5 0.0331519
-1.5 -3 0.0358807
-1.5 -2.5 0.0413056
-1.5 -2 0.0515096
-1.5 -1.5 0.0629834
-1.5 -1 0.0693686
-1.5 -0.5 0.0725522
-1.5 0 0.0661734
-1.5 0.5 0.0729825
-1.5 1 0.0709535
-1.5 1.5 0.0612825
-1.5 2 0.052301
-1.5 2.5 0.0435855
-1.5 3 0.0369643
-1.5 3.5 0.0302965
-1.5 4 0.0286478
-1.5 4.5 0.018792
-1.5 5 0.0190066
-1.5 5.5 0.0147062
-1.5 6 0.0184283
-1.5 6.5 0.00627031
-1.5 7 0.0070413
-1.5 7.5 0
-1.5 8 0
-1.5 8.5 0
-1.5 9 0
-1.5 9.5 0.000966137
-1 -10 0
-1 -9.5 0
-1 -9 0
-1 -8.5 0
-1 -8 0
-1 -7.5 0.00468116
-1 -7 0.00705959
-1 -6.5 0.00682736
-1 -6 0.00937365
-1 -5.5 0.0167667
-1 -5 0.0160643
-1 -4.5 0.0228124
-1 -4 0.029184
-1 -3.5 0.0351558
-1 -3 0.0409798
-1 -2.5 0.0441393
-1 -2 0.052767
-1 -1.5 0.0700387
-1 -1 0.0737286
-1 -0.5 0.0823321
-1 0 0.0816692
-1 0.5 0.0847698
-1 1 0.074051
-1 1.5 0.0674702
-1 2 0.0584977
-1 2.5 0.0461999
-1 3 0.032252
-1 3.5 0.0279609
-1 4 0.0242203
-1 4.5 0.0193229
-1 5 0.0140535
-1 5.5 0.00850255
-1 6 0.0168091
-1 6.5 0.00658564
-1 7 0.00445843
-1 7.5 0
-1 8 0.00317116
-1 8.5 0.0016942
-1 9 0
-1 9.5 0
-0.5 -10 0
-0.5 -9.5 0
-0.5 -9 0
-0.5 -8.5 0
-0.5 -8 0
-0.5 -7.5 0
-0.5 -7 0.00987757
-0.5 -6.5 0.00748681
-0.5 -6 0.011989
-0.5 -5.5 0.015958
-0.5 -5 0.0202178
-0.5 -4.5 0.0169592
-0.5 -4 0.0279824
-0.5 -3.5 0.0359859
-0.5 -3 0.0358516
-0.5 -2.5 0.0447154
-0.5 -2 0.0538256
-0.5 -1.5 0.0698384
-0.5 -1 0.0817396
-0.5 -0.5 0.0966882
-0.5 0 0.0971029
-0.5 0.5 0.0946405
-0.5 1 0.08034
-0.5 1.5 0.0675462
-0.5 2 0.0596036
-0.5 2.5 0.0456823
-0.5 3 0.0394136
-0.5 3.5 0.0338376
-0.5 4 0.0272008
-0.5 4.5 0.0204898
-0.5 5 0.0127524
-0.5 5.5 0.00998941
-0.5 6 0.0146187
-0.5 6.5 0.0109344
-0.5 7 0.00654346
-0.5 7.5 0.00362246
-0.5 8 0
-0.5 8.5 0
-0.5 9 0
-0.5 9.5 0
0 -10 0
0 -9.5 0
0 -9 0
0 -8.5 0.00280045
0 -8 0.000544035
0 -7.5 0
0 -7 0.00229777
0 -6.5 0.0158572
0 -6 0.0117613
0 -5.5 0.0151839
0 -5 0.0175003
0 -4.5 0.0241818
0 -4 0.0234417
0 -3.5 0.0309353
0 -3 0.0382694
0 -2.5 0.0463536
0 -2 0.0526327
0 -1.5 0.0666687
0 -1 0.0842307
0 -0.5 0.106708
0 0 0.128579
0 0.5 0.105922
0 1 0.0848274
0 1.5 0.0679817
0 2 0.0567079
0 2.5 0.0422804
0 3 0.0391996
0 3.5 0.0285853
0 4 0.0249447
0 4.5 0.016773
0 5 0.0149329
0 5.5 0.013139
0 6 0.00808253
0 6.5 0.00697928
0 7 0.00876015
0 7.5 0
0 8 0
0 8.5 0.00190603
0 9 0
0 9.5 0.00036259
0.5 -10 0
0.5 -9.5 0
0.5 -9 0
0.5 -8.5 0
0.5 -8 0.0047829
0.5 -7.5 0.00759009
0.5 -7 0.0074573
0.5 -6.5 0.00699449
0.5 -6 0.00657193
0.5 -5.5 0.0112298
0.5 -5 0.0112331
0.5 -4.5 0.0238784
0.5 -4 0.0244437
0.5 -3.5 0.0359191
0.5 -3 0.040291
0.5 -2.5 0.0473249
0.5 -2 0.0547977
0.5 -1.5 0.0705734
0.5 -1 0.0807585
0.5 -0.5 0.095519
0.5 0 0.102868
0.5 0.5 0.090866
0.5 1 0.0803851
0.5 1.5 0.0680262
0.5 2 0.0510655
0.5 2.5 0.043927
0.5 3 0.0400756
0.5 3.5 0.0303292
0.5 4 0.0212756
0.5 4.5 0.0235515
0.5 5 0.0173123
0.5 5.5 0.013584
0.5 6 0.0102795
0.5 6.5 0.0145244
0.5 7 0.00454065
0.5 7.5 0.013796
0.5 8 0.0002872
0.5 8.5 0
0.5 9 0
0.5 9.5 0
1 -10 0
1 -9.5 0
1 -9 0
1 -8.5 0.00291095
1 -8 0
1 -7.5 0.00627457
1 -7 0.0116417
1 -6.5 0.0102925
1 -6 0.0149692
1 -5.5 0.0141187
1 -5 0.0134717
1 -4.5 0.0237476
1 -4 0.0258963
1 -3.5 0.030142
1 -3 0.0337116
1 -2.5 0.0438348
1 -2 0.0532637
1 -1.5 0.0618331
1 -1 0.0754751
1 -0.5 0.0823464
1 0 0.0870984
1 0.5 0.084299
1 1 0.0772213
1 1.5 0.0638151
1 2 0.0504823
1 2.5 0.048799
1 3 0.0399086
1 3.5 0.0275364
1 4 0.0256025
1 4.5 0.0200399
1 5 0.0222555
1 5.5 0.0140519
1 6 0.0103779
1 6.5 0.00719751
1 7 0.00562614
1 7.5 0.0088862
1 8 0
1 8.5 0
1 9 0.000576114
1 9.5 0
1.5 -10 0
1.5 -9.5 0
1.5 -9 0
1.5 -8.5 0
1.5 -8 0
1.5 -7.5 0.000202548
1.5 -7 0.0090365
1.5 -6.5 0.00905615
1.5 -6 0.00980133
1.5 -5.5 0.0161412
1.5 -5 0.0170291
1.5 -4.5 0.018012
1.5 -4 0.0263768
1.5 -3.5 0.0326032
1.5 -3 0.03388
1.5 -2.5 0.0472549
1.5 -2 0.0521587
1.5 -1.5 0.0597538
1.5 -1 0.0650193
1.5 -0.5 0.0671891
1.5 0 0.0699013
1.5 0.5 0.0731203
1.5 1 0.0720236
1.5 1.5 0.0604442
1.5 2 0.0578451
1.5 2.5 0.0453957
1.5 3 0.0373269
1.5 3.5 0.0333415
1.5 4 0.0268268
1.5 4.5 0.0198138
1.5 5 0.019405
1.5 5.5 0.0181741
1.5 6 0.0206287
1.5 6.5 0.011488
1.5 7 0.00340011
1.5 7.5 0.00661887
1.5 8 0.00481827
1.5 8.5 0
1.5 9 0
1.5 9.5 0
2 -10 0
2 -9.5 0
2 -9 0
2 -8.5 0
2 -8 0.00247777
2 -7.5 0.00888088
2 -7 0.00547261
2 -6.5 0.00373718
2 -6 0.0124263
2 -5.5 0.00789811
2 -5 0.016324
2 -4.5 0.0203928
2 -4 0.0237828
2 -3.5 0.0294802
2 -3 0.0401431
2 -2.5 0.0423782
2 -2 0.0502771
2 -1.5 0.0550191
2 -1 0.0623814
2 -0.5 0.0636445
2 0 0.061116
2 0.5 0.0661773
2 1 0.0590021
2 1.5 0.0567557
2 2 0.0512548
2 2.5 0.0469251
2 3 0.0306504
2 3.5 0.0377308
2 4 0.0281306
2 4.5 0.0131309
2 5 0.0131624
2 5.5 0.0149048
2 6 0.0121078
2 6.5 0.00378342
2 7 0.00436118
2 7.5 0
2 8 0.000294815
2 8.5 0.000113237
2 9 0
2 9.5 0
2.5 -10 0
2.5 -9.5 0
2.5 -9 0
2.5 -8.5 0.00305613
2.5 -8 0
2.5 -7.5 0.00312665
2.5 -7 0.00688489
2.5 -6.5 0.00989489
2.5 -6 0.0136986
2.5 -5.5 0.0129577
2.5 -5 0.0108298
2.5 -4.5 0.0196136
2.5 -4 0.024436
2.5 -3.5 0.026694
2.5 -3 0.0326706
2.5 -2.5 0.0433984
2.5 -2 0.0493183
2.5 -1.5 0.0545165
2.5 -1 0.0549807
2.5 -0.5 0.0585054
2.5 0 0.055457
2.5 0.5 0.0598614
2.5 1 0.0594988
2.5 1.5 0.0508283
2.5 2 0.0464333
2.5 2.5 0.043266
2.5 3 0.0353023
2.5 3.5 0.0297289
2.5 4 0.0211897
2.5 4.5 0.0171754
2.5 5 0.0146328
2.5 5.5 0.0113973
2.5 6 0.00900577
2.5 6.5 0.00430757
2.5 7 0
2.5 7.5 0.00406479
2.5 8 0
2.5 8.5 0
2.5 9 0
2.5 9.5 0
3 -10 0
3 -9.5 0
3 -9 0
3 -8.5 0
3 -8 0
3 -7.5 0.00346316
3 -7 0.00731975
3 -6.5 0.00567408
3 -6 0.00593261
3 -5.5 0.0104549
3 -5 0.0156132
3 -4.5 0.0190019
3 -4 0.0224375
3 -3.5 0.0258489
3 -3 0.031929
3 -2.5 0.041862
3 -2 0.0432676
3 -1.5 0.0491919
3 -1 0.0548876
3 -0.5 0.05739
3 0 0.0519631
3 0.5 0.0580446
3 1 0.0517029
3 1.5 0.0510627
3 2 0.0461269
3 2.5 0.0405671
3 3 0.0336717
3 3.5 0.028359
3 4 0.0253078
3 4.5 0.017625
3 5 0.0152493
3 5.5 0.0124166
3 6 0.0136338
3 6.5 0.00789901
3 7 0.008813
3 7.5 0.00107168
3 8 0.00256855
3 8.5 0
3 9 6.69408e-05
3 9.5 0
3.5 -10 0
3.5 -9.5 0
3.5 -9 0
3.5 -8.5 0
3.5 -8 0.00217213
3.5 -7.5 0.00785264
3.5 -7 0.00303924
3.5 -6.5 0.00430941
3.5 -6 0.00985802
3.5 -5.5 0.0162063
3.5 -5 0.0143761
3.5 -4.5 0.0164653
3.5 -4 0.0196432
3.5 -3.5 0.0292261
3.5 -3 0.0321375
3.5 -2.5 0.0299601
3.5 -2 0.0382599
3.5 -1.5 0.0461695
3.5 -1 0.0481554
3.5 -0.5 0.054744
3.5 0 0.0520328
3.5 0.5 0.0518558
3.5 1 0.0504979
3.5 1.5 0.0451432
3.5 2 0.0436825
3.5 2.5 0.0344719
3.5 3 0.0309674
3.5 3.5 0.0270778
3.5 4 0.0214404
3.5 4.5 0.0171432
3.5 5 0.0102021
3.5 5.5 0.00865329
3.5 6 0.0133542
3.5 6.5 0.00673312
3.5 7 0.00484736
3.5 7.5 0.00741104
3.5 8 0
3.5 8.5 0
3.5 9 0
3.5 9.5 0
4 -10 0
4 -9.5 0
4 -9 0
4 -8.5 0.00163088
4 -8 0.00357505
4 -7.5 0.00423516
4 -7 0
4 -6.5 0.00979949
4 -6 0.0122316
4 -5.5 0.00671887
4 -5 0.0133376
4 -4.5 0.01518
4 -4 0.0216965
4 -3.5 0.0208199
4 -3 0.0294033
4 -2.5 0.0362644
4 -2 0.034831
4 -1.5 0.0365306
4 -1 0.0378402
4 -0.5 0.046584
4 0 0.0478554
4 0.5 0.0484027
4 1 0.0462251
4 1.5 0.0393616
4 2 0.0328748
4 2.5 0.0345652
4 3 0.0280661
4 3.5 0.0246181
4 4 0.0196185
4 4.5 0.0158483
4 5 0.0112382
4 5.5 0.0172879
4 6 0.00900202
4 6.5 0.0104897
4 7 0.00869665
4 7.5 0.00733421
4 8 0.00118012
4 8.5 0
4 9 0
4 9.5 0
4.5 -10 0
4.5 -9.5 0
4.5 -9 0
4.5 -8.5 0
4.5 -8 0.0041585
4.5 -7.5 0.00250937
4.5 -7 0.00422353
4.5 -6.5 0.00242736
4.5 -6 0.018737
4.5 -5.5 0.0154934
4.5 -5 0.011103
4.5 -4.5 0.0148099
4.5 -4 0.0227999
4.5 -3.5 0.026422
4.5 -3 0.0266907
4.5 -2.5 0.033675
4.5 -2 0.0299187
4.5 -1.5 0.0354303
4.5 -1 0.0404966
4.5 -0.5 0.0480107
4.5 0 0.044414
4.5 0.5 0.0401376
4.5 1 0.0430881
4.5 1.5 0.0413389
4.5 2 0.0366058
4.5 2.5 0.031683
4.5 3 0.0257155
4.5 3.5 0.024438
4.5 4 0.0181415
4.5 4.5 0.011599
4.5 5 0.0112439
4.5 5.5 0.00665589
4.5 6 0.00888228
4.5 6.5 0.00139766
4.5 7 0.00410786
4.5 7.5 0.00271312
4.5 8 0
4.5 8.5 0.000609711
4.5 9 0
4.5 9.5 0
5 -10 0
5 -9.5 0
5 -9 0
5 -8.5 0
5 -8 0
5 -7.5 0
5 -7 0.00696388
5 -6.5 0.0106814
5 -6 0.00695917
5 -5.5 0.00852533
5 -5 0.013507
5 -4.5 0.0190358
5 -4 0.0164425
5 -3.5 0.0196739
5 -3 0.0247878
5 -2.5 0.0291173
5 -2 0.0318371
5 -1.5 0.0375602
5 -1 0.0351771
5 -0.5 0.0374811
5 0 0.0407968
5 0.5 0.0403469
5 1 0.0346312
5 1.5 0.0338389
5 2 0.032516
5 2.5 0.0236746
5 3 0.0291332
5 3.5 0.0214552
5 4 0.0131385
5 4.5 0.012669
5 5 0.0119531
5 5.5 0.00864888
5 6 0.0114441
5 6.5 0.00544817
5 7 0.00485158
5 7.5 0
5 8 0
5 8.5 0
5 9 0.00401623
5 9.5 0
5.5 -10 0.00143316
5.5 -9.5 0
5.5 -9 0
5.5 -8.5 0
5.5 -8 0
5.5 -7.5 0.00532367
5.5 -7 0.00678153
5.5 -6.5 0.00951949
5.5 -6 0.0118742
5.5 -5.5 0.0120886
5.5 -5 0.0146277
5.5 -4.5 0.0140402
5.5 -4 0.0148508
5.5 -3.5 0.0169712
5.5 -3 0.0206564
5.5 -2.5 0.0258418
5.5 -2 0.026577
5.5 -1.5 0.0294188
5.5 -1 0.0322511
5.5 -0.5 0.0373251
5.5 0 0.0343197
5.5 0.5 0.0361653
5.5 1 0.0311137
5.5 1.5 0.0315516
5.5 2 0.0293903
5.5 2.5 0.0259967
5.5 3 0.025318
5.5 3.5 0.0183092
5.5 4 0.0171566
5.5 4.5 0.0154605
5.5 5 0.00829143
5.5 5.5 0.0135112
5.5 6 0.00670021
5.5 6.5 0.00506433
5.5 7 0.00703923
5.5 7.5 0.00189654
5.5 8 0
5.5 8.5 0
5.5 9 0
5.5 9.5 0
6 -10 0
6 -9.5 0
6 -9 0
6 -8.5 0.00441943
6 -8 0.00453558
6 -7.5 0
6 -7 0
6 -6.5 0
6 -6 0
6 -5.5 0.00632038
6 -5 0.00198977
6 -4.5 0.0144311
6 -4 0.0141262
6 -3.5 0.0179346
6 -3 0.0184382
6 -2.5 0.0298461
6 -2 0.0317773
6 -1.5 0.0309402
6 -1 0.0273342
6 -0.5 0.0378359
6 0 0.0333641
6 0.5 0.0333096
6 1 0.028154
6 1.5 0.0254035
6 2 0.0306877
6 2.5 0.0221662
6 3 0.0190808
6 3.5 0.0140751
6 4 0.0117038
6 4.5 0.0115055
6 5 0.0139303
6 5.5 0.00776366
6 6 0.00993305
6 6.5 0.0106002
6 7 0.0132657
6 7.5 0.0029751
6 8 0
6 8.5 0
6 9 0.00428196
6 9.5 0
6.5 -10 0
6.5 -9.5 0
6.5 -9 0
6.5 -8.5 0
6.5 -8 0
6.5 -7.5 0
6.5 -7 0.00133828
6.5 -6.5 0
6.5 -6 0.00571491
6.5 -5.5 0.00388263
6.5 -5 0.0120678
6.5 -4.5 0.0124996
6.5 -4 0.0137572
6.5 -3.5 0.0153052
6.5 -3 0.0193126
6.5 -2.5 0.0254122
6.5 -2 0.023653
6.5 -1.5 0.0263261
6.5 -1 0.0261674
6.5 -0.5 0.0310175
6.5 0 0.0306138
6.5 0.5 0.0343039
6.5 1 0.0232165
6.5 1.5 0.0286624
6.5 2 0.0181749
6.5 2.5 0.0195772
6.5 3 0.018792
6.5 3.5 0.0181679
6.5 4 0.0175497
6.5 4.5 0.0167347
6.5 5 0.0112671
6.5 5.5 0.00789244
6.5 6 0.00664712
6.5 6.5 0.00379883
6.5 7 0.000959391
6.5 7.5 0
6.5 8 0
6.5 8.5 0
6.5 9 0
6.5 9.5 0
7 -10 0
7 -9.5 0
7 -9 0
7 -8.5 0
7 -8 0
7 -7.5 0
7 -7 0.00238639
7 -6.5 0.00518303
7 -6 0.00647629
7 -5.5 0.0130813
7 -5 0.0126721
7 -4.5 0.0130078
7 -4 0.0138105
7 -3.5 0.0138016
7 -3 0.0141224
7 -2.5 0.0196729
7 -2 0.0224627
7 -1.5 0.0230373
7 -1 0.0276655
7 -0.5 0.0273358
7 0 0.029416
7 0.5 0.0294686
7 1 0.0239408
7 1.5 0.0234485
7 2 0.0284587
7 2.5 0.0199456
7 3 0.0148347
7 3.5 0.0221434
7 4 0.0164432
7 4.5 0.0162644
7 5 0.0123167
7 5.5 0.0112237
7 6 0.00404791
7 6.5 0.00509961
7 7 0.00612914
7 7.5 0.00011116
7 8 0
7 8.5 0
7 9 0
7 9.5 0
7.5 -10 0
7.5 -9.5 0
7.5 -9 0
7.5 -8.5 0
7.5 -8 0
7.5 -7.5 0.00128739
7.5 -7 0.00236692
7.5 -6.5 0.00604611
7.5 -6 0.00257531
7.5 -5.5 0.00420033
7.5 -5 0.0124157
7.5 -4.5 0.01747
7.5 -4 0.0130084
7.5 -3.5 0.0162863
7.5 -3 0.0191282
7.5 -2.5 0.0159349
7.5 -2 0.0147857
7.5 -1.5 0.0204474
7.5 -1 0.0208798
7.5 -0.5 0.0292094
7.5 0 0.0226065
7.5 0.5 0.022274
7.5 1 0.018361
7.5 1.5 0.0183564
7.5 2 0.0233824
7.5 2.5 0.0189709
7.5 3 0.0136045
7.5 3.5 0.0153459
7.5 4 0.0131481
7.5 4.5 0.0078975
7.5 5 0.0119359
7.5 5.5 0.00918095
7.5 6 0.00443049
7.5 6.5 0
7.5 7 0.00660425
7.5 7.5 0
7.5 8 0
7.5 8.5 0
7.5 9 0
7.5 9.5 0
8 -10 0
8 -9.5 0
8 -9 0
8 -8.5 0
8 -8 0
8 -7.5 0
8 -7 0.00396613
8 -6.5 0.00490113
8 -6 0.00670742
8 -5.5 0.00590951
8 -5 0.00600821
8 -4.5 0.0107784
8 -4 0.00715891
8 -3.5 0.00867896
8 -3 0.0119431
8 -2.5 0.0160879
8 -2 0.0183776
8 -1.5 0.0185044
8 -1 0.0178996
8 -0.5 0.0193769
8 0 0.0223575
8 0.5 0.0154345
8 1 0.0219933
8 1.5 0.0154687
8 2 0.0179876
8 2.5 0.0172866
8 3 0.0144175
8 3.5 0.0135121
8 4 0.00958922
8 4.5 0.016506
8 5 0.00521582
8 5.5 0.00852251
8 6 0.00366741
8 6.5 0.00111905
8 7 0.00374337
8 7.5 0
8 8 0.00170346
8 8.5 0.00300072
8 9 0
8 9.5 0
8.5 -10 0
8.5 -9.5 0
8.5 -9 0
8.5 -8.5 0.0049982
8.5 -8 0
8.5 -7.5 0.00164746
8.5 -7 0
8.5 -6.5 0
8.5 -6 0.00882732
8.5 -5.5 0.00151898
8.5 -5 0.010681
8.5 -4.5 0.0147276
8.5 -4 0.0139815
8.5 -3.5 0.00961825
8.5 -3 0.013531
8.5 -2.5 0.0181616
8.5 -2 0.0143411
8.5 -1.5 0.0154702
8.5 -1 0.0346821
8.5 -0.5 0.0199451
8.5 0 0.0165548
8.5 0.5 0.0186259
8.5 1 0.0166136
8.5 1.5 0.0164737
8.5 2 0.0198834
8.5 2.5 0.0160971
8.5 3 0.0138885
8.5 3.5 0.0107024
8.5 4 0.00863867
8.5 4.5 0.00800613
8.5 5 0.00669817
8.5 5.5 0.0044207
8.5 6 0.00743727
8.5 6.5 0.00145952
8.5 7 0.000437741
8.5 7.5 0
8.5 8 0
8.5 8.5 0
8.5 9 0
8.5 9.5 0
9 -10 0
9 -9.5 0
9 -9 0
9 -8.5 0
9 -8 0
9 -7.5 0.00253859
9 -7 0
9 -6.5 0.00211719
9 -6 0
9 -5.5 0
9 -5 0.00708221
9 -4.5 0.00882949
9 -4 0.0115599
9 -3.5 0.0108602
9 -3 0.0116503
9 -2.5 0.0491326
9 -2 0.0138266
9 -1.5 0.0100933
9 -1 0.0119586
9 -0.5 0.0134668
9 0 0.0164289
9 0.5 0.0131743
9 1 0.0301279
9 1.5 0.0159726
9 2 0.0118451
9 2.5 0.0135313
9 3 0.0241011
9 3.5 0.0114368
9 4 0.0131848
9 4.5 0.00768047
9 5 0.00663558
9 5.5 0.00712473
9 6 0.00199023
9 6.5 0
9 7 0
9 7.5 0
9 8 0
9 8.5 0.000837197
9 9 0
9 9.5 0
9.5 -10 0
9.5 -9.5 0
9.5 -9 0
9.5 -8.5 0
9.5 -8 0
9.5 -7.5 0
9.5 -7 0
9.5 -6.5 0
9.5 -6 0
9.5 -5.5 0.00590427
9.5 -5 0.00967518
9.5 -4.5 0.00851596
9.5 -4 0.0109439
9.5 -3.5 0.00894421
9.5 -3 0.0150655
9.5 -2.5 0.0136153
9.5 -2 0.0150318
9.5 -1.5 0.0154801
9.5 -1 0.0150428
9.5 -0.5 0.0137406
9.5 0 0.015389
9.5 0.5 0.0175349
9.5 1 0.0167195
9.5 1.5 0.0123392
9.5 2 0.00906963
9.5 2.5 0.0121828
9.5 3 0.00557682
9.5 3.5 0.00817808
9.5 4 0.00959624
9.5 4.5 0.0109022
9.5 5 0.00877538
9.5 5.5 0
9.5 6 0.00724462
9.5 6.5 0.00142705
9.5 7 0
9.5 7.5 0.00141108
9.5 8 0
9.5 8.5 0
9.5 9 0
9.5 9.5 0
