#UGC 624 = NGC 338
#Zasov+2012
#PA=197
# inclination =  64 deg (adopted by Zasov)
# data are not corrected for inclination
# r,"    pix_bin  vel,km/s   e_vel,km/s  sig,km/s  e_sig,km/s  h3,km/s   e_h3,km/s   h4,km/s   e_h4,km/s   age,Myr   e_age,Myr  [Fe/H],dex e_[Fe/H]   md     ad     S/N
-14.6400    0     4777.04      7.48      108.78     11.06      0.0107    0.0494      0.0059    0.0724      0.0000    0.0000      0.0000    0.0000     6196.69   2683.13      -0.744     0.134     20     -1    24.47
-11.7800    1     4781.13      7.12      102.35     10.22     -0.0709    0.0496     -0.0092    0.0746      0.0000    0.0000      0.0000    0.0000     5101.50   2139.32      -0.613     0.158     20     -1    26.84
-10.1700    2     4776.72      6.95       98.42     10.42      0.0256    0.0528      0.0113    0.0725      0.0000    0.0000      0.0000    0.0000     2647.24    806.02      -0.581     0.161     20     -1    29.33
 -8.9200    3     4791.83      6.66      114.11      8.72     -0.0105    0.0496     -0.0219    0.0566      0.0000    0.0000      0.0000    0.0000     3435.14    618.68      -0.475     0.063     20     -1    30.05
 -8.0300    4     4785.54      6.96      109.47     10.15      0.0323    0.0495      0.0169    0.0662      0.0000    0.0000      0.0000    0.0000     2193.60    291.90      -0.289     0.119     20     -1    29.73
 -7.3200    5     4787.97      6.46      107.78      8.50     -0.0032    0.0521      0.0265    0.0496      0.0000    0.0000      0.0000    0.0000     4182.26   1330.61      -0.444     0.087     20     -1    33.45
 -6.6000    6     4780.05      5.59      104.46      7.68     -0.0256    0.0464      0.0355    0.0475      0.0000    0.0000      0.0000    0.0000     4100.88   1133.85      -0.443     0.083     20     -1    38.25
 -6.0700    7     4780.63      6.74      111.99      9.90     -0.0476    0.0522      0.0094    0.0619      0.0000    0.0000      0.0000    0.0000     6563.65   2582.71      -0.520     0.127     20     -1    34.29
 -5.7100    8     4777.58      6.58      110.97      9.71      0.0109    0.0512      0.0704    0.0555      0.0000    0.0000      0.0000    0.0000     4009.17   1005.36      -0.359     0.050     20     -1    36.58
 -5.3500    9     4787.54      6.48      118.71      9.40     -0.0075    0.0465      0.0493    0.0520      0.0000    0.0000      0.0000    0.0000     2551.88    696.73      -0.380     0.116     20     -1    41.56
 -5.0000   10     4797.15      5.74      102.67      8.94     -0.0739    0.0454      0.0857    0.0585      0.0000    0.0000      0.0000    0.0000     2262.87    212.41      -0.275     0.094     20     -1    43.91
 -4.6400   11     4786.95      5.22      116.68      7.48     -0.0371    0.0376      0.0041    0.0481      0.0000    0.0000      0.0000    0.0000     2258.69    202.23      -0.296     0.092     20     -1    46.50
 -4.2800   12     4785.10      5.12      120.81      7.18     -0.0048    0.0370      0.0276    0.0411      0.0000    0.0000      0.0000    0.0000     2262.14    200.87      -0.272     0.080     20     -1    49.90
 -3.9300   13     4787.52      4.75      113.56      7.20      0.0026    0.0359      0.0644    0.0423      0.0000    0.0000      0.0000    0.0000     2148.59    203.26      -0.199     0.068     20     -1    52.22
 -3.5700   14     4794.41      4.59      111.89      7.61     -0.0399    0.0342      0.1214    0.0453      0.0000    0.0000      0.0000    0.0000     2206.86    183.38      -0.158     0.065     20     -1    53.83
 -3.2100   15     4789.31      4.32      114.08      6.70     -0.0340    0.0321      0.0728    0.0401      0.0000    0.0000      0.0000    0.0000     4184.41    845.75      -0.345     0.051     20     -1    56.82
 -2.8600   16     4794.26      4.06      118.13      6.32     -0.0652    0.0288      0.0714    0.0374      0.0000    0.0000      0.0000    0.0000     2459.60    157.46      -0.146     0.063     20     -1    61.36
 -2.5000   17     4787.78      3.82      119.09      6.23     -0.0188    0.0274      0.0922    0.0355      0.0000    0.0000      0.0000    0.0000     4190.33    754.79      -0.246     0.046     20     -1    61.82
 -2.1400   18     4793.02      3.71      138.20      5.86     -0.0492    0.0233      0.0799    0.0298      0.0000    0.0000      0.0000    0.0000     2648.81    155.14      -0.058     0.057     20     -1    66.51
 -1.7800   19     4792.43      3.34      142.55      4.86     -0.0112    0.0208      0.0470    0.0246      0.0000    0.0000      0.0000    0.0000     4473.27    718.61      -0.159     0.043     20     -1    69.88
 -1.4300   20     4791.40      3.16      152.37      4.77     -0.0251    0.0183      0.0618    0.0222      0.0000    0.0000      0.0000    0.0000     4167.84    587.94      -0.084     0.039     20     -1    76.43
 -1.0700   21     4790.37      2.85      146.14      4.58     -0.0161    0.0171      0.0803    0.0218      0.0000    0.0000      0.0000    0.0000     4268.55    599.79      -0.096     0.037     20     -1    80.11
 -0.7100   22     4790.65      2.53      134.48      4.29      0.0007    0.0163      0.1041    0.0222      0.0000    0.0000      0.0000    0.0000     4376.17    562.35      -0.105     0.033     20     -1    88.53
 -0.3600   23     4793.05      2.28      133.32      3.85     -0.0287    0.0147      0.1025    0.0201      0.0000    0.0000      0.0000    0.0000     5170.54    483.11      -0.113     0.027     20     -1    92.17
  0.0000   24     4791.58      2.03      133.29      3.36     -0.0317    0.0132      0.0917    0.0176      0.0000    0.0000      0.0000    0.0000     5112.95    437.73      -0.090     0.025     20     -1    97.59
  0.3600   25     4792.94      1.78      135.52      2.93     -0.0364    0.0114      0.0903    0.0152      0.0000    0.0000      0.0000    0.0000     5179.85    381.63      -0.001     0.022     20     -1   105.47
  0.7100   26     4796.37      1.60      133.53      2.66     -0.0422    0.0102      0.0932    0.0139      0.0000    0.0000      0.0000    0.0000     6075.56    415.34       0.020     0.017     20     -1   112.42
  1.0700   27     4799.14      1.46      134.46      2.29     -0.0566    0.0093      0.0738    0.0121      0.0000    0.0000      0.0000    0.0000     6446.10    370.66       0.039     0.014     20     -1   119.55
  1.4300   28     4799.09      1.36      134.92      2.04     -0.0487    0.0087      0.0521    0.0110      0.0000    0.0000      0.0000    0.0000     6577.42    318.96       0.058     0.014     20     -1   121.32
  1.7800   29     4797.88      1.38      138.30      1.97     -0.0416    0.0088      0.0339    0.0107      0.0000    0.0000      0.0000    0.0000     7285.92    637.46       0.050     0.015     20     -1   118.41
  2.1400   30     4795.81      1.52      137.20      2.21     -0.0574    0.0096      0.0522    0.0119      0.0000    0.0000      0.0000    0.0000     6639.37    363.00       0.070     0.015     20     -1   111.60
  2.5000   31     4795.37      1.81      135.32      2.78     -0.0368    0.0115      0.0643    0.0148      0.0000    0.0000      0.0000    0.0000     6322.35    383.46       0.060     0.018     20     -1    98.46
  2.8600   32     4794.28      2.26      137.92      3.57     -0.0340    0.0143      0.0695    0.0184      0.0000    0.0000      0.0000    0.0000     6018.06    580.74       0.019     0.024     20     -1    82.43
  3.2100   33     4791.62      2.80      123.13      4.73     -0.0383    0.0193      0.1074    0.0267      0.0000    0.0000      0.0000    0.0000     4777.94    652.25      -0.050     0.037     20     -1    71.18
  3.5700   34     4789.08      3.46      125.74      5.70     -0.0339    0.0236      0.0948    0.0313      0.0000    0.0000      0.0000    0.0000     3905.76    452.72      -0.105     0.035     20     -1    63.79
  3.9300   35     4787.19      3.99      119.81      6.84     -0.0417    0.0280      0.1425    0.0391      0.0000    0.0000      0.0000    0.0000     2627.11    172.50       0.018     0.056     20     -1    59.55
  4.2800   36     4786.67      4.51      122.94      6.89      0.0022    0.0319      0.0640    0.0383      0.0000    0.0000      0.0000    0.0000     2341.88    238.13      -0.002     0.059     20     -1    52.91
  4.6400   37     4779.55      5.26      126.85      7.86      0.0152    0.0356      0.0669    0.0417      0.0000    0.0000      0.0000    0.0000     2262.65    236.82      -0.085     0.074     20     -1    46.94
  5.0000   38     4776.97      5.87      110.36      8.53      0.0022    0.0459      0.0540    0.0501      0.0000    0.0000      0.0000    0.0000     2107.71    272.67      -0.208     0.080     20     -1    42.69
  5.3500   39     4783.70      6.60      109.14     10.09     -0.0204    0.0517      0.0811    0.0577      0.0000    0.0000      0.0000    0.0000     2108.95    295.74      -0.299     0.096     20     -1    41.37
  5.7100   40     4772.30      6.52      107.71     10.15     -0.0107    0.0495      0.1107    0.0566      0.0000    0.0000      0.0000    0.0000     2138.78    271.17      -0.243     0.094     20     -1    39.56
  6.0700   41     4772.31      7.27       99.33     11.19      0.0040    0.0600      0.1290    0.0678      0.0000    0.0000      0.0000    0.0000     2150.98    363.83      -0.360     0.150     20     -1    39.66
  6.4300   42     4774.15      7.59       91.90     10.59     -0.0207    0.0673      0.0390    0.0691      0.0000    0.0000      0.0000    0.0000     2141.94    460.85      -0.479     0.153     20     -1    35.24
  6.7800   43     4777.47      8.06       98.70     12.23     -0.0784    0.0657      0.0978    0.0784      0.0000    0.0000      0.0000    0.0000     2111.27    405.38      -0.405     0.085     20     -1    34.05
  7.3200   44     4781.51      7.57       82.43     10.15     -0.0055    0.0767      0.0447    0.0714      0.0000    0.0000      0.0000    0.0000     1519.14    212.52      -0.623     0.104     20     -1    37.71
  8.0300   45     4775.00      7.91       96.62     12.11     -0.0463    0.0597      0.0839    0.0795      0.0000    0.0000      0.0000    0.0000     1698.90    273.61      -0.541     0.112     20     -1    32.54
  8.7500   46     4784.12      7.76       90.70     12.27     -0.0711    0.0632      0.0486    0.0886      0.0000    0.0000      0.0000    0.0000     1941.80    441.20      -0.607     0.074     20     -1    29.86
  9.4600   47     4776.26      8.06       96.37     12.27     -0.0434    0.0642      0.0170    0.0837      0.0000    0.0000      0.0000    0.0000     2018.45    545.14      -0.594     0.123     20     -1    30.49
 10.3500   48     4784.79      8.28      113.90     12.06      0.0031    0.0619      0.1079    0.0584      0.0000    0.0000      0.0000    0.0000     2124.98    480.36      -0.482     0.135     20     -1    31.41
 11.6000   49     4788.67      9.12      112.59     12.53      0.0049    0.0696      0.0734    0.0616      0.0000    0.0000      0.0000    0.0000     1962.43    481.84      -0.541     0.076     20     -1    27.33
 13.9200   50     4780.03      9.87       86.20     11.74     -0.0137    0.0927      0.0620    0.0641      0.0000    0.0000      0.0000    0.0000     1835.85    420.73      -0.704     0.069     20     -1    25.95
 18.7400   51     4767.32      9.23       87.70     10.28     -0.0301    0.0870     -0.0556    0.0670      0.0000    0.0000      0.0000    0.0000     1333.12    166.85      -0.589     0.153     20     -1    23.57
