#SVE points (r, sigmaR, sigmaZ, sigmaPhi, sigmaMajRestored)
15.0  146.065761412  159.870805052  159.870805052  159.870805052
29.0  138.68028902  109.774520373  109.774520373  109.774520373
29.1  138.479769975  109.48151158  109.48151158  109.48151158
29.2  138.278935437  109.190106184  109.190106184  109.190106184
29.3  138.077816053  108.900308486  108.900308486  108.900308486
29.4  137.876441991  108.612122472  108.612122472  108.612122472
29.5  137.674842934  108.325551809  108.325551809  108.325551809
29.6  137.473048073  108.040599849  108.040599849  108.040599849
29.7  137.271086106  107.757269629  107.757269629  107.757269629
29.8  137.068985233  107.475563869  107.475563869  107.475563869
29.9  136.866773148  107.195484978  107.195484978  107.195484978
30.0  136.664477041  106.917035051  106.917035051  106.917035051
30.0  136.664477041  106.917035051  106.917035051  106.917035051
30.1  136.46212359  106.64021587  106.64021587  106.64021587
30.2  136.259738963  106.365028908  106.365028908  106.365028908
30.3  136.057348806  106.091475329  106.091475329  106.091475329
30.4  135.854978249  105.819555987  105.819555987  105.819555987
30.5  135.6526519  105.549271431  105.549271431  105.549271431
30.6  135.450393841  105.280621903  105.280621903  105.280621903
30.7  135.248227627  105.013607342  105.013607342  105.013607342
30.8  135.046176285  104.748227384  104.748227384  104.748227384
30.9  134.844262311  104.484481363  104.484481363  104.484481363
31.0  134.642507671  104.222368317  104.222368317  104.222368317
31.1  134.440933794  103.961886982  103.961886982  103.961886982
31.2  134.239561578  103.703035802  103.703035802  103.703035802
31.3  134.038411383  103.445812925  103.445812925  103.445812925
31.4  133.837503035  103.190216206  103.190216206  103.190216206
31.5  133.636855821  102.936243212  102.936243212  102.936243212
31.6  133.436488493  102.68389122  102.68389122  102.68389122
31.7  133.236419267  102.433157222  102.433157222  102.433157222
31.8  133.036665819  102.184037925  102.184037925  102.184037925
31.9  132.837245291  101.936529754  101.936529754  101.936529754
32.0  132.638174288  101.690628855  101.690628855  101.690628855
32.1  132.439468881  101.446331096  101.446331096  101.446331096
32.2  132.241144605  101.20363207  101.20363207  101.20363207
32.3  132.043216461  100.962527098  100.962527098  100.962527098
32.4  131.845698921  100.723011229  100.723011229  100.723011229
32.5  131.648605924  100.485079246  100.485079246  100.485079246
32.6  131.45195088  100.248725665  100.248725665  100.248725665
32.7  131.255746673  100.01394474  100.01394474  100.01394474
32.8  131.060005659  99.780730466  99.780730466  99.780730466
32.9  130.864739674  99.5490765787  99.5490765787  99.5490765787
33.0  130.669960031  99.3189765601  99.3189765601  99.3189765601
33.1  130.475677525  99.0904236399  99.0904236399  99.0904236399
33.2  130.281902436  98.8634107989  98.8634107989  98.8634107989
33.3  130.088644529  98.6379307714  98.6379307714  98.6379307714
33.4  129.895913061  98.4139760484  98.4139760484  98.4139760484
33.5  129.703716779  98.1915388806  98.1915388806  98.1915388806
33.6  129.512063929  97.9706112809  97.9706112809  97.9706112809
33.7  129.320962254  97.751185028  97.751185028  97.751185028
33.8  129.130419002  97.5332516694  97.5332516694  97.5332516694
33.9  128.940440925  97.3168025238  97.3168025238  97.3168025238
34.0  128.751034288  97.1018286854  97.1018286854  97.1018286854
34.1  128.562204868  96.888321026  96.888321026  96.888321026
34.2  128.373957962  96.6762701989  96.6762701989  96.6762701989
34.3  128.186298387  96.4656666419  96.4656666419  96.4656666419
34.4  127.999230488  96.2565005805  96.2565005805  96.2565005805
34.5  127.812758141  96.0487620315  96.0487620315  96.0487620315
34.6  127.626884757  95.8424408062  95.8424408062  95.8424408062
34.7  127.441613288  95.6375265136  95.6375265136  95.6375265136
34.8  127.256946229  95.4340085641  95.4340085641  95.4340085641
34.9  127.072885627  95.231876173  95.231876173  95.231876173
35.0  126.889433082  95.0311183635  95.0311183635  95.0311183635
35.1  126.706589754  94.8317239709  94.8317239709  94.8317239709
35.2  126.524356367  94.6336816454  94.6336816454  94.6336816454
35.3  126.342733216  94.4369798564  94.4369798564  94.4369798564
35.4  126.161720172  94.2416068955  94.2416068955  94.2416068955
35.5  125.981316684  94.0475508803  94.0475508803  94.0475508803
35.6  125.80152179  93.8547997582  93.8547997582  93.8547997582
35.7  125.622334118  93.6633413099  93.6633413099  93.6633413099
35.8  125.443751894  93.473163153  93.473163153  93.473163153
35.9  125.265772948  93.2842527459  93.2842527459  93.2842527459
36.0  125.088394718  93.0965973915  93.0965973915  93.0965973915
36.1  124.911614257  92.9101842407  92.9101842407  92.9101842407
36.2  124.735428239  92.7250002965  92.7250002965  92.7250002965
36.3  124.559832964  92.5410324176  92.5410324176  92.5410324176
36.4  124.384824368  92.3582673221  92.3582673221  92.3582673221
36.5  124.210398021  92.1766915915  92.1766915915  92.1766915915
36.6  124.036549143  91.9962916746  91.9962916746  91.9962916746
36.7  123.863272603  91.8170538909  91.8170538909  91.8170538909
36.8  123.690562929  91.6389644351  91.6389644351  91.6389644351
36.9  123.518414312  91.4620093804  91.4620093804  91.4620093804
37.0  123.346820614  91.2861746825  91.2861746825  91.2861746825
37.1  123.175775375  91.111446184  91.111446184  91.111446184
37.2  123.005271818  90.9378096174  90.9378096174  90.9378096174
37.3  122.835302856  90.7652506098  90.7652506098  90.7652506098
37.4  122.665861098  90.5937546864  90.5937546864  90.5937546864
37.5  122.496938858  90.4233072747  90.4233072747  90.4233072747
37.6  122.328528158  90.253893708  90.253893708  90.253893708
37.7  122.160620737  90.0854992297  90.0854992297  90.0854992297
37.8  121.993208059  89.9181089974  89.9181089974  89.9181089974
37.9  121.826281317  89.7517080861  89.7517080861  89.7517080861
38.0  121.659831438  89.586281493  89.586281493  89.586281493
38.1  121.493849098  89.4218141408  89.4218141408  89.4218141408
38.2  121.328324718  89.2582908822  89.2582908822  89.2582908822
38.3  121.163248479  89.0956965034  89.0956965034  89.0956965034
38.4  120.998610325  88.9340157281  88.9340157281  88.9340157281
38.5  120.834399972  88.7732332218  88.7732332218  88.7732332218
38.6  120.670606911  88.6133335952  88.6133335952  88.6133335952
38.7  120.507220421  88.4543014087  88.4543014087  88.4543014087
38.8  120.344229568  88.296121176  88.296121176  88.296121176
38.9  120.18162322  88.1387773679  88.1387773679  88.1387773679
39.0  120.019390047  87.9822544167  87.9822544167  87.9822544167
39.1  119.857518532  87.8265367196  87.8265367196  87.8265367196
39.2  119.695996978  87.671608643  87.671608643  87.671608643
39.3  119.534813511  87.5174545261  87.5174545261  87.5174545261
39.4  119.373956091  87.3640586851  87.3640586851  87.3640586851
39.5  119.213412516  87.2114054166  87.2114054166  87.2114054166
39.6  119.053170431  87.0594790023  87.0594790023  87.0594790023
39.7  118.893217334  86.9082637117  86.9082637117  86.9082637117
39.8  118.733540581  86.7577438071  86.7577438071  86.7577438071
39.9  118.574127395  86.6079035467  86.6079035467  86.6079035467
40.0  118.414964873  86.4587271886  86.4587271886  86.4587271886
40.1  118.256039991  86.3101989947  86.3101989947  86.3101989947
40.2  118.097339611  86.1623032344  86.1623032344  86.1623032344
40.3  117.93885049  86.0150241883  86.0150241883  86.0150241883
40.4  117.780559282  85.8683461523  85.8683461523  85.8683461523
40.5  117.622452551  85.7222534408  85.7222534408  85.7222534408
40.6  117.464516772  85.5767303908  85.5767303908  85.5767303908
40.7  117.306738339  85.4317613656  85.4317613656  85.4317613656
40.8  117.149103575  85.2873307582  85.2873307582  85.2873307582
40.9  116.991598732  85.1434229951  85.1434229951  85.1434229951
41.0  116.834210005  85.0000225402  85.0000225402  85.0000225402
41.1  116.676923533  84.857113898  84.857113898  84.857113898
41.2  116.519725406  84.7146816174  84.7146816174  84.7146816174
41.3  116.362601674  84.5727102952  84.5727102952  84.5727102952
41.4  116.205538353  84.4311845796  84.4311845796  84.4311845796
41.5  116.048521427  84.290089174  84.290089174  84.290089174
41.6  115.891536859  84.14940884  84.14940884  84.14940884
41.7  115.734570596  84.0091284014  84.0091284014  84.0091284014
41.8  115.577608574  83.8692327471  83.8692327471  83.8692327471
41.9  115.420636724  83.7297068349  83.7297068349  83.7297068349
42.0  115.263640982  83.5905356949  83.5905356949  83.5905356949
42.1  115.106607289  83.4517044325  83.4517044325  83.4517044325
42.2  114.9495216  83.313198232  83.313198232  83.313198232
42.3  114.792369891  83.1750023598  83.1750023598  83.1750023598
42.4  114.635138162  83.0371021677  83.0371021677  83.0371021677
42.5  114.477812448  82.899483096  82.899483096  82.899483096
42.6  114.320378816  82.7621306768  82.7621306768  82.7621306768
42.7  114.162823381  82.6250305375  82.6250305375  82.6250305375
42.8  114.005132302  82.488168403  82.488168403  82.488168403
42.9  113.847291796  82.3515300998  82.3515300998  82.3515300998
43.0  113.689288138  82.2151015584  82.2151015584  82.2151015584
43.1  113.531107667  82.0788688168  82.0788688168  82.0788688168
43.2  113.372736794  81.942818023  81.942818023  81.942818023
43.3  113.214162006  81.8069354383  81.8069354383  81.8069354383
43.4  113.05536987  81.67120744  81.67120744  81.67120744
43.5  112.89634704  81.5356205246  81.5356205246  81.5356205246
43.6  112.737080261  81.4001613102  81.4001613102  81.4001613102
43.7  112.577556376  81.2648165397  81.2648165397  81.2648165397
43.8  112.417762328  81.1295730832  81.1295730832  81.1295730832
43.9  112.257685167  80.9944179409  80.9944179409  80.9944179409
44.0  112.097312055  80.859338246  80.859338246  80.859338246
44.1  111.936630269  80.724321267  80.724321267  80.724321267
44.2  111.775627209  80.5893544103  80.5893544103  80.5893544103
44.3  111.614290398  80.454425223  80.454425223  80.454425223
44.4  111.452607493  80.3195213954  80.3195213954  80.3195213954
44.5  111.290566281  80.184630763  80.184630763  80.184630763
44.6  111.128154693  80.0497413098  80.0497413098  80.0497413098
44.7  110.9653608  79.9148411697  79.9148411697  79.9148411697
44.8  110.802172824  79.7799186297  79.7799186297  79.7799186297
44.9  110.638579136  79.6449621315  79.6449621315  79.6449621315
45.0  110.474568266  79.5099602745  79.5099602745  79.5099602745
45.0  110.474568266  79.5099602745  79.5099602745  79.5099602745
45.1  110.310128904  79.3749018172  79.3749018172  79.3749018172
45.2  110.145249903  79.2397756798  79.2397756798  79.2397756798
45.3  109.979920286  79.1045709466  79.1045709466  79.1045709466
45.4  109.814129249  78.9692768674  78.9692768674  78.9692768674
45.5  109.647866162  78.8338828601  78.8338828601  78.8338828601
45.6  109.481120575  78.6983785122  78.6983785122  78.6983785122
45.7  109.313882224  78.5627535832  78.5627535832  78.5627535832
45.8  109.146141028  78.4269980063  78.4269980063  78.4269980063
45.9  108.9778871  78.29110189  78.29110189  78.29110189
46.0  108.809110746  78.1550555203  78.1550555203  78.1550555203
46.1  108.639802468  78.0188493622  78.0188493622  78.0188493622
46.2  108.469952969  77.8824740614  77.8824740614  77.8824740614
46.3  108.299553156  77.7459204459  77.7459204459  77.7459204459
46.4  108.128594142  77.6091795278  77.6091795278  77.6091795278
46.5  107.957067251  77.4722425047  77.4722425047  77.4722425047
46.6  107.784964017  77.3351007611  77.3351007611  77.3351007611
46.7  107.612276192  77.1977458703  77.1977458703  77.1977458703
46.8  107.438995745  77.060169595  77.060169595  77.060169595
46.9  107.265114865  76.9223638894  76.9223638894  76.9223638894
47.0  107.090625967  76.7843209001  76.7843209001  76.7843209001
47.1  106.915521689  76.6460329675  76.6460329675  76.6460329675
47.2  106.739794898  76.5074926269  76.5074926269  76.5074926269
47.3  106.563438693  76.3686926098  76.3686926098  76.3686926098
47.4  106.386446406  76.2296258446  76.2296258446  76.2296258446
47.5  106.208811601  76.0902854582  76.0902854582  76.0902854582
47.6  106.030528084  75.9506647765  75.9506647765  75.9506647765
47.7  105.851589895  75.8107573258  75.8107573258  75.8107573258
47.8  105.671991319  75.6705568332  75.6705568332  75.6705568332
47.9  105.491726882  75.5300572277  75.5300572277  75.5300572277
48.0  105.310791356  75.389252641  75.389252641  75.389252641
48.1  105.129179758  75.2481374081  75.2481374081  75.2481374081
48.2  104.946887354  75.1067060683  75.1067060683  75.1067060683
48.3  104.76390966  74.9649533652  74.9649533652  74.9649533652
48.4  104.58024244  74.822874248  74.822874248  74.822874248
48.5  104.395881714  74.6804638714  74.6804638714  74.6804638714
48.6  104.210823753  74.5377175965  74.5377175965  74.5377175965
48.7  104.025065084  74.3946309912  74.3946309912  74.3946309912
48.8  103.838602489  74.25119983  74.25119983  74.25119983
48.9  103.651433007  74.1074200953  74.1074200953  74.1074200953
49.0  103.463553934  73.9632879766  73.9632879766  73.9632879766
49.1  103.274962827  73.8187998715  73.8187998715  73.8187998715
49.2  103.085657498  73.6739523855  73.6739523855  73.6739523855
49.3  102.895636023  73.5287423321  73.5287423321  73.5287423321
49.4  102.704896737  73.383166733  73.383166733  73.383166733
49.5  102.513438236  73.2372228181  73.2372228181  73.2372228181
49.6  102.321259378  73.0909080251  73.0909080251  73.0909080251
49.7  102.128359281  72.94422  72.94422  72.94422
49.8  101.934737328  72.7971565963  72.7971565963  72.7971565963
49.9  101.740393163  72.6497158752  72.6497158752  72.6497158752
50.0  101.545326691  72.5018961054  72.5018961054  72.5018961054
50.1  101.349538082  72.3536957624  72.3536957624  72.3536957624
50.2  101.153027767  72.2051135285  72.2051135285  72.2051135285
50.3  100.955796439  72.0561482922  72.0561482922  72.0561482922
50.4  100.757845053  71.9067991478  71.9067991478  71.9067991478
50.5  100.559174826  71.7570653947  71.7570653947  71.7570653947
50.6  100.359787238  71.6069465374  71.6069465374  71.6069465374
50.7  100.159684027  71.456442284  71.456442284  71.456442284
50.8  99.9588671927  71.3055525463  71.3055525463  71.3055525463
50.9  99.7573389951  71.1542774388  71.1542774388  71.1542774388
51.0  99.5551019526  71.0026172778  71.0026172778  71.0026172778
51.1  99.3521588419  70.8505725808  70.8505725808  70.8505725808
51.2  99.1485126974  70.6981440656  70.6981440656  70.6981440656
51.3  98.9441668099  70.545332649  70.545332649  70.545332649
51.4  98.7391247258  70.3921394466  70.3921394466  70.3921394466
51.5  98.5333902458  70.238565771  70.238565771  70.238565771
51.6  98.3269674242  70.0846131312  70.0846131312  70.0846131312
51.7  98.1198605673  69.9302832315  69.9302832315  69.9302832315
51.8  97.9120742321  69.7755779699  69.7755779699  69.7755779699
51.9  97.7036132252  69.6204994375  69.6204994375  69.6204994375
52.0  97.4944826012  69.4650499168  69.4650499168  69.4650499168
52.1  97.2846876612  69.3092318806  69.3092318806  69.3092318806
52.2  97.074233951  69.1530479905  69.1530479905  69.1530479905
52.3  96.8631272601  68.9965010957  68.9965010957  68.9965010957
52.4  96.651373619  68.8395942313  68.8395942313  68.8395942313
52.5  96.4389792985  68.6823306173  68.6823306173  68.6823306173
52.6  96.2259508068  68.5247136564  68.5247136564  68.5247136564
52.7  96.0122948884  68.366746933  68.366746933  68.366746933
52.8  95.7980185215  68.2084342111  68.2084342111  68.2084342111
52.9  95.5831289162  68.0497794332  68.0497794332  68.0497794332
53.0  95.3676335126  67.890786718  67.890786718  67.890786718
53.1  95.1515399781  67.7314603591  67.7314603591  67.7314603591
53.2  94.9348562053  67.571804823  67.571804823  67.571804823
53.3  94.71759031  67.4118247471  67.4118247471  67.4118247471
53.4  94.4997506284  67.2515249382  67.2515249382  67.2515249382
53.5  94.2813457149  67.0909103704  67.0909103704  67.0909103704
53.6  94.0623843392  66.9299861831  66.9299861831  66.9299861831
53.7  93.8428754842  66.7687576789  66.7687576789  66.7687576789
53.8  93.6228283432  66.607230322  66.607230322  66.607230322
53.9  93.4022523171  66.4454097354  66.4454097354  66.4454097354
54.0  93.1811570114  66.2833016994  66.2833016994  66.2833016994
54.1  92.9595522341  66.1209121494  66.1209121494  66.1209121494
54.2  92.7374479921  65.9582471732  65.9582471732  65.9582471732
54.3  92.5148544886  65.7953130092  65.7953130092  65.7953130092
54.4  92.2917821199  65.6321160441  65.6321160441  65.6321160441
54.5  92.0682414728  65.4686628106  65.4686628106  65.4686628106
54.6  91.8442433211  65.3049599847  65.3049599847  65.3049599847
54.7  91.6197986222  65.1410143838  65.1410143838  65.1410143838
54.8  91.3949185147  64.9768329641  64.9768329641  64.9768329641
54.9  91.1696143144  64.8124228178  64.8124228178  64.8124228178
55.0  90.9438975114  64.6477911715  64.6477911715  64.6477911715
55.1  90.7177797664  64.4829453826  64.4829453826  64.4829453826
55.2  90.4912729077  64.3178929377  64.3178929377  64.3178929377
55.3  90.2643889273  64.1526414493  64.1526414493  64.1526414493
55.4  90.0371399779  63.9871986537  63.9871986537  63.9871986537
55.5  89.8095383688  63.821572408  63.821572408  63.821572408
55.6  89.5815965627  63.6557706877  63.6557706877  63.6557706877
55.7  89.3533271719  63.4898015839  63.4898015839  63.4898015839
55.8  89.1247429546  63.3236733005  63.3236733005  63.3236733005
55.9  88.8958568112  63.1573941515  63.1573941515  63.1573941515
56.0  88.6666817806  62.9909725581  62.9909725581  62.9909725581
56.1  88.4372310362  62.8244170463  62.8244170463  62.8244170463
56.2  88.2075178825  62.6577362435  62.6577362435  62.6577362435
56.3  87.9775557504  62.4909388761  62.4909388761  62.4909388761
56.4  87.7473581942  62.3240337662  62.3240337662  62.3240337662
56.5  87.5169388868  62.1570298291  62.1570298291  62.1570298291
56.6  87.2863116164  61.9899360701  61.9899360701  61.9899360701
56.7  87.0554902821  61.8227615816  61.8227615816  61.8227615816
56.8  86.8244888898  61.6555155402  61.6555155402  61.6555155402
56.9  86.5933215482  61.4882072036  61.4882072036  61.4882072036
57.0  86.3620024648  61.3208459076  61.3208459076  61.3208459076
57.1  86.1305459415  61.1534410631  61.1534410631  61.1534410631
57.2  85.8989663706  60.986002153  60.986002153  60.986002153
57.3  85.6672782303  60.8185387292  60.8185387292  60.8185387292
57.4  85.4354960809  60.6510604093  60.6510604093  60.6510604093
57.5  85.2036345602  60.483576874  60.483576874  60.483576874
57.6  84.9717083793  60.3160978631  60.3160978631  60.3160978631
57.7  84.7397323183  60.1486331733  60.1486331733  60.1486331733
57.8  84.5077212219  59.9811926545  59.9811926545  59.9811926545
57.9  84.275689995  59.8137862064  59.8137862064  59.8137862064
58.0  84.0436535985  59.6464237763  59.6464237763  59.6464237763
58.1  83.811627045  59.4791153547  59.4791153547  59.4791153547
58.2  83.5796253937  59.3118709729  59.3118709729  59.3118709729
58.3  83.3476637469  59.1447006995  59.1447006995  59.1447006995
58.4  83.1157572448  58.9776146374  58.9776146374  58.9776146374
58.5  82.8839210616  58.81062292  58.81062292  58.81062292
58.6  82.6521704005  58.6437357086  58.6437357086  58.6437357086
58.7  82.4205204895  58.4769631889  58.4769631889  58.4769631889
58.8  82.1889865772  58.3103155677  58.3103155677  58.3103155677
58.9  81.9575839275  58.1438030694  58.1438030694  58.1438030694
59.0  81.7263278159  57.9774359335  57.9774359335  57.9774359335
59.1  81.4952335243  57.8112244104  57.8112244104  57.8112244104
59.2  81.2643163372  57.6451787588  57.6451787588  57.6451787588
59.3  81.0335915364  57.479309242  57.479309242  57.479309242
59.4  80.803074397  57.3136261248  57.3136261248  57.3136261248
59.5  80.5727801826  57.1481396705  57.1481396705  57.1481396705
59.6  80.342724141  56.9828601371  56.9828601371  56.9828601371
59.7  80.1129214992  56.8177977742  56.8177977742  56.8177977742
59.8  79.8833874594  56.65296282  56.65296282  56.65296282
59.9  79.6541371941  56.4883654976  56.4883654976  56.4883654976
60.0  79.4251858419  56.3240160121  56.3240160121  56.3240160121
60.0  79.4251858419  56.3240160121  56.3240160121  56.3240160121
60.1  79.1965485025  56.1599245472  56.1599245472  56.1599245472
60.2  78.9682402326  55.9961012617  55.9961012617  55.9961012617
60.3  78.7402760412  55.8325562868  55.8325562868  55.8325562868
60.4  78.512670885  55.6692997222  55.6692997222  55.6692997222
60.5  78.2854396642  55.5063416335  55.5063416335  55.5063416335
60.6  78.0585972178  55.3436920483  55.3436920483  55.3436920483
60.7  77.8321583191  55.1813609535  55.1813609535  55.1813609535
60.8  77.6061376715  55.0193582922  55.0193582922  55.0193582922
60.9  77.3805499037  54.8576939597  54.8576939597  54.8576939597
61.0  77.1554095654  54.6963778013  54.6963778013  54.6963778013
61.1  76.9307311233  54.5354196084  54.5354196084  54.5354196084
61.2  76.706528956  54.3748291158  54.3748291158  54.3748291158
61.3  76.4828173501  54.2146159982  54.2146159982  54.2146159982
61.4  76.2596104958  54.0547898673  54.0547898673  54.0547898673
61.5  76.0369224824  53.8953602687  53.8953602687  53.8953602687
61.6  75.8147672944  53.7363366787  53.7363366787  53.7363366787
61.7  75.5931588067  53.5777285013  53.5777285013  53.5777285013
61.8  75.3721107806  53.419545065  53.419545065  53.419545065
61.9  75.1516368597  53.26179562  53.26179562  53.26179562
62.0  74.9317505655  53.104489335  53.104489335  53.104489335
62.1  74.7124652933  52.9476352943  52.9476352943  52.9476352943
62.2  74.4937943084  52.7912424948  52.7912424948  52.7912424948
62.3  74.2757507412  52.635319843  52.635319843  52.635319843
62.4  74.0583475841  52.4798761521  52.4798761521  52.4798761521
62.5  73.8415976867  52.3249201394  52.3249201394  52.2911244254
62.6  73.6255137523  52.1704604229  52.1704604229  52.1787627276
62.7  73.3574751365  51.9792109956  51.9792109956  52.0666447734
62.8  73.2030103609  51.8684605808  51.8684605808  51.9547699797
62.9  73.0488708333  51.7579618061  51.7579618061  51.843137766
63.0  72.8950558687  51.6477138805  51.6477138805  51.7317475546
63.1  72.7415647838  51.5377160186  51.5377160186  51.6205987703
63.2  72.5883968966  51.4279674401  51.4279674401  51.5096908404
63.3  72.4355515265  51.31846737  51.31846737  51.3990231948
63.4  72.2830279944  51.2092150384  51.2092150384  51.2885952659
63.5  72.1308256227  51.1002096805  51.1002096805  51.1784064884
63.6  71.9789437351  50.9914505367  50.9914505367  51.0684562995
63.7  71.8273816568  50.8829368522  50.8829368522  50.9587441389
63.8  71.6761387144  50.7746678772  50.7746678772  50.8492694483
63.9  71.5252142359  50.6666428667  50.6666428667  50.740031672
64.0  71.3746075507  50.5588610808  50.5588610808  50.6310302566
64.1  71.2243179896  50.4513217839  50.4513217839  50.5222646507
64.2  71.074344885  50.3440242455  50.3440242455  50.4137343053
64.3  70.9246875704  50.2369677395  50.2369677395  50.3054386736
64.4  70.775345381  50.1301515445  50.1301515445  50.1973772109
64.5  70.6263176531  50.0235749436  50.0235749436  50.0895493746
64.6  70.4776037247  49.9172372245  49.9172372245  49.9819546243
64.7  70.329202935  49.8111376791  49.8111376791  49.8745924216
64.8  70.1811146246  49.705275604  49.705275604  49.7674622302
64.9  70.0333381355  49.5996502999  49.5996502999  49.6605635159
65.0  69.8858728113  49.4942610719  49.4942610719  49.5538957462
65.1  69.7387179966  49.3891072293  49.3891072293  49.447458391
65.2  69.5918730376  49.2841880855  49.2841880855  49.3412509217
65.3  69.445337282  49.1795029582  49.1795029582  49.2352728122
65.4  69.2991100786  49.0750511691  49.0750511691  49.1295235377
65.5  69.1531907777  48.9708320441  48.9708320441  49.0240025757
65.6  69.007578731  48.8668449129  48.8668449129  48.9187094053
65.7  68.8622732916  48.7630891093  48.7630891093  48.8136435078
65.8  68.7172738137  48.6595639709  48.6595639709  48.7088043659
65.9  68.5725796533  48.5562688393  48.5562688393  48.6041914643
66.0  68.4281901673  48.4532030599  48.4532030599  48.4998042895
66.1  68.2841047143  48.3503659818  48.3503659818  48.3956423298
66.2  68.140322654  48.2477569579  48.2477569579  48.291705075
66.3  67.9968433477  48.1453753448  48.1453753448  48.187992017
66.4  67.8536661578  48.0432205028  48.0432205028  48.0845026491
66.5  67.7107904482  47.9412917958  47.9412917958  47.9812364663
66.6  67.5682155841  47.8395885913  47.8395885913  47.8781929654
66.7  67.4259409319  47.7381102603  47.7381102603  47.7753716449
66.8  67.2839658597  47.6368561772  47.6368561772  47.6727720047
66.9  67.1422897364  47.5358257203  47.5358257203  47.5703935464
67.0  67.0009119328  47.4350182707  47.4350182707  47.4682357735
67.1  66.8598318205  47.3344332134  47.3344332134  47.3662981905
67.2  66.7190487729  47.2340699365  47.2340699365  47.264580304
67.3  66.5785621643  47.1339278316  47.1339278316  47.163081622
67.4  66.4383713706  47.0340062933  47.0340062933  47.0618016538
67.5  66.2984757689  46.9343047198  46.9343047198  46.9607399106
67.6  66.1588747376  46.8348225122  46.8348225122  46.8598959048
67.7  66.0195676565  46.735559075  46.735559075  46.7592691504
67.8  65.8805539066  46.6365138157  46.6365138157  46.658859163
67.9  65.7418328703  46.537686145  46.537686145  46.5586654596
68.0  65.6034039312  46.4390754767  46.4390754767  46.4586875585
68.1  65.4652664742  46.3406812276  46.3406812276  46.3589249796
68.2  65.3274198856  46.2425028176  46.2425028176  46.2593772442
68.3  65.189863553  46.1445396693  46.1445396693  46.160043875
68.4  65.0525968651  46.0467912085  46.0467912085  46.0609243961
68.5  64.915619212  45.949256864  45.949256864  45.9620183331
68.6  64.7789299853  45.8519360674  45.8519360674  45.8633252127
68.7  64.6425285775  45.7548282529  45.7548282529  45.7648445634
68.8  64.5064143825  45.657932858  45.657932858  45.6665759146
68.9  64.3705867958  45.5612493227  45.5612493227  45.5685187974
69.0  64.2350452136  45.4647770897  45.4647770897  45.470672744
69.1  64.0997890338  45.3685156048  45.3685156048  45.3730372881
69.2  63.9648176555  45.2724643162  45.2724643162  45.2756119645
69.3  63.830130479  45.1766226749  45.1766226749  45.1783963096
69.4  63.6957269058  45.0809901346  45.0809901346  45.0813898609
69.5  63.5616063388  44.9855661515  44.9855661515  44.9845921572
69.6  63.427768182  44.8903501846  44.8903501846  44.8880027385
69.7  63.2942118408  44.7953416953  44.7953416953  44.7916211463
69.8  63.1609367218  44.7005401478  44.7005401478  44.6954469231
69.9  63.0279422328  44.6059450085  44.6059450085  44.5994796128
70.0  62.895227783  44.5115557466  44.5115557466  44.5037187606
70.1  62.7627927827  44.4173718336  44.4173718336  44.4081639127
70.2  62.6306366434  44.3233927435  44.3233927435  44.3128146167
70.3  62.498758778  44.2296179529  44.2296179529  44.2176704213
70.4  62.3671586005  44.1360469405  44.1360469405  44.1227308766
70.5  62.2358355262  44.0426791877  44.0426791877  44.0279955337
70.6  62.1047889716  43.9495141779  43.9495141779  43.933463945
70.7  61.9740183546  43.8565513973  43.8565513973  43.8391356639
70.8  61.8435230939  43.7637903341  43.7637903341  43.7450102452
70.9  61.71330261  43.6712304787  43.6712304787  43.6510872447
71.0  61.583356324  43.5788713242  43.5788713242  43.5573662196
71.1  61.4536836588  43.4867123655  43.4867123655  43.4638467278
71.2  61.3242840382  43.3947530999  43.3947530999  43.3705283289
71.3  61.1951568871  43.3029930271  43.3029930271  43.2774105832
71.4  61.066301632  43.2114316487  43.2114316487  43.1844930523
71.5  60.9377177002  43.1200684686  43.1200684686  43.0917752989
71.6  60.8094045205  43.0289029928  43.0289029928  42.9992568869
71.7  60.6813615228  42.9379347295  42.9379347295  42.9069373811
71.8  60.5535881381  42.847163189  42.847163189  42.8148163477
71.9  60.4260837988  42.7565878835  42.7565878835  42.7228933537
72.0  60.2988479383  42.6662083275  42.6662083275  42.6311679673
72.1  60.1718799913  42.5760240375  42.5760240375  42.5396397579
72.2  60.0451793937  42.486034532  42.486034532  42.4483082959
72.3  59.9187455825  42.3962393314  42.3962393314  42.3571731526
72.4  59.792577996  42.3066379583  42.3066379583  42.2662339007
72.5  59.6666760736  42.2172299371  42.2172299371  42.1754901136
72.6  59.541039256  42.1280147943  42.1280147943  42.0849413661
72.7  59.4156669848  42.0389920582  42.0389920582  41.9945872338
72.8  59.290558703  41.9501612591  41.9501612591  41.9044272934
72.9  59.1657138549  41.8615219292  41.8615219292  41.8144611228
73.0  59.0411318856  41.7730736026  41.7730736026  41.7246883006
73.1  58.9168122417  41.6848158152  41.6848158152  41.6351084067
73.2  58.7927543708  41.5967481049  41.5967481049  41.5457210221
73.3  58.6689577217  41.5088700113  41.5088700113  41.4565257284
73.4  58.5454217443  41.4211810757  41.4211810757  41.3675221087
73.5  58.4221458898  41.3336808417  41.3336808417  41.2787097468
73.6  58.2991296105  41.246368854  41.246368854  41.1900882276
73.7  58.1763723597  41.1592446597  41.1592446597  41.1016571369
73.8  58.0538735921  41.0723078073  41.0723078073  41.0134160617
73.9  57.9316327633  40.9855578472  40.9855578472  40.9253645898
74.0  57.8096493303  40.8989943313  40.8989943313  40.8375023102
74.1  57.6879227511  40.8126168136  40.8126168136  40.7498288125
74.2  57.5664524847  40.7264248494  40.7264248494  40.6623436877
74.3  57.4452379916  40.640417996  40.640417996  40.5750465274
74.4  57.3242787332  40.5545958121  40.5545958121  40.4879369245
74.5  57.2035741719  40.4689578583  40.4689578583  40.4010144727
74.6  57.0831237716  40.3835036968  40.3835036968  40.3142787666
74.7  56.962926997  40.2982328912  40.2982328912  40.2277294019
74.8  56.8429833142  40.2131450071  40.2131450071  40.141365975
74.9  56.72329219  40.1282396113  40.1282396113  40.0551880837
75.0  56.6038530929  40.0435162724  40.0435162724  39.9691953262
90.0  41.2601590386  29.1775090659  29.1775090659  28.9551793452
105.0  30.0757038765  21.2669881874  21.2669881874  20.9763370426
120.0  21.9230362835  15.5019573456  15.5019573456  15.1961350038
135.0  15.9803249114  11.2997995888  11.2997995888  11.0087152286
150.0  11.6485135076  8.23674329898  8.23674329898  7.97517335782
165.0  8.49093292461  6.00399629722  6.00399629722  5.77754885718
180.0  6.18928259672  4.37648370039  4.37648370039  4.18549783177
195.0  4.5115441851  3.19014348756  3.19014348756  3.03214953829
210.0  3.28859292107  2.32538635513  2.32538635513  2.1966158369
225.0  2.39714894874  1.69504027718  1.69504027718  1.59132030725

#SVE monte-carlo points sigmaR (r, sigmaR_med, sigmaR_std)
29.0  137.298464257  0.0
32.4  133.822778279  0.0
35.9  128.006481518  0.0
39.4  121.795818077  0.0
42.9  115.680537194  0.0
46.3  109.594878228  0.0
49.8  102.795244865  0.0
53.3  95.2673598398  0.0
56.8  87.1652642988  0.0
60.2  79.1779513046  0.0
63.7  72.0612334137  0.0
67.2  66.8399074764  0.0
70.7  61.9969020764  0.0
74.2  57.5048053205  0.0

#SVE monte-carlo points sigmaZ (r, sigmaZ_med, sigmaZ_std)
29.4  108.612122472  0.0
32.8  99.780730466  0.0
36.3  92.5410324176  0.0
39.8  86.7577438071  0.0
43.3  81.8069354383  0.0
46.7  77.1977458703  0.0
50.2  72.2051135285  0.0
53.7  66.7687576789  0.0
57.2  60.986002153  0.0
60.6  55.3436920483  0.0
64.1  50.5222646507  0.0
67.6  46.8598959048  0.0
71.1  43.4638467278  0.0
74.6  40.3142787666  0.0

#SVE monte-carlo points sigmaPhi (r, sigmaPhi_med, sigmaPhi_std)
29.9  107.195484978  0.0
33.3  98.6379307714  0.0
36.8  91.6389644351  0.0
40.3  86.0150241883  0.0
43.8  81.1295730832  0.0
47.2  76.5074926269  0.0
50.7  71.456442284  0.0
54.2  65.9582471732  0.0
57.7  60.1486331733  0.0
61.1  54.5354196084  0.0
64.6  49.9819546243  0.0
68.1  46.3589249796  0.0
71.6  42.9992568869  0.0
90.0  28.9551793452  0.0
