#Star points (r, v, dv)
52.6  349.428297493  32.3247307174
47.9  328.332157446  21.2662702088
43.9  308.086668207  33.1753815257
40.7  371.54521851  25.8597845739
37.8  366.44131366  16.6727558437
34.9  322.037341464  26.3701750589
32.4  324.589293889  24.3286131189
30.2  298.729509315  28.2416068373
28.1  311.999661925  18.8844479454
25.9  286.480137675  19.7350987538
24.1  260.790483263  18.2039272987
22.7  286.820397998  20.9260098855
21.2  298.559379153  15.1415843887
19.8  251.603454532  19.2247082688
18.4  276.952848621  15.8221050353
16.9  223.531977857  15.1415843887
15.5  200.054015546  15.8221050353
14.0  195.29037102  15.992235197
12.6  195.120240858  13.7805430953
11.2  189.165685199  13.6104129336
10.1  161.434468847  16.8428860054
9.4  165.687722889  13.7805430953
8.6  161.094208524  15.481844712
7.9  160.073427554  13.950673257
7.2  142.039630417  14.2909335803
6.5  145.272103488  13.7805430953
5.8  151.056528985  12.2493716403
5.0  148.164316237  14.8013240653
4.3  115.839585519  12.929892287
3.6  100.357740807  12.4195018019
2.9  99.8473503224  14.1208034186
2.2  68.5434005751  14.6311939037
1.4  51.530384408  16.502625682
0.7  8.14719318208  19.0545781071
0.0  16.8619405835  20.4156194004
0.7  41.7009441874  18.7143177837
1.4  77.5984082998  17.1831463287
2.2  86.6153068683  17.6935368137
2.9  105.499754814  15.992235197
3.6  125.064723406  14.461063742
4.3  125.234853568  15.6519748737
5.0  128.297196478  14.971454227
5.8  160.621927195  16.1623653587
6.5  161.472578003  15.992235197
7.2  144.119301513  14.1208034186
7.9  161.812838327  14.461063742
8.6  194.647959529  15.3117145503
9.4  176.273902069  17.013016167
10.1  181.207676757  14.6311939037
11.2  179.336244979  14.6311939037
12.6  174.572600452  15.6519748737
14.0  187.672622901  14.8013240653
15.5  227.483080731  15.6519748737
16.9  227.653210893  20.0753590771
18.4  263.210414682  17.013016167
19.8  295.875405723  16.502625682
21.2  274.949395837  14.461063742
22.7  283.285773759  17.6935368137
24.1  284.136424568  15.992235197
25.9  337.557295332  17.1831463287
28.1  316.120894962  17.5234066521
30.2  338.407946141  17.5234066521
32.4  325.818314177  21.9467908555
34.9  320.204018842  23.4779623105
37.8  317.481936255  25.8597845739
40.7  319.863758518  28.411736999
43.9  377.537883325  23.6480924722
47.9  337.387165171  26.5403052206

#Star and gas polinom (r, p_star, p_gas)
0.0  12.652412304  -621.793023659
0.1  15.5922103725  -611.734344299
0.2  18.5758098494  -601.755077388
0.3  21.5956349706  -591.854739716
0.4  24.644535037  -582.032850317
0.5  27.7157684959  -572.288930455
0.6  30.8029874778  -562.622503621
0.7  33.9002227771  -553.033095521
0.8  37.0018692658  -543.520234072
0.9  40.1026717322  -534.083449392
1.0  43.1977111317  -524.722273795
1.1  46.2823912437  -515.436241781
1.2  49.3524257218  -506.224890028
1.3  52.4038255305  -497.087757387
1.4  55.4328867571  -488.024384871
1.5  58.4361787923  -479.034315653
1.6  61.4105328686  -470.117095051
1.7  64.3530309493  -461.272270527
1.8  67.2609949586  -452.499391676
1.9  70.1319763455  -443.798010219
2.0  72.9637459732  -435.167679998
2.1  75.7542843252  -426.607956964
2.2  78.5017720217  -418.118399175
2.3  81.2045806377  -409.698566783
2.4  83.8612638154  -401.348022032
2.5  86.4705486641  -393.066329247
2.6  89.0313274398  -384.853054826
2.7  91.5426494983  -376.707767238
2.8  94.0037135138  -368.63003701
2.9  96.4138599572  -360.619436722
3.0  98.7725638267  -352.675541
3.1  101.079427626  -344.797926508
3.2  103.334174579  -336.986171942
3.3  105.536642084  -329.239858021
3.4  107.686775389  -321.558567481
3.5  109.784621493  -313.941885067
3.6  111.830323264  -306.389397529
3.7  113.82411376  -298.90069361
3.8  115.766310764  -291.47536404
3.9  117.657311511  -284.113001533
4.0  119.497587614  -276.813200776
4.1  121.28768017  -269.575558422
4.2  123.028195063  -262.399673085
4.3  124.71979843  -255.285145332
4.4  126.363212312  -248.231577674
4.5  127.959210468  -241.238574562
4.6  129.508614354  -234.305742381
4.7  131.01228926  -227.432689437
4.8  132.471140607  -220.619025957
4.9  133.886110384  -213.864364078
5.0  135.258173745  -207.168317841
5.1  136.588335736  -200.530503185
5.2  137.877628163  -193.950537938
5.3  139.127106599  -187.428041813
5.4  140.337847514  -180.962636399
5.5  141.510945534  -174.553945155
5.6  142.647510821  -168.201593404
5.7  143.748666573  -161.905208324
5.8  144.81554664  -155.664418943
5.9  145.849293246  -149.478856132
6.0  146.851054827  -143.348152597
6.1  147.821983964  -137.271942876
6.2  148.763235428  -131.249863328
6.3  149.675964314  -125.281552126
6.4  150.561324278  -119.366649257
6.5  151.420465857  -113.504796506
6.6  152.254534888  -107.695637457
6.7  153.064671006  -101.938817483
6.8  153.852006228  -96.2339837378
6.9  154.617663618  -90.5807851546
7.0  155.362756028  -84.9788724342
7.1  156.088384919  -79.4278980414
7.2  156.795639247  -73.9275161973
7.3  157.485594427  -68.4773828733
7.4  158.15931136  -63.0771557845
7.5  158.817835526  -57.7264943831
7.6  159.462196145  -52.425059852
7.7  160.09340539  -47.1725150985
7.8  160.712457667  -41.9685247477
7.9  161.320328946  -36.8127551361
8.0  161.917976152  -31.7048743052
8.1  162.5063366  -26.6445519955
8.2  163.086327491  -21.6314596394
8.3  163.658845445  -16.6652703555
8.4  164.224766095  -11.7456589422
8.5  164.784943707  -6.87230187103
8.6  165.340210864  -2.04487728064
8.7  165.891378173  2.73693502949
8.8  166.439234022  7.47345360535
8.9  166.984544376  12.1649953447
9.0  167.5280526  16.8118755031
9.1  168.070479326  21.4144077004
9.2  168.612522351  25.9729039268
9.3  169.154856563  30.4876745488
9.4  169.698133904  34.9590283158
9.5  170.242983353  39.3872723659
9.6  170.790010951  43.7727122322
9.7  171.339799834  48.1156518488
9.8  171.892910307  52.4163935569
9.9  172.449879936  56.675238111
10.0  173.011223659  60.892484685
10.1  173.577433925  65.0684308778
10.2  174.14898085  69.2033727201
10.3  174.726312392  73.2976046795
10.4  175.309854547  77.3514196674
10.5  175.900011562  81.3651090444
10.6  176.497166159  85.3389626262
10.7  177.101679782  89.2732686901
10.8  177.713892854  93.1683139804
10.9  178.334125048  97.0243837146
11.0  178.962675572  100.841761589
11.1  179.599823463  104.620729786
11.2  180.245827898  108.361568976
11.3  180.900928508  112.06455833
11.4  181.565345704  115.729975517
11.5  182.239281017  119.358096718
11.6  182.922917438  122.949196627
11.7  183.616419767  126.503548457
11.8  184.319934978  130.021423947
11.9  185.033592574  133.503093368
12.0  185.757504962  136.948825527
12.1  186.491767825  140.358887777
12.2  187.2364605  143.733546015
12.3  187.991646361  147.073064696
12.4  188.757373202  150.377706833
12.5  189.533673628  153.647734006
12.6  190.320565442  156.883406365
12.7  191.11805204  160.084982637
12.8  191.9261228  163.252720134
12.9  192.74475348  166.386874753
13.0  193.573906611  169.487700986
13.1  194.41353189  172.555451925
13.2  195.263566575  175.590379267
13.3  196.123935881  178.592733317
13.4  196.994553366  181.562762998
13.5  197.87532133  184.500715855
13.6  198.766131198  187.406838059
13.7  199.66686391  190.281374413
13.8  200.577390304  193.12456836
13.9  201.497571502  195.936661983
14.0  202.427259286  198.717896017
14.1  203.366296475  201.468509849
14.2  204.314517302  204.188741527
14.3  205.271747776  206.878827764
14.4  206.237806056  209.539003943
14.5  207.212502808  212.169504122
14.6  208.195641565  214.770561042
14.7  209.187019077  217.342406129
14.8  210.186425666  219.885269501
14.9  211.193645564  222.399379972
15.0  212.208457257  224.884965062
15.1  213.230633819  227.342250995
15.2  214.259943238  229.771462708
15.3  215.296148745  232.172823859
15.4  216.339009132  234.546556827
15.5  217.388279064  236.89288272
15.6  218.443709389  239.212021379
15.7  219.50504744  241.504191387
15.8  220.572037332  243.769610067
15.9  221.644420256  246.008493494
16.0  222.721934761  248.221056497
16.1  223.804317036  250.407512664
16.2  224.891301184  252.568074347
16.3  225.98261949  254.702952671
16.4  227.078002683  256.812357531
16.5  228.177180193  258.896497605
16.6  229.279880401  260.955580357
16.7  230.385830883  262.989812037
16.8  231.494758648  264.999397694
16.9  232.606390373  266.984541175
17.0  233.720452624  268.945445132
17.1  234.836672082  270.882311028
17.2  235.954775755  272.79533914
17.3  237.074491185  274.684728565
17.4  238.195546653  276.550677226
17.5  239.317671373  278.393381875
17.6  240.440595683  280.213038098
17.7  241.564051233  282.009840321
17.8  242.687771157  283.783981816
17.9  243.811490254  285.535654703
18.0  244.934945148  287.265049955
18.1  246.057874453  288.972357407
18.2  247.180018928  290.657765755
18.3  248.30112163  292.321462566
18.4  249.420928052  293.963634278
18.5  250.539186267  295.58446621
18.6  251.655647062  297.184142562
18.7  252.770064061  298.762846422
18.8  253.882193854  300.320759772
18.9  254.991796108  301.85806349
19.0  256.098633685  303.374937356
19.1  257.202472746  304.871560058
19.2  258.303082852  306.348109192
19.3  259.400237063  307.804761274
19.4  260.493712029  309.241691739
19.5  261.583288077  310.659074947
19.6  262.668749292  312.057084188
19.7  263.749883598  313.435891688
19.8  264.826482825  314.79566861
19.9  265.898342785  316.136585062
20.0  266.965263327  317.458810101
20.1  268.027048404  318.762511735
20.2  269.083506122  320.047856932
20.3  270.134448795  321.31501162
20.4  271.17969299  322.564140694
20.5  272.219059566  323.795408021
20.6  273.25237372  325.008976442
20.7  274.279465014  326.20500778
20.8  275.30016741  327.38366284
20.9  276.314319293  328.545101419
21.0  277.3217635  329.689482304
21.1  278.322347332  330.816963282
21.2  279.315922579  331.927701142
21.3  280.302345522  333.02185168
21.4  281.281476953  334.099569702
21.5  282.253182172  335.16100903
21.6  283.217330995  336.206322506
21.7  284.173797752  337.235661995
21.8  285.122461284  338.249178392
21.9  286.063204936  339.247021624
22.0  286.995916549  340.229340656
22.1  287.920488447  341.196283492
22.2  288.836817422  342.147997184
22.3  289.744804718  343.084627833
22.4  290.644356012  344.006320596
22.5  291.535381387  344.913219685
22.6  292.417795315  345.805468378
22.7  293.291516622  346.683209018
22.8  294.156468465  347.54658302
22.9  295.012578297  348.395730874
23.0  295.859777836  349.230792149
23.1  296.698003029  350.051905499
23.2  297.527194011  350.859208666
23.3  298.347295074  351.652838481
23.4  299.158254618  352.432930875
23.5  299.960025111  353.199620876
23.6  300.752563049  353.953042618
23.7  301.535828901  354.693329344
23.8  302.309787073  355.420613408
23.9  303.074405849  356.135026282
24.0  303.829657348  356.836698557
24.1  304.575517468  357.52575995
24.2  305.311965837  358.202339306
24.3  306.038985755  358.866564604
24.4  306.756564146  359.518562957
24.5  307.464691493  360.158460622
24.6  308.163361789  360.786382998
24.7  308.852572475  361.402454634
24.8  309.532324381  362.006799232
24.9  310.20262167  362.59953965
25.0  310.863471775  363.180797906
25.1  311.514885339  363.750695183
25.2  312.156876152  364.309351832
25.3  312.789461091  364.856887376
25.4  313.412660058  365.393420516
25.5  314.026495914  365.91906913
25.6  314.630994417  366.433950283
25.7  315.226184158  366.938180224
25.8  315.812096498  367.431874396
25.9  316.388765502  367.915147438
26.0  316.956227875  368.388113185
26.1  317.514522896  368.850884679
26.2  318.063692356  369.303574164
26.3  318.603780488  369.746293099
26.4  319.134833908  370.179152155
26.5  319.656901544  370.60226122
26.6  320.170034574  371.015729406
26.7  320.674286361  371.419665049
26.8  321.169712387  371.814175714
26.9  321.65637019  372.199368201
27.0  322.134319296  372.575348544
27.1  322.603621157  372.942222018
27.2  323.064339088  373.300093142
27.3  323.5165382  373.649065683
27.4  323.96028534  373.989242658
27.5  324.395649022  374.320726341
27.6  324.822699373  374.643618262
27.7  325.241508063  374.958019214
27.8  325.652148245  375.264029256
27.9  326.054694495  375.561747717
28.0  326.44922275  375.851273196
28.1  326.835810249  376.13270357
28.2  327.214535469  376.406135997
28.3  327.585478069  376.671666917
28.4  327.948718832  376.929392057
28.5  328.304339602  377.179406436
28.6  328.652423232  377.421804363
28.7  328.993053523  377.65667945
28.8  329.326315171  377.884124606
28.9  329.652293706  378.104232045
29.0  329.971075445  378.317093291
29.1  330.282747429  378.522799175
29.2  330.587397377  378.721439848
29.3  330.885113629  378.913104776
29.4  331.175985096  379.097882746
29.5  331.460101206  379.275861872
29.6  331.737551857  379.447129595
29.7  332.008427367  379.611772688
29.8  332.272818421  379.769877261
29.9  332.53081603  379.921528759
30.0  332.782511476  380.06681197
30.1  333.027996272  380.20581103
30.2  333.267362115  380.338609419
30.3  333.500700837  380.465289972
30.4  333.728104368  380.585934877
30.5  333.949664689  380.700625682
30.6  334.165473789  380.809443295
30.7  334.375623628  380.912467991
30.8  334.580206092  381.009779411
30.9  334.779312959  381.101456568
31.0  334.973035854  381.18757785
31.1  335.161466217  381.268221024
31.2  335.344695263  381.343463235
31.3  335.522813947  381.413381014
31.4  335.695912929  381.478050281
31.5  335.864082542  381.537546344
31.6  336.027412755  381.591943905
31.7  336.185993142  381.641317065
31.8  336.339912854  381.685739323
31.9  336.489260584  381.725283583
32.0  336.634124538  381.760022153
32.1  336.77459241  381.790026753
32.2  336.91075135  381.815368514
32.3  337.042687938  381.836117982
32.4  337.170488159  381.852345124
32.5  337.294237378  381.864119326
32.6  337.414020314  381.871509402
32.7  337.529921016  381.874583592
32.8  337.642022845  381.873409566
32.9  337.750408444  381.868054431
33.0  337.855159727  381.858584727
33.1  337.956357849  381.845066438
33.2  338.054083194  381.827564988
33.3  338.148415354  381.806145249
33.4  338.239433109  381.78087154
33.5  338.327214413  381.751807634
33.6  338.411836379  381.719016757
33.7  338.493375259  381.682561595
33.8  338.571906433  381.642504292
33.9  338.647504397  381.598906458
34.0  338.720242743  381.551829169
34.1  338.790194156  381.501332969
34.2  338.857430394  381.447477877
34.3  338.922022283  381.390323385
34.4  338.984039704  381.329928465
34.5  339.043551585  381.266351567
34.6  339.100625892  381.199650629
34.7  339.155329622  381.129883073
34.8  339.207728791  381.057105811
34.9  339.257888436  380.981375247
35.0  339.305872602  380.902747281
35.1  339.351744337  380.821277312
35.2  339.395565693  380.737020236
35.3  339.437397716  380.650030457
35.4  339.477300445  380.560361882
35.5  339.51533291  380.468067929
35.6  339.551553127  380.373201527
35.7  339.586018099  380.27581512
35.8  339.618783817  380.175960669
35.9  339.649905251  380.073689655
36.0  339.679436361  379.969053082
36.1  339.707430089  379.862101479
36.2  339.733938364  379.752884903
36.3  339.759012104  379.641452944
36.4  339.782701215  379.527854722
36.5  339.805054597  379.412138895
36.6  339.826120146  379.294353661
36.7  339.845944755  379.174546757
36.8  339.864574323  379.052765466
36.9  339.882053755  378.929056616
37.0  339.898426967  378.803466587
37.1  339.913736895  378.676041308
37.2  339.928025496  378.546826264
37.3  339.941333757  378.415866497
37.4  339.953701703  378.283206608
37.5  339.965168397  378.148890762
37.6  339.975771954  378.012962687
37.7  339.985549546  377.87546568
37.8  339.99453741  377.736442605
37.9  340.002770853  377.595935902
38.0  340.010284268  377.453987585
38.1  340.017111135  377.310639243
38.2  340.023284031  377.165932047
38.3  340.028834646  377.019906752
38.4  340.033793785  376.872603694
38.5  340.03819138  376.724062801
38.6  340.042056502  376.574323586
38.7  340.045417369  376.423425159
38.8  340.048301359  376.271406221
38.9  340.050735016  376.118305073
39.0  340.052744065  375.964159614
39.1  340.054353423  375.809007345
39.2  340.055587209  375.652885373
39.3  340.056468753  375.495830411
39.4  340.057020613  375.33787878
39.5  340.057264582  375.179066414
39.6  340.057221703  375.019428862
39.7  340.056912277  374.859001287
39.8  340.056355881  374.697818472
39.9  340.055571374  374.535914821
40.0  340.054576912  374.373324362
40.1  340.053389963  374.210080747
40.2  340.052027314  374.046217258
40.3  340.050505087  373.881766807
40.4  340.048838752  373.716761937
40.5  340.047043138  373.551234827
40.6  340.045132445  373.385217295
40.7  340.043120259  373.218740795
40.8  340.041019564  373.051836425
40.9  340.038842753  372.884534928
41.0  340.036601642  372.716866691
41.1  340.034307484  372.54886175
41.2  340.031970979  372.380549793
41.3  340.029602291  372.21196016
41.4  340.027211055  372.043121846
41.5  340.024806394  371.874063504
41.6  340.02239693  371.704813446
41.7  340.019990798  371.535399645
41.8  340.017595655  371.365849741
41.9  340.015218698  371.196191037
42.0  340.012866672  371.026450505
42.1  340.010545884  370.856654789
42.2  340.008262214  370.686830203
42.3  340.006021132  370.517002736
42.4  340.003827702  370.347198057
42.5  340.001686601  370.177441511
42.6  339.99960213  370.007758124
42.7  339.997578222  369.838172607
42.8  339.995618458  369.668709354
42.9  339.993726076  369.499392447
43.0  339.991903981  369.330245659
43.1  339.990154767  369.161292453
43.2  339.988480709  368.992555986
43.3  339.986883794  368.824059109
43.4  339.98536572  368.655824374
43.5  339.983927911  368.487874028
43.6  339.982571527  368.320230024
43.7  339.981297476  368.152914016
43.8  339.980106419  367.985947366
43.9  339.978998789  367.81935114
44.0  339.977974797  367.653146117
44.1  339.977034437  367.487352788
44.2  339.976177507  367.321991353
44.3  339.975403606  367.157081734
44.4  339.974712155  366.992643566
44.5  339.974102398  366.828696204
44.6  339.973573417  366.665258727
44.7  339.973124136  366.502349934
44.8  339.972753335  366.339988352
44.9  339.972459656  366.178192235
45.0  339.972241607  366.016979564
45.1  339.972097582  365.856368053
45.2  339.972025857  365.696375149
45.3  339.972024607  365.537018032
45.4  339.972091905  365.37831362
45.5  339.97222574  365.220278571
45.6  339.972424017  365.06292928
45.7  339.972684564  364.906281888
45.8  339.973005143  364.750352277
45.9  339.97338346  364.595156078
46.0  339.973817159  364.440708666
46.1  339.974303841  364.287025169
46.2  339.974841068  364.134120465
46.3  339.975426363  363.982009186
46.4  339.97605722  363.830705718
46.5  339.976731114  363.680224205
46.6  339.977445497  363.530578548
46.7  339.978197816  363.38178241
46.8  339.978985503  363.233849217
46.9  339.979805995  363.086792156
47.0  339.980656727  362.940624182
47.1  339.981535149  362.795358016
47.2  339.982438711  362.65100615
47.3  339.983364896  362.507580845
47.4  339.984311194  362.365094136
47.5  339.985275125  362.223557833
47.6  339.986254239  362.082983519
47.7  339.987246117  361.943382557
47.8  339.988248377  361.804766091
47.9  339.989258677  361.667145042
48.0  339.990274709  361.530530118
48.1  339.991294221  361.394931808
48.2  339.992315004  361.260360391
48.3  339.993334901  361.12682593
48.4  339.994351806  360.99433828
48.5  339.995363671  360.862907086
48.6  339.996368508  360.732541785
48.7  339.997364382  360.603251612
48.8  339.998349421  360.475045593
48.9  339.999321822  360.347932554
49.0  340.000279846  360.221921122
49.1  340.001221814  360.097019722
49.2  340.002146116  359.973236582
49.3  340.003051219  359.850579736
49.4  340.00393565  359.729057021
49.5  340.004798011  359.608676082
49.6  340.005636977  359.489444372
49.7  340.00645129  359.371369158
49.8  340.007239769  359.254457513
49.9  340.008001305  359.138716328
50.0  340.00873486  359.024152307
50.1  340.009439472  358.910771969
50.2  340.010114248  358.798581655
50.3  340.010758373  358.687587521
50.4  340.011371107  358.577795547
50.5  340.011951772  358.469211534
50.6  340.012499774  358.361841107
50.7  340.013014581  358.255689717
50.8  340.013495741  358.150762642
50.9  340.013942867  358.047064987
51.0  340.014355647  357.944601689
51.1  340.014733826  357.843377515
51.2  340.015077231  357.743397064
51.3  340.015385745  357.644664771
51.4  340.015659322  357.547184905
51.5  340.015897984  357.450961574
51.6  340.016101804  357.355998722
51.7  340.01627093  357.262300135
51.8  340.016405564  357.169869439
51.9  340.01650597  357.078710104
52.0  340.016572463  356.988825442
52.1  340.016605421  356.900218613
52.2  340.016605274  356.812892622
52.3  340.016572505  356.726850324
52.4  340.016507642  356.642094422
52.5  340.016411274  356.558627471

#Gas points (r, v, dv)
30.0  372.585054058  25.5195242506
30.0  387.896768609  25.5195242506
45.0  353.870736274  25.5195242506
45.0  375.987657292  25.5195242506
60.0  345.364228191  25.5195242506
60.0  367.481149208  25.5195242506
75.0  353.870736274  25.5195242506
75.0  372.585054058  25.5195242506
90.0  369.182450825  25.5195242506
90.0  381.091562142  25.5195242506
105.0  377.688958908  25.5195242506
105.0  386.195466992  25.5195242506
120.0  355.572037891  25.5195242506
120.0  369.182450825  25.5195242506
135.0  340.260323341  25.5195242506
135.0  348.766831424  25.5195242506
150.0  331.753815257  25.5195242506
150.0  340.260323341  25.5195242506
165.0  326.649910407  25.5195242506
165.0  336.857720107  25.5195242506
180.0  323.247307174  25.5195242506
180.0  328.351212024  25.5195242506
195.0  323.247307174  25.5195242506
195.0  331.753815257  25.5195242506
210.0  323.247307174  25.5195242506
210.0  333.455116874  25.5195242506
225.0  306.234291007  25.5195242506
225.0  336.857720107  25.5195242506
