#SVE points (r, sigmaR, sigmaZ, sigmaPhi, sigmaMajRestored)
15.0  244.564997065  0.316227766017  186.598354167  146.621464045
30.0  168.225471882  30.2659849985  121.336289493  98.6004629413
30.0  168.225471882  30.2659849985  121.336289493  98.6004629413
30.1  167.965406687  31.0699438274  121.12603735  98.5261191528
30.2  167.704412042  31.8526643515  120.915394807  98.4515880609
30.3  167.442499688  32.6156369786  120.704367798  98.3768708386
30.4  167.179682152  33.3601757274  120.492962842  98.301968702
30.5  166.91597272  34.0874455311  120.281187015  98.22688291
30.6  166.651385403  34.7984843497  120.069047934  98.1516147626
30.7  166.385934908  35.4942212481  119.856553728  98.0761656003
30.8  166.119636608  36.1754913091  119.643713023  98.0005368029
30.9  165.852506511  36.8430480308  119.430534911  97.9247297889
31.0  165.584561234  37.4975737118  119.217028942  97.8487460141
31.1  165.315817973  38.1396882076  119.00320509  97.7725869711
31.2  165.046294479  38.7699563632  118.789073745  97.6962541881
31.3  164.776009026  39.3888943561  118.574645684  97.6197492281
31.4  164.504980392  39.9969751407  118.359932061  97.543073688
31.5  164.233227827  40.5946331455  118.14494438  97.4662291976
31.6  163.960771033  41.1822683426  117.929694483  97.3892174189
31.7  163.687630136  41.7602497924  117.714194529  97.3120400449
31.8  163.413825667  42.3289187409  117.498456979  97.2346987993
31.9  163.139378533  42.8885913388  117.28249458  97.1571954349
32.0  162.864309999  43.439561037  117.066320343  97.0795317334
32.1  162.588641666  43.9821007026  116.849947534  97.0017095043
32.2  162.312395446  44.5164644978  116.633389655  96.923730584
32.3  162.035593542  45.0428895493  116.416660428  96.8455968351
32.4  161.75825843  45.5615974393  116.199773782  96.7673101456
32.5  161.480412836  46.0727955383  115.982743837  96.6888724279
32.6  161.202079718  46.5766782019  115.765584892  96.6102856185
32.7  160.923282246  47.0734278464  115.548311406  96.5315516765
32.8  160.644043783  47.5632159184  115.330937993  96.4526725835
32.9  160.364387866  48.0462037714  115.113479399  96.3736503423
33.0  160.084338191  48.5225434592  114.895950496  96.2944869766
33.1  159.80391859  48.9923784558  114.678366267  96.2151845299
33.2  159.523153022  49.4558443097  114.460741795  96.1357450651
33.3  159.242065546  49.9130692404  114.243092247  96.0561706633
33.4  158.960680314  50.3641746823  114.025432866  95.9764634236
33.5  158.679021548  50.8092757816  113.80777896  95.8966254621
33.6  158.397113529  51.248481852  113.590145887  95.8166589111
33.7  158.114980579  51.6818967916  113.372549047  95.7365659187
33.8  157.832647048  52.1096194663  113.15500387  95.6563486479
33.9  157.550137295  52.5317440625  112.937525808  95.576009276
34.0  157.26747568  52.9483604114  112.72013032  95.4955499939
34.1  156.984686546  53.3595542884  112.502832864  95.4149730056
34.2  156.701794205  53.7654076897  112.285648892  95.3342805272
34.3  156.418822927  54.1659990867  112.068593833  95.2534747864
34.4  156.135796923  54.5614036636  111.851683086  95.1725580223
34.5  155.852740339  54.9516935357  111.634932015  95.0915324841
34.6  155.569677235  55.3369379524  111.418355936  95.0104004307
34.7  155.286631579  55.7172034859  111.201970106  94.9291641304
34.8  155.003627235  56.0925542062  110.985789722  94.8478258599
34.9  154.720687946  56.4630518442  110.769829906  94.766387904
35.0  154.437837327  56.8287559431  110.5541057  94.6848525547
35.1  154.155098856  57.189724  110.338632058  94.603222111
35.2  153.872495856  57.5460115972  110.123423836  94.5214988779
35.3  153.590051491  57.8976725255  109.908495787  94.4396851662
35.4  153.307788753  58.2447588989  109.693862554  94.3577832918
35.5  153.025730451  58.5873212619  109.47953866  94.2757955751
35.6  152.743899205  58.9254086894  109.265538503  94.1937243404
35.7  152.462317431  59.2590688812  109.051876351  94.1115719158
35.8  152.181007337  59.5883482492  108.83856633  94.029340632
35.9  151.89999091  59.9132920006  108.625622424  93.9470328223
36.0  151.619289908  60.2339442138  108.413058465  93.8646508219
36.1  151.338925856  60.550347912  108.200888126  93.7821969674
36.2  151.058920029  60.86254513  107.989124917  93.6996735962
36.3  150.779293451  61.1705769785  107.777782182  93.6170830463
36.4  150.500066886  61.4744837037  107.566873087  93.5344276556
36.5  150.221260827  61.7743047435  107.35641062  93.4517097614
36.6  149.942895493  62.0700787801  107.146407582  93.3689317
36.7  149.664990819  62.3618437897  106.936876586  93.2860958062
36.8  149.387566448  62.649637089  106.727830048  93.203204413
36.9  149.11064173  62.9334953792  106.519280186  93.120259851
37.0  148.834235708  63.2134547865  106.311239013  93.0372644478
37.1  148.558367118  63.4895509023  106.10371833  92.9542205279
37.2  148.283054379  63.7618188178  105.896729731  92.8711304123
37.3  148.00831559  64.0302931595  105.690284588  92.7879964176
37.4  147.734168523  64.295008121  105.484394053  92.704820856
37.5  147.460630617  64.5559974935  105.279069056  92.6216060348
37.6  147.187718975  64.813294694  105.074320294  92.538354256
37.7  146.915450358  65.066932792  104.870158237  92.455067816
37.8  146.643841179  65.3169445353  104.666593117  92.3717490048
37.9  146.372907501  65.563362373  104.463634927  92.2884001062
38.0  146.102665033  65.8062184781  104.261293423  92.2050233971
38.1  145.833129124  66.0455447681  104.059578113  92.121621147
38.2  145.564314759  66.2813729252  103.858498261  92.0381956181
38.3  145.296236558  66.5137344133  103.65806288  91.9547490644
38.4  145.028908771  66.7426604973  103.458280734  91.8712837317
38.5  144.762345276  66.9681822571  103.259160333  91.7878018573
38.6  144.496559576  67.1903306041  103.06070993  91.7043056694
38.7  144.231564794  67.4091362947  102.862937522  91.6207973869
38.8  143.967373674  67.6246299439  102.665850847  91.5372792191
38.9  143.703998578  67.8368420371  102.469457382  91.4537533654
39.0  143.441451482  68.045802942  102.273764344  91.370222015
39.1  143.179743978  68.2515429188  102.078778685  91.2866873464
39.2  142.918887268  68.4540921308  101.884507094  91.2031515273
39.3  142.658892167  68.6534806527  101.690955994  91.1196167143
39.4  142.399769098  68.8497384797  101.498131543  91.0360850524
39.5  142.141528096  69.0428955353  101.306039632  90.9525586751
39.6  141.884178802  69.2329816778  101.114685888  90.8690397038
39.7  141.627730467  69.4200267078  100.924075667  90.7855302476
39.8  141.372191948  69.6040603738  100.734214061  90.7020324029
39.9  141.117571713  69.7851123773  100.545105892  90.6185482537
40.0  140.863877836  69.9632123787  100.356755718  90.5350798707
40.1  140.611117999  70.1383900011  100.169167828  90.4516293112
40.2  140.359299497  70.3106748335  99.9823462457  90.3681986191
40.3  140.108429232  70.4800964359  99.7962947295  90.2847898245
40.4  139.858513718  70.6466843417  99.6110167721  90.2014049435
40.5  139.609559082  70.8104680599  99.4265156029  90.1180459779
40.6  139.361571065  70.9714770781  99.2427941877  90.034714915
40.7  139.114555025  71.1297408636  99.059855231  89.9514137276
40.8  138.868515935  71.2852888653  98.8777011766  89.8681443732
40.9  138.623458389  71.4381505154  98.6963342091  89.7849087948
41.0  138.379386604  71.5883552292  98.5157562557  89.7017089194
41.1  138.13630442  71.7359324064  98.335968988  89.6185466592
41.2  137.894215304  71.8809114306  98.1569738235  89.5354239101
41.3  137.653122353  72.0233216698  97.9787719276  89.4523425525
41.4  137.413028299  72.1631924758  97.801364216  89.3693044506
41.5  137.173935505  72.3005531833  97.6247513567  89.2863114525
41.6  136.935845979  72.4354331095  97.4489337722  89.2033653895
41.7  136.698761368  72.5678615524  97.2739116425  89.1204680769
41.8  136.462682968  72.6978677896  97.099684907  89.0376213128
41.9  136.227611722  72.8254810766  96.9262532676  88.9548268786
42.0  135.993548231  72.9507306453  96.7536161914  88.8720865387
42.1  135.760492754  73.0736457011  96.5817729138  88.7894020401
42.2  135.528445211  73.1942554215  96.4107224412  88.7067751127
42.3  135.29740519  73.312588954  96.2404635541  88.6242074688
42.4  135.067371953  73.4286754113  96.0709948109  88.5417008032
42.5  134.838344436  73.5425438711  95.9023145507  88.4592567927
42.6  134.610321259  73.6542233715  95.734420897  88.3768770965
42.7  134.383300727  73.7637429087  95.5673117607  88.2945633558
42.8  134.157280837  73.8711314331  95.4009848446  88.2123171935
42.9  133.932259285  73.9764178468  95.2354376461  88.1301402145
43.0  133.708233468  74.0796309979  95.0706674623  88.0480340054
43.1  133.48520049  74.1807996801  94.9066713921  87.9660001341
43.2  133.263157172  74.2799526262  94.7434463418  87.8840401503
43.3  133.042100051  74.377118505  94.5809890282  87.802155585
43.4  132.822025391  74.4723259177  94.4192959829  87.7203479503
43.5  132.602929189  74.5656033931  94.2583635565  87.6386187397
43.6  132.384807176  74.6569793843  94.0981879228  87.5569694279
43.7  132.167654828  74.7464822633  93.9387650831  87.4754014705
43.8  131.951467371  74.8341403172  93.7800908704  87.3939163041
43.9  131.736239786  74.9199817443  93.622160954  87.3125153462
44.0  131.521966818  75.0040346475  93.4649708441  87.2311999952
44.1  131.308642979  75.0863270325  93.3085158958  87.1499716303
44.2  131.096262557  75.166886801  93.1527913142  87.0688316113
44.3  130.884819622  75.2457417474  92.9977921581  86.9877812787
44.4  130.674308032  75.3229195524  92.8435133461  86.9068219538
44.5  130.464721441  75.3984477799  92.6899496599  86.8259549383
44.6  130.256053303  75.4723538721  92.5370957492  86.7451815143
44.7  130.048296883  75.544665142  92.3849461375  86.6645029447
44.8  129.84144526  75.6154087727  92.2334952251  86.5839204726
44.9  129.635491335  75.6846118087  92.0827372957  86.5034353216
45.0  129.430427839  75.7523011534  91.9326665197  86.4230486958
45.0  129.430427839  75.7523011533  91.9326665197  86.4230486958
45.1  129.226247337  75.8185035626  91.7832769598  86.3427617795
45.2  129.02294224  75.883245641  91.6345625755  86.2625757374
45.3  128.820504805  75.9465538362  91.4865172281  86.1824917145
45.4  128.618927149  76.0084544338  91.3391346852  86.1025108362
45.5  128.418201251  76.0689735527  91.1924086263  86.0226342082
45.6  128.218318959  76.1281371407  91.0463326464  85.9428629163
45.7  128.019272  76.1859709691  90.9009002616  85.8631980269
45.8  127.821051985  76.2425006264  90.7561049142  85.7836405864
45.9  127.623650417  76.2977515163  90.6119399769  85.7041916216
46.0  127.427058694  76.3517488513  90.4683987571  85.6248521396
46.1  127.231268122  76.4045176474  90.3254745032  85.5456231278
46.2  127.036269916  76.4560827195  90.1831604082  85.466505554
46.3  126.842055211  76.5064686786  90.0414496142  85.3875003662
46.4  126.648615067  76.5556999242  89.900335218  85.3086084927
46.5  126.455940474  76.6038006411  89.7598102756  85.2298308424
46.6  126.264022363  76.6507947964  89.6198678058  85.1511683043
46.7  126.072851606  76.6967061318  89.4805007958  85.072621748
46.8  125.882419032  76.7415581613  89.3417022059  84.9941920236
46.9  125.692715423  76.7853741664  89.2034649732  84.9158799615
47.0  125.503731527  76.8281771918  89.0657820165  84.8376863727
47.1  125.315458065  76.8699900406  88.9286462409  84.7596120488
47.2  125.127885733  76.9108352704  88.7920505422  84.6816577619
47.3  124.941005209  76.9507351909  88.6559878103  84.6038242649
47.4  124.754807163  76.9897118561  88.5204509351  84.5261122911
47.5  124.56928226  77.0277870647  88.3854328092  84.4485225548
47.6  124.384421165  77.0649823535  88.2509263329  84.371055751
47.7  124.200214554  77.1013189933  88.1169244186  84.2937125555
47.8  124.016653111  77.1368179884  87.9834199936  84.216493625
47.9  123.833727543  77.1715000693  87.8504060056  84.1393995972
48.0  123.651428582  77.2053856922  87.7178754253  84.0624310909
48.1  123.469746986  77.238495034  87.5858212513  83.9855887057
48.2  123.288673555  77.2708479888  87.4542365135  83.9088730226
48.3  123.108199125  77.3024641669  87.3231142765  83.8322846039
48.4  122.928314579  77.3333628892  87.1924476436  83.7558239928
48.5  122.749010855  77.3635631868  87.0622297604  83.6794917143
48.6  122.570278943  77.3930837953  86.9324538184  83.6032882745
48.7  122.392109898  77.4219431547  86.8031130581  83.5272141613
48.8  122.21449484  77.4501594059  86.6742007726  83.4512698441
48.9  122.03742496  77.4777503883  86.5457103107  83.3754557738
49.0  121.860891525  77.5047336375  86.4176350801  83.2997723833
49.1  121.684885883  77.5311263827  86.2899685512  83.2242200874
49.2  121.509399464  77.556945546  86.1627042588  83.1487992826
49.3  121.334423791  77.582207738  86.0358358069  83.0735103476
49.4  121.159950476  77.6069292596  85.9093568692  82.9983536433
49.5  120.985971232  77.6311260968  85.7832611941  82.9233295127
49.6  120.812477869  77.6548139222  85.657542606  82.8484382812
49.7  120.639462306  77.6780080898  85.5321950093  82.7736802565
49.8  120.466916568  77.7007236392  85.4072123888  82.6990557291
49.9  120.294832792  77.7229752885  85.2825888146  82.6245649719
50.0  120.123203231  77.7447774392  85.158318442  82.5502082406
50.1  119.952020258  77.7661441692  85.0343955167  82.4759857738
50.2  119.781276368  77.7870892366  84.9108143744  82.401897793
50.3  119.610964178  77.8076260802  84.7875694431  82.3279445028
50.4  119.441076436  77.827767813  84.6646552473  82.254126091
50.5  119.27160602  77.8475272283  84.5420664076  82.1804427287
50.6  119.102545942  77.8669167953  84.4197976439  82.1068945703
50.7  118.933889349  77.8859486617  84.2978437763  82.0334817539
50.8  118.765629528  77.9046346525  84.1761997274  81.9602044012
50.9  118.597759906  77.9229862712  84.0548605232  81.8870626175
51.0  118.430274052  77.9410146995  83.9338212951  81.8140564924
51.1  118.263165681  77.9587307974  83.8130772816  81.741186099
51.2  118.096428656  77.9761451055  83.6926238285  81.6684514951
51.3  117.930056987  77.9932678443  83.5724563913  81.5958527223
51.4  117.764044836  78.0101089162  83.4525705355  81.5233898069
51.5  117.598386514  78.0266779073  83.3329619372  81.4510627596
51.6  117.433076489  78.0429840845  83.2136263868  81.3788715758
51.7  117.268109382  78.0590364039  83.0945597854  81.3068162357
51.8  117.10347997  78.0748435054  82.9757581498  81.2348967045
51.9  116.939183186  78.0904137193  82.8572176104  81.1631129324
52.0  116.775214122  78.1057550661  82.7389344127  81.0914648549
52.1  116.611568029  78.1208752567  82.6209049191  81.0199523927
52.2  116.448240315  78.1357816995  82.5031256062  80.948575452
52.3  116.285226552  78.1504814953  82.3855930694  80.8773339249
52.4  116.122522467  78.1649814479  82.2683040185  80.8062276889
52.5  115.960123951  78.1792880602  82.1512552815  80.7352566076
52.6  115.798027055  78.1934075394  82.034443803  80.6644205307
52.7  115.636227991  78.2073457987  81.9178666449  80.5937192941
52.8  115.474723132  78.2211084616  81.8015209855  80.52315272
52.9  115.313509012  78.2347008639  81.6854041201  80.452720617
53.0  115.152582323  78.2481280562  81.5695134605  80.3824227806
53.1  114.991939921  78.2613948068  81.4538465354  80.3122589929
53.2  114.831578818  78.2745056085  81.3384009877  80.242229023
53.3  114.671496187  78.2874646769  81.223174577  80.1723326271
53.4  114.511689359  78.3002759569  81.1081651774  80.1025695487
53.5  114.352155821  78.3129431262  80.9933707769  80.0329395187
53.6  114.192893219  78.3254695974  80.8787894776  79.9634422555
53.7  114.033899354  78.3378585242  80.7644194935  79.8940774653
53.8  113.875172178  78.3501128037  80.6502591508  79.8248448421
53.9  113.7167098  78.3622350803  80.5363068867  79.7557440681
54.0  113.558510481  78.3742277488  80.4225612494  79.6867748134
54.1  113.400572629  78.3860929628  80.3090208942  79.6179367367
54.2  113.242894803  78.3978326355  80.1956845848  79.5492294852
54.3  113.085475711  78.4094484422  80.0825511927  79.4806526945
54.4  112.928314202  78.4209418292  79.9696196937  79.4122059894
54.5  112.771409273  78.4323140166  79.8568891676  79.3438889834
54.6  112.61476006  78.4435660024  79.744358797  79.2757012793
54.7  112.458365842  78.4546985647  79.632027867  79.2076424692
54.8  112.302226031  78.4657122741  79.5198957598  79.1397121346
54.9  112.146340179  78.4766074884  79.4079619587  79.0719098468
55.0  111.990707969  78.487384366  79.2962260413  79.0042351667
55.1  111.835329217  78.4980428654  79.1846876814  78.9366876453
55.2  111.680203864  78.5085827533  79.0733466452  78.8692668237
55.3  111.525331983  78.5190036065  78.9622027913  78.8019722334
55.4  111.370713764  78.5293048217  78.8512560663  78.7348033961
55.5  111.216349521  78.5394856165  78.740506505  78.6677598245
55.6  111.062239689  78.5495450333  78.6299542296  78.6008410217
55.7  110.908384814  78.5594819515  78.5195994432  78.5340464822
55.8  110.754785557  78.5692950855  78.4094424325  78.4673756912
55.9  110.601442688  78.5789829933  78.2994835631  78.4008281256
56.0  110.448357086  78.5885440813  78.1897232785  78.3344032534
56.1  110.295529728  78.5979766116  78.0801620958  78.2681005344
56.2  110.142961698  78.6072787012  77.9708006082  78.2019194204
56.3  109.990654176  78.616448335  77.8616394772  78.1358593549
56.4  109.838608433  78.6254833671  77.7526794336  78.0699197737
56.5  109.686825836  78.6343815256  77.6439212751  78.0041001047
56.6  109.535307835  78.6431404209  77.5353658622  77.9383997686
56.7  109.384055968  78.6517575491  77.4270141171  77.8728181784
56.8  109.233071852  78.6602302966  77.3188670221  77.8073547403
56.9  109.082357185  78.668555948  77.2109256151  77.7420088531
57.0  108.931913734  78.6767316903  77.1031909884  77.6767799091
57.1  108.78174334  78.6847546185  76.9956642855  77.6116672937
57.2  108.63184791  78.6926217418  76.8883466989  77.546670386
57.3  108.482229417  78.7003299839  76.7812394698  77.4817885585
57.4  108.332889888  78.7078761993  76.6743438796  77.4170211777
57.5  108.183831414  78.7152571665  76.5676612542  77.3523676041
57.6  108.035056133  78.7224696007  76.4611929573  77.2878271924
57.7  107.886566233  78.7295101574  76.3549403886  77.2233992916
57.8  107.738363949  78.7363754394  76.2489049804  77.1590832452
57.9  107.590451556  78.7430619968  76.1430881976  77.0948783914
58.0  107.442831369  78.7495663373  76.0374915329  77.0307840633
58.1  107.295505732  78.7558849321  75.9321165026  76.9667995889
58.2  107.148477023  78.762014216  75.8269646481  76.9029242916
58.3  107.001747649  78.7679505958  75.7220375302  76.8391574899
58.4  106.855320033  78.7736904567  75.6173367267  76.775498498
58.5  106.709196622  78.779230164  75.5128638308  76.7119466258
58.6  106.563379877  78.7845660713  75.408620447  76.6485011788
58.7  106.417872271  78.7896945202  75.3046081915  76.585161459
58.8  106.272676281  78.7946118566  75.2008286825  76.5219267642
58.9  106.127794394  78.7993144179  75.0972835485  76.4587963886
59.0  105.983229091  78.8037985563  74.993974414  76.3957696232
59.1  105.838982853  78.8080606316  74.8909029045  76.3328457553
59.2  105.695058155  78.8120970174  74.7880706425  76.2700240695
59.3  105.551457455  78.8159041111  74.685479242  76.207303847
59.4  105.408183203  78.8194783326  74.5831303093  76.1446843664
59.5  105.265237827  78.8228161312  74.4810254387  76.0821649038
59.6  105.122623735  78.82591399  74.3791662101  76.0197447324
59.7  104.980343308  78.8287684295  74.2775541871  75.9574231235
59.8  104.838398897  78.8313760151  74.1761909119  75.895199346
59.9  104.696792823  78.8337333548  74.0750779073  75.8330726669
60.0  104.555527369  78.8358371091  73.9742166703  75.7710423513
60.0  104.555527369  78.8358371091  73.9742166703  75.7710423513
60.1  104.414604781  78.8376839906  73.8736086727  75.7091076626
60.2  104.274027261  78.8392707708  73.7732553564  75.6472678629
60.3  104.13379696  78.840594288  73.6731581291  75.5855222127
60.4  103.993915987  78.8416514391  73.5733183686  75.5238699714
60.5  103.854386395  78.8424391932  73.4737374151  75.4623103973
60.6  103.715210179  78.8429545928  73.3744165697  75.400842748
60.7  103.57638928  78.8431947555  73.2753570938  75.3394662802
60.8  103.437925568  78.8431568827  73.1765602032  75.2781802501
60.9  103.299820861  78.8428382493  73.0780270744  75.2169839136
61.0  103.162076895  78.8422362275  72.9797588299  75.155876526
61.1  103.024695346  78.8413482683  72.8817565495  75.0948573429
61.2  102.887677808  78.8401719244  72.7840212557  75.0339256198
61.3  102.751025805  78.8387048342  72.6865539235  74.9730806123
61.4  102.614740779  78.8369447381  72.5893554702  74.9123215765
61.5  102.478824088  78.8348894776  72.4924267559  74.851647769
61.6  102.343277009  78.8325369951  72.3957685827  74.791058447
61.7  102.208100732  78.8298853381  72.2993816929  74.7305528686
61.8  102.073296358  78.8269326588  72.2032667681  74.6701302926
61.9  101.938864892  78.8236772267  72.1074244215  74.6097899793
62.0  101.804807253  78.8201174134  72.0118552072  74.54953119
62.1  101.671124261  78.8162517102  71.9165596088  74.4893531875
62.2  101.537816637  78.8120787213  71.8215380435  74.429255236
62.3  101.404885005  78.8075971678  71.7267908589  74.3692366016
62.4  101.272329886  78.8028058915  71.6323183313  74.3092965521
62.5  101.140151699  78.7977038516  71.5381206663  74.2494343572
62.6  101.008350761  78.7922901291  71.4441979967  74.1896492889
62.7  100.876927278  78.7865639304  71.3505503795  74.1299406214
62.8  100.74588135  78.7805245844  71.2571777976  74.0703076313
62.9  100.615212973  78.7741715412  71.1640801601  74.0107495975
63.0  100.484922028  78.7675043826  71.071257296  73.951265802
63.1  100.355008285  78.7605228148  70.9787089576  73.8918555293
63.2  100.225471406  78.7532266689  70.8864348207  73.832518067
63.3  100.096310936  78.7456159072  70.7944344802  73.7732527056
63.4  99.9675263099  78.7376906171  70.7027074531  73.7140587389
63.5  99.8391168459  78.7294510164  70.6112531757  73.6549354642
63.6  99.7110817496  78.7208974499  70.5200710048  73.595882182
63.7  99.5834201075  78.7120303953  70.4291602142  73.5368981966
63.8  99.4561308956  78.7028504535  70.3385200004  73.4779828159
63.9  99.3292129722  78.6933583559  70.2481494774  73.4191353519
64.0  99.2026650803  78.6835549619  70.1580476786  73.3603551202
64.1  99.076485845  78.6734412608  70.068213555  73.3016414408
64.2  98.9506737806  78.6630183639  69.9786459798  73.2429936379
64.3  98.8252272768  78.6522875197  69.8893437393  73.1844110399
64.4  98.7001446205  78.6412500887  69.8003055476  73.12589298
64.5  98.575423976  78.6299075657  69.7115300331  73.0674387955
64.6  98.451063397  78.6182615657  69.6230157468  73.0090478289
64.7  98.3270608251  78.6063138256  69.5347611612  72.9507194273
64.8  98.2034140868  78.594066207  69.4467646681  72.8924529428
64.9  98.0801208971  78.5815206921  69.3590245816  72.8342477325
65.0  97.9571788662  78.5686793758  69.2715391421  72.7761031588
65.1  97.8345854899  78.5555444765  69.1843065103  72.7180185893
65.2  97.7123381584  78.5421183256  69.0973247725  72.659993397
65.3  97.5904341554  78.5284033688  69.0105919408  72.6020269604
65.4  97.4688706608  78.5144021627  68.9241059546  72.5441186638
65.5  97.3476447505  78.5001173745  68.8378646806  72.486267897
65.6  97.2267534021  78.4855517763  68.7518659166  72.4284740558
65.7  97.1061934889  78.4707082511  68.6661073874  72.3707365418
65.8  96.9859617933  78.4555897777  68.5805867546  72.3130547627
65.9  96.8660549961  78.4401994431  68.495301608  72.2554281323
66.0  96.7464696899  78.4245404269  68.4102494765  72.1978560709
66.1  96.6272023735  78.4086160078  68.3254278229  72.1403380047
66.2  96.508249458  78.3924295568  68.2408340491  72.0828733668
66.3  96.3896072718  78.3759845318  68.1564654987  72.0254615964
66.4  96.2712720563  78.3592844821  68.072319455  71.9681021397
66.5  96.1532399762  78.3423330369  67.9883931477  71.9107944493
66.6  96.0355071177  78.325133908  67.9046837512  71.853537985
66.7  95.9180694844  78.3076908933  67.8211883828  71.7963322131
66.8  95.8009230258  78.2900078471  67.7379041217  71.7391766071
66.9  95.6840636042  78.2720887148  67.6548279866  71.6820706477
67.0  95.5674870262  78.2539374997  67.5719569572  71.6250138224
67.1  95.4511890395  78.2355582661  67.4892879721  71.5680056263
67.2  95.3351653279  78.2169551451  67.4068179256  71.5110455618
67.3  95.2194115141  78.1981323314  67.3245436694  71.4541331384
67.4  95.1039231832  78.1790940583  67.2424620292  71.3972678734
67.5  94.988695867  78.1598446147  67.1605697936  71.3404492916
67.6  94.8737250426  78.1403883467  67.0788637132  71.2836769254
67.7  94.7590061589  78.1207296291  66.9973405193  71.226950315
67.8  94.6445346238  78.1008728798  66.9159969148  71.1702690082
67.9  94.5303058157  78.0808225474  66.8348295824  71.1136325609
68.0  94.4163150746  78.0605831208  66.7538351781  71.0570405368
68.1  94.3025577246  78.0401591054  66.6730103474  71.0004925077
68.2  94.1890290688  78.0195550291  66.5923517214  70.9439880533
68.3  94.075724387  77.9987754445  66.5118559154  70.8875267616
68.4  93.9626389516  77.9778249128  66.4315195401  70.8311082288
68.5  93.8497680265  77.9567080044  66.3513392005  70.7747320592
68.6  93.737106867  77.9354293003  66.2713114964  70.7183978656
68.7  93.6246507333  77.9139933771  66.1914330313  70.6621052691
68.8  93.512394893  77.8924048053  66.1117004147  70.6058538991
68.9  93.4003346116  77.8706681594  66.032110255  70.5496433938
69.0  93.2884651837  77.8487879852  65.952659182  70.4934733997
69.1  93.1767819026  77.8267688324  65.8733438247  70.437343572
69.2  93.0652800999  77.8046152131  65.7941608398  70.3812535744
69.3  92.9539551236  77.7823316248  65.7151068964  70.3252030795
69.4  92.8428023678  77.7599225203  65.6361786962  70.2691917685
69.5  92.7318172369  77.7373923451  65.5573729492  70.2132193315
69.6  92.6209951992  77.7147454817  65.4786864107  70.1572854674
69.7  92.5103317566  77.6919862816  65.4001158603  70.1013898837
69.8  92.3998224617  77.6691190481  65.321658114  70.0455322973
69.9  92.2894629224  77.6461480314  65.2433100275  69.9897124336
70.0  92.1792488046  77.623077427  65.1650684975  69.9339300273
70.1  92.0691758309  77.5999113764  65.0869304617  69.878184822
70.2  91.9592397971  77.576653951  65.0088929099  69.8224765702
70.3  91.8494365746  77.5533091503  64.9309528856  69.7668050338
70.4  91.7397620992  77.5298809133  64.8531074785  69.7111699836
70.5  91.630212396  77.5063730934  64.7753538417  69.6555711995
70.6  91.5207835678  77.482789471  64.6976891837  69.6000084707
70.7  91.4114718099  77.4591337386  64.6201107789  69.5444815955
70.8  91.3022734179  77.4354094929  64.5426159727  69.4889903815
70.9  91.1931847679  77.4116202562  64.4652021683  69.4335346455
71.0  91.0842023561  77.3877694359  64.3878668539  69.3781142135
71.1  90.9753227672  77.3638603572  64.3106075807  69.3227289208
71.2  90.8665427054  77.3398962322  64.2334219848  69.267378612
71.3  90.7578589907  77.3158801641  64.1563077843  69.2120631409
71.4  90.6492685512  77.2918151552  64.0792627746  69.1567823708
71.5  90.5407684364  77.2677040945  64.0022848369  69.1015361742
71.6  90.4323558372  77.2435497372  63.9253719527  69.0463244328
71.7  90.3240280487  77.2193547435  63.8485221778  68.9911470379
71.8  90.2157825204  77.195121628  63.7717336773  68.93600389
71.9  90.1076168187  77.1708527982  63.6950046993  68.8808948988
72.0  89.9995286626  77.1465505191  63.6183336002  68.8258199836
72.1  89.8968896861  77.1190835494  63.5438782986  68.7707790728
72.2  89.7744382423  77.1099226659  63.4568325745  68.7157721043
72.3  89.6521535935  77.1006038441  63.3699080787  68.6607990253
72.4  89.5300355126  77.0911277142  63.2831046227  68.6058597923
72.5  89.4080837726  77.081494926  63.1964220184  68.550954371
72.6  89.2862981471  77.0717061487  63.1098600784  68.4960827367
72.7  89.1646784096  77.0617620707  63.0234186157  68.4412448735
72.8  89.0432243343  77.0516633998  62.9370974436  68.3864407754
72.9  88.9219356955  77.0414108629  62.8508963761  68.3316704451
73.0  88.8008122679  77.0310052057  62.7648152275  68.2769338949
73.1  88.6798538263  77.0204471932  62.6788538127  68.2222311461
73.2  88.5590601462  77.0097376091  62.5930119471  68.1675622294
73.3  88.438431003  76.9988772558  62.5072894463  68.1129271844
73.4  88.3179661726  76.9878669543  62.4216861266  68.0583260603
73.5  88.1976654313  76.9767075443  62.3362018047  68.0037589149
73.6  88.0775285554  76.9653998839  62.2508362977  67.9492258155
73.7  87.9575553219  76.9539448491  62.1655894233  67.8947268383
73.8  87.8377455078  76.9423433346  62.0804609994  67.8402620684
73.9  87.7180988904  76.9305962527  61.9954508445  67.7858316002
74.0  87.5986152476  76.9187045339  61.9105587776  67.7314355368
74.1  87.4792943573  76.9066691262  61.8257846181  67.6770739904
74.2  87.3601359978  76.8944909955  61.7411281857  67.6227470819
74.3  87.2411399477  76.8821711249  61.6565893006  67.5684549412
74.4  87.122305986  76.8697105151  61.5721677836  67.5141977069
74.5  87.0036338919  76.8571101838  61.4878634558  67.4599755264
74.6  86.8851234448  76.8443711657  61.4036761387  67.4057885558
74.7  86.7667744246  76.8314945126  61.3196056541  67.3516369598
74.8  86.6485866114  76.8184812928  61.2356518247  67.2975209118
74.9  86.5305597856  76.8053325912  61.151814473  67.2434405936
75.0  86.412693728  76.7920495091  61.0680934224  67.1893961956
75.0  86.412693728  76.7920495091  61.0680934224  67.1893961956
75.1  86.2949882195  76.7786331639  60.9844884964  67.1353879166
75.2  86.1774430415  76.7650846892  60.9009995192  67.0814159639
75.3  86.0600579755  76.7514052343  60.8176263152  67.0274805528
75.4  85.9428328035  76.7375959643  60.7343687093  66.9735819072
75.5  85.8257673077  76.7236580595  60.6512265267  66.919720259
75.6  85.7088612706  76.7095927159  60.5681995931  66.8658958481
75.7  85.5921144749  76.6954011442  60.4852877347  66.8121089229
75.8  85.4755267038  76.6810845702  60.4024907778  66.7583597392
75.9  85.3590977407  76.6666442343  60.3198085495  66.7046485612
76.0  85.2428273692  76.6520813915  60.2372408769  66.6509756606
76.1  85.1267153733  76.6373973109  60.1547875878  66.597341317
76.2  85.0107615372  76.6225932758  60.0724485102  66.5437458178
76.3  84.8949656457  76.6076705833  59.9902234725  66.4901894578
76.4  84.7793274834  76.5926305442  59.9081123037  66.4366725393
76.5  84.6638468356  76.5774744825  59.826114833  66.3831953723
76.6  84.5485234877  76.5622037355  59.7442308899  66.3297582739
76.7  84.4333572254  76.5468196536  59.6624603045  66.2763615686
76.8  84.3183478348  76.5313235996  59.5808029071  66.223005588
76.9  84.2034951022  76.5157169491  59.4992585286  66.1696906707
77.0  84.0887988142  76.5000010896  59.417827  66.1164171627
77.1  83.9742587577  76.4841774209  59.3365081528  66.0631854163
77.2  83.8598747199  76.4682473544  59.2553018189  66.0099957911
77.3  83.7456464883  76.4522123129  59.1742078307  65.9568486532
77.4  83.6315738506  76.4360737306  59.0932260206  65.9037443753
77.5  83.5176565949  76.4198330527  59.0123562217  65.8506833366
77.6  83.4038945096  76.403491735  58.9315982673  65.7976659228
77.7  83.2902873832  76.3870512437  58.8509519911  65.7446925258
77.8  83.1768350048  76.3705130553  58.7704172273  65.6917635436
77.9  83.0635371635  76.3538786563  58.6899938101  65.6388793806
78.0  82.9503936489  76.3371495427  58.6096815745  65.5860404469
78.1  82.8374042507  76.32032722  58.5294803556  65.5332471584
78.2  82.7245687589  76.3034132025  58.4493899888  65.4804999371
78.3  82.6118869641  76.2864090135  58.36941031  65.4277992101
78.4  82.4993586567  76.269316185  58.2895411554  65.3751454106
78.5  82.3869836277  76.2521362569  58.2097823615  65.3225389766
78.6  82.2747616684  76.2348707771  58.1301337653  65.2699803519
78.7  82.1626925702  76.2175213012  58.050595204  65.2174699851
78.8  82.0507761249  76.2000893922  57.9711665151  65.1650083299
78.9  81.9390121247  76.1825766199  57.8918475366  65.112595845
79.0  81.8274003617  76.1649845611  57.8126381068  65.0602329937
79.1  81.7159406288  76.1473147987  57.7335380642  65.0079202441
79.2  81.6046327187  76.1295689219  57.6545472478  64.9556580686
79.3  81.4934764247  76.1117485257  57.5756654968  64.9034469442
79.4  81.3824715403  76.0938552104  57.496892651  64.851287352
79.5  81.2716178592  76.0758905815  57.4182285501  64.7991797772
79.6  81.1609151754  76.0578562495  57.3396730345  64.7471247089
79.7  81.0503632833  76.0397538291  57.2612259448  64.6951226403
79.8  80.9399619776  76.0215849393  57.1828871219  64.643174068
79.9  80.829711053  76.0033512029  57.1046564071  64.5912794921
80.0  80.7196103047  75.9850542461  57.0265336418  64.5394394162
80.1  80.6096595282  75.9666956984  56.9485186681  64.4876543473
80.2  80.4998585191  75.948277192  56.8706113282  64.4359247952
80.3  80.3902070736  75.9298003616  56.7928114645  64.3842512727
80.4  80.2807049878  75.9112668438  56.71511892  64.3326342956
80.5  80.1713520584  75.8926782772  56.6375335378  64.2810743821
80.6  80.062148082  75.8740363018  56.5600551614  64.229572053
80.7  79.953092856  75.8553425584  56.4826836346  64.1781278313
80.8  79.8441861775  75.8365986886  56.4054188016  64.1267422422
80.9  79.7354278444  75.8178063344  56.3282605067  64.0754158132
81.0  79.6268176544  75.7989671377  56.2512085947  64.0241490731
81.1  79.5183554059  75.7800827399  56.1742629107  63.9729425528
81.2  79.4100408973  75.7611547817  56.0974232999  63.9217967845
81.3  79.3018739274  75.7421849026  56.0206896081  63.8707123019
81.4  79.1938542952  75.7231747404  55.9440616812  63.8196896398
81.5  79.0859818  75.7041259313  55.8675393654  63.7687293338
81.6  78.9782562414  75.685040109  55.7911225075  63.7178319207
81.7  78.8706774193  75.6659189045  55.7148109541  63.6669979377
81.8  78.7632451337  75.6467639458  55.6386045525  63.6162279226
81.9  78.6559591851  75.6275768573  55.5625031502  63.5655224135
82.0  78.5488193741  75.6083592597  55.4865065948  63.5148819486
82.1  78.4418255017  75.5891127693  55.4106147345  63.464307066
82.2  78.3349773691  75.569838998  55.3348274177  63.4137983037
82.3  78.2282747778  75.5505395524  55.2591444928  63.3633561991
82.4  78.1217175295  75.5312160337  55.183565809  63.3129812893
82.5  78.0153054263  75.5118700373  55.1080912154  63.2626741103
82.6  77.9090382704  75.4925031524  55.0327205614  63.2124351974
82.7  77.8029158644  75.4731169613  54.957453697  63.1622650845
82.8  77.6969380112  75.4537130395  54.8822904722  63.1121643042
82.9  77.5911045138  75.4342929549  54.8072307374  63.0621333879
83.0  77.4854151756  75.4148582674  54.7322743432  63.0121728648
83.1  77.3798698003  75.3954105287  54.6574211406  62.9622832624
83.2  77.2744681917  75.3759512816  54.5826709808  62.9124651061
83.3  77.169210154  75.35648206  54.5080237152  62.8627189189
83.4  77.0640954917  75.337004388  54.4334791957  62.8130452215
83.5  76.9591240095  75.3175197796  54.3590372744  62.7634445315
83.6  76.8542955123  75.2980297387  54.2846978035  62.7139173639
83.7  76.7496098053  75.278535758  54.2104606357  62.6644642305
83.8  76.6450666941  75.259039319  54.1363256238  62.6150856397
83.9  76.5406659845  75.2395418915  54.0622926211  62.5657820965
84.0  76.4364074824  75.2200449331  53.9883614809  62.516554102
84.1  76.3322909941  75.2005498888  53.914532057  62.4674021537
84.2  76.2283163263  75.1810581906  53.8408042033  62.4183267445
84.3  76.1244832858  75.1615712568  53.7671777741  62.3693283632
84.4  76.0207916795  75.142090492  53.6936526239  62.320407494
84.5  75.9172413149  75.1226172864  53.6202286075  62.2715646163
84.6  75.8138319996  75.1031530153  53.5469055798  62.2228002046
84.7  75.7105635415  75.0836990386  53.4736833964  62.1741147279
84.8  75.6074357486  75.0642567008  53.4005619126  62.1255086501
84.9  75.5044484294  75.04482733  53.3275409843  62.0769824293
90.0  70.433956149  74.0955152764  49.7335131308  59.7161876968
105.0  57.4098777018  9041.18776727  40.5098006034  1335.05637369
120.0  46.7941066771  7369.36432904  32.9983377507  1087.52573116
135.0  38.1413183126  6006.68098175  26.8800333225  885.889344649
150.0  31.0885337049  4895.97403596  21.8962193166  721.638034369
165.0  25.3398930787  3990.65005011  17.8364698699  587.840293818
180.0  20.6542446593  3252.73126562  14.52943731  478.849775896
195.0  16.835028511  2651.26246438  11.8355574983  390.067013587
210.0  13.7220309743  2161.01241727  9.64114585174  317.745319613
225.0  11.184663806  1761.41545031  7.85359657861  258.832673924
240.0  9.11648608637  1435.70872791  6.39747393792  210.842926568
255.0  7.43073909097  1170.22906267  5.21132864348  171.750880635
270.0  6.05670681828  953.839753497  4.24510462991  139.9068277
285.0  4.93674949873  777.463408125  3.45802664778  113.966929105
300.0  4.02388564355  633.701152376  2.81687952109  92.8365051449
315.0  3.27982120148  516.522252142  2.29460644598  75.6238389085
330.0  2.67334314805  421.01112797  1.86916717684  61.6025452739
345.0  2.1790101192  343.161149669  1.52260791435  50.1809170098

#SVE monte-carlo points sigmaR (r, sigmaR_med, sigmaR_std)
30.0  168.913210491  0.0
33.4  159.363362198  0.0
36.9  149.326163642  0.0
40.4  139.958073611  0.0
43.9  131.764864643  0.0
47.3  124.927446134  0.0
50.8  118.725696754  0.0
54.3  113.030077693  0.0
57.8  107.674430056  0.0
61.2  102.819631419  0.0
64.7  98.2574047578  0.0
68.2  94.1193674131  0.0
71.7  90.2553836998  0.0
75.1  86.2165190476  0.0
78.6  82.1882631951  0.0
82.1  78.3482177387  0.0
180.0  20.5477264721  0.0

#SVE monte-carlo points sigmaZ (r, sigmaZ_med, sigmaZ_std)
30.3  40.7570062679  0.0
33.8  55.9745927943  0.0
37.3  66.2147785036  0.0
40.8  72.6180610085  0.0
44.3  76.1006495689  0.0
47.7  77.6741366149  0.0
51.2  78.3614328626  0.0
54.7  78.7149388496  0.0
58.2  78.937858864  0.0
61.6  78.9530519573  0.0
65.1  78.6378104314  0.0
68.6  77.9920168528  0.0
72.1  77.1581431265  0.0
75.5  76.7504350807  0.0
79.0  76.1831644768  0.0
82.5  75.5242234069  0.0
240.0  350.242191431  0.0

#SVE monte-carlo points sigmaPhi (r, sigmaPhi_med, sigmaPhi_std)
30.8  118.286020653  0.0
34.3  111.061010122  0.0
37.8  103.934301987  0.0
41.3  97.4520894559  0.0
44.8  91.8560688106  0.0
48.2  87.1814661315  0.0
51.7  82.8995711958  0.0
55.2  78.9342821579  0.0
58.7  75.2056407017  0.0
62.1  71.8454913146  0.0
65.6  68.701290742  0.0
69.1  65.8373190834  0.0
72.6  63.0842276021  0.0
76.0  60.2189291282  0.0
79.5  57.4052827521  0.0
83.0  54.7231261437  0.0
315.0  2.29460644598  0.0
