-10 -10 -0.0396726
-10 -9.5 -0.0321503
-10 -9 -0.0348674
-10 -8.5 -0.0309738
-10 -8 0
-10 -7.5 -0.0391751
-10 -7 -0.0451534
-10 -6.5 -0.0411502
-10 -6 -0.0500129
-10 -5.5 -0.0480978
-10 -5 -0.0457136
-10 -4.5 -0.0497496
-10 -4 -0.0503209
-10 -3.5 -0.062363
-10 -3 -0.0583426
-10 -2.5 -0.0541694
-10 -2 -0.0504879
-10 -1.5 -0.0562232
-10 -1 -0.0530129
-10 -0.5 -0.0510472
-10 0 -0.0563547
-10 0.5 -0.0556203
-10 1 -0.0486929
-10 1.5 -0.0539211
-10 2 -0.0554397
-10 2.5 -0.053334
-10 3 -0.0490823
-10 3.5 -0.0502789
-10 4 -0.0306998
-10 4.5 -0.046716
-10 5 -0.0441698
-10 5.5 -0.0500606
-10 6 -0.0460535
-10 6.5 -0.0463298
-10 7 -0.0385321
-10 7.5 -0.0459491
-10 8 -0.0425825
-10 8.5 -0.0354313
-10 9 -0.0391532
-10 9.5 -0.0457698
-9.5 -10 -0.0381773
-9.5 -9.5 -0.0355003
-9.5 -9 -0.0326864
-9.5 -8.5 -0.0366205
-9.5 -8 -0.0375904
-9.5 -7.5 -0.036072
-9.5 -7 -0.0362518
-9.5 -6.5 -0.0463785
-9.5 -6 -0.0377475
-9.5 -5.5 -0.0477573
-9.5 -5 -0.0494962
-9.5 -4.5 -0.0483392
-9.5 -4 -0.0507686
-9.5 -3.5 -0.04445
-9.5 -3 -0.047291
-9.5 -2.5 -0.0490564
-9.5 -2 -0.0485453
-9.5 -1.5 -0.0525737
-9.5 -1 -0.0524347
-9.5 -0.5 -0.054206
-9.5 0 -0.0430288
-9.5 0.5 -0.0526837
-9.5 1 -0.0502574
-9.5 1.5 -0.0521708
-9.5 2 -0.0468293
-9.5 2.5 -0.0525895
-9.5 3 -0.0487618
-9.5 3.5 -0.0514808
-9.5 4 -0.0512734
-9.5 4.5 -0.0439384
-9.5 5 -0.0440468
-9.5 5.5 -0.0438957
-9.5 6 -0.0478219
-9.5 6.5 -0.0508511
-9.5 7 -0.0390875
-9.5 7.5 -0.0398015
-9.5 8 -0.0345751
-9.5 8.5 -0.0349012
-9.5 9 -0.0365199
-9.5 9.5 -0.0368249
-9 -10 -0.0326578
-9 -9.5 -0.038153
-9 -9 -0.0405894
-9 -8.5 -0.0323796
-9 -8 -0.0377246
-9 -7.5 -0.0404824
-9 -7 -0.0418925
-9 -6.5 -0.0465039
-9 -6 -0.0451263
-9 -5.5 -0.0445028
-9 -5 -0.0473859
-9 -4.5 -0.0414735
-9 -4 -0.0492104
-9 -3.5 -0.0555227
-9 -3 -0.0486737
-9 -2.5 -0.0571483
-9 -2 -0.0566515
-9 -1.5 -0.0531155
-9 -1 -0.0560178
-9 -0.5 -0.0451317
-9 0 -0.0571609
-9 0.5 -0.0542378
-9 1 -0.0525387
-9 1.5 -0.0531687
-9 2 -0.0527955
-9 2.5 -0.0533578
-9 3 -0.0456538
-9 3.5 -0.0460165
-9 4 -0.0497552
-9 4.5 -0.0519061
-9 5 -0.0438072
-9 5.5 -0.0464894
-9 6 -0.0416202
-9 6.5 -0.0477256
-9 7 -0.042078
-9 7.5 -0.0339083
-9 8 -0.0401151
-9 8.5 -0.0285095
-9 9 -0.0384181
-9 9.5 -0.0335467
-8.5 -10 -0.0267344
-8.5 -9.5 -0.0367449
-8.5 -9 -0.0290818
-8.5 -8.5 -0.036521
-8.5 -8 -0.0327362
-8.5 -7.5 -0.0418541
-8.5 -7 -0.0446189
-8.5 -6.5 -0.0408548
-8.5 -6 -0.0476405
-8.5 -5.5 -0.0336723
-8.5 -5 -0.0522507
-8.5 -4.5 -0.0433609
-8.5 -4 -0.056195
-8.5 -3.5 -0.0481483
-8.5 -3 -0.0583449
-8.5 -2.5 -0.0500027
-8.5 -2 -0.0602293
-8.5 -1.5 -0.0511819
-8.5 -1 -0.0572027
-8.5 -0.5 -0.0553193
-8.5 0 -0.0589797
-8.5 0.5 -0.0554446
-8.5 1 -0.0557058
-8.5 1.5 -0.0552537
-8.5 2 -0.0531216
-8.5 2.5 -0.0514805
-8.5 3 -0.0553459
-8.5 3.5 -0.0490365
-8.5 4 -0.0456889
-8.5 4.5 -0.0499285
-8.5 5 -0.0509282
-8.5 5.5 -0.0487026
-8.5 6 -0.0456956
-8.5 6.5 -0.0392363
-8.5 7 -0.0402646
-8.5 7.5 -0.0439182
-8.5 8 -0.0391637
-8.5 8.5 -0.0374821
-8.5 9 -0.0355398
-8.5 9.5 -0.0395925
-8 -10 -0.0368095
-8 -9.5 -0.0272733
-8 -9 -0.0400638
-8 -8.5 -0.041045
-8 -8 -0.0450829
-8 -7.5 -0.0409761
-8 -7 -0.0389539
-8 -6.5 -0.0439019
-8 -6 -0.0474844
-8 -5.5 -0.0475821
-8 -5 -0.0485267
-8 -4.5 -0.0447529
-8 -4 -0.048157
-8 -3.5 -0.0511168
-8 -3 -0.0457152
-8 -2.5 -0.0521222
-8 -2 -0.0550376
-8 -1.5 -0.0532453
-8 -1 -0.0550859
-8 -0.5 -0.046842
-8 0 -0.0566856
-8 0.5 -0.0544553
-8 1 -0.0539125
-8 1.5 -0.0504886
-8 2 -0.0485568
-8 2.5 -0.0474116
-8 3 -0.0484484
-8 3.5 -0.0522859
-8 4 -0.0479784
-8 4.5 -0.032138
-8 5 -0.0403565
-8 5.5 -0.0496944
-8 6 -0.0418193
-8 6.5 -0.0425702
-8 7 -0.0318422
-8 7.5 -0.0321889
-8 8 -0.0337543
-8 8.5 -0.0365675
-8 9 -0.0276143
-8 9.5 -0.0315361
-7.5 -10 -0.0296923
-7.5 -9.5 -0.0333479
-7.5 -9 -0.038416
-7.5 -8.5 -0.0409305
-7.5 -8 -0.0373857
-7.5 -7.5 -0.0374898
-7.5 -7 -0.0412739
-7.5 -6.5 -0.0407207
-7.5 -6 -0.0388282
-7.5 -5.5 -0.0389523
-7.5 -5 -0.0441149
-7.5 -4.5 -0.0460008
-7.5 -4 -0.0443603
-7.5 -3.5 -0.0503686
-7.5 -3 -0.0458096
-7.5 -2.5 -0.0491978
-7.5 -2 -0.0527212
-7.5 -1.5 -0.049191
-7.5 -1 -0.0572455
-7.5 -0.5 -0.0523947
-7.5 0 -0.0556168
-7.5 0.5 -0.0558045
-7.5 1 -0.055988
-7.5 1.5 -0.0535198
-7.5 2 -0.0584255
-7.5 2.5 -0.0502601
-7.5 3 -0.0488054
-7.5 3.5 -0.0390932
-7.5 4 -0.0486934
-7.5 4.5 -0.0422129
-7.5 5 -0.0430812
-7.5 5.5 -0.042548
-7.5 6 -0.036668
-7.5 6.5 -0.042733
-7.5 7 -0.0332992
-7.5 7.5 -0.0344856
-7.5 8 -0.0349715
-7.5 8.5 -0.0367879
-7.5 9 -0.0439622
-7.5 9.5 -0.0377763
-7 -10 -0.0234533
-7 -9.5 -0.0366311
-7 -9 -0.0369005
-7 -8.5 -0.034807
-7 -8 -0.0437924
-7 -7.5 -0.0327684
-7 -7 -0.0388243
-7 -6.5 -0.0368333
-7 -6 -0.0416319
-7 -5.5 -0.0416653
-7 -5 -0.0423635
-7 -4.5 -0.0381307
-7 -4 -0.04822
-7 -3.5 -0.046937
-7 -3 -0.051589
-7 -2.5 -0.0418593
-7 -2 -0.0518084
-7 -1.5 -0.0519102
-7 -1 -0.0489308
-7 -0.5 -0.0546893
-7 0 -0.0510147
-7 0.5 -0.0523649
-7 1 -0.0526711
-7 1.5 -0.0472244
-7 2 -0.0541
-7 2.5 -0.0465956
-7 3 -0.0527524
-7 3.5 -0.0448422
-7 4 -0.0437084
-7 4.5 -0.0449579
-7 5 -0.0447833
-7 5.5 -0.0463982
-7 6 -0.0356216
-7 6.5 -0.0373473
-7 7 -0.0389006
-7 7.5 -0.0340873
-7 8 -0.0396887
-7 8.5 -0.0306657
-7 9 -0.0322253
-7 9.5 -0.0327221
-6.5 -10 -0.0324106
-6.5 -9.5 -0.0255989
-6.5 -9 -0.0304104
-6.5 -8.5 -0.0310224
-6.5 -8 -0.0344012
-6.5 -7.5 -0.037754
-6.5 -7 -0.0358574
-6.5 -6.5 -0.037127
-6.5 -6 -0.034315
-6.5 -5.5 -0.0409696
-6.5 -5 -0.0406533
-6.5 -4.5 -0.0463711
-6.5 -4 -0.0452221
-6.5 -3.5 -0.042635
-6.5 -3 -0.0530684
-6.5 -2.5 -0.0484648
-6.5 -2 -0.0493064
-6.5 -1.5 -0.0534555
-6.5 -1 -0.0578819
-6.5 -0.5 -0.0553434
-6.5 0 -0.0498988
-6.5 0.5 -0.0506131
-6.5 1 -0.0496505
-6.5 1.5 -0.0507304
-6.5 2 -0.0536485
-6.5 2.5 -0.051002
-6.5 3 -0.0507112
-6.5 3.5 -0.0418448
-6.5 4 -0.0435017
-6.5 4.5 -0.0436877
-6.5 5 -0.0395096
-6.5 5.5 -0.0415742
-6.5 6 -0.0445185
-6.5 6.5 -0.0423586
-6.5 7 -0.0335219
-6.5 7.5 -0.0343043
-6.5 8 -0.0347632
-6.5 8.5 -0.0329049
-6.5 9 -0.0321999
-6.5 9.5 -0.0346425
-6 -10 -0.0245076
-6 -9.5 -0.0220253
-6 -9 -0.0283347
-6 -8.5 -0.0308775
-6 -8 -0.0276866
-6 -7.5 -0.0335819
-6 -7 -0.0345767
-6 -6.5 -0.0315536
-6 -6 -0.0396303
-6 -5.5 -0.0349935
-6 -5 -0.0431797
-6 -4.5 -0.0473902
-6 -4 -0.0450165
-6 -3.5 -0.045672
-6 -3 -0.0470061
-6 -2.5 -0.0501675
-6 -2 -0.04503
-6 -1.5 -0.0489158
-6 -1 -0.0493874
-6 -0.5 -0.0513411
-6 0 -0.0518711
-6 0.5 -0.0534622
-6 1 -0.0491477
-6 1.5 -0.0476277
-6 2 -0.0450482
-6 2.5 -0.0457263
-6 3 -0.0483057
-6 3.5 -0.049663
-6 4 -0.0406529
-6 4.5 -0.0409548
-6 5 -0.0404648
-6 5.5 -0.0354188
-6 6 -0.0340716
-6 6.5 -0.0333096
-6 7 -0.0287795
-6 7.5 -0.0302066
-6 8 -0.0281881
-6 8.5 -0.0215525
-6 9 -0.0241203
-6 9.5 -0.0220407
-5.5 -10 -0.0197373
-5.5 -9.5 -0.0237206
-5.5 -9 -0.0314139
-5.5 -8.5 -0.0223915
-5.5 -8 -0.028214
-5.5 -7.5 -0.0365862
-5.5 -7 -0.0317845
-5.5 -6.5 -0.0380825
-5.5 -6 -0.0342989
-5.5 -5.5 -0.0366199
-5.5 -5 -0.0398346
-5.5 -4.5 -0.0392991
-5.5 -4 -0.0390358
-5.5 -3.5 -0.0431289
-5.5 -3 -0.0451228
-5.5 -2.5 -0.0497873
-5.5 -2 -0.046208
-5.5 -1.5 -0.0506115
-5.5 -1 -0.0509781
-5.5 -0.5 -0.0505726
-5.5 0 -0.0536859
-5.5 0.5 -0.052947
-5.5 1 -0.0458292
-5.5 1.5 -0.0448238
-5.5 2 -0.0474758
-5.5 2.5 -0.0459244
-5.5 3 -0.0480024
-5.5 3.5 -0.0446545
-5.5 4 -0.0398135
-5.5 4.5 -0.0382091
-5.5 5 -0.0439487
-5.5 5.5 -0.0404923
-5.5 6 -0.0369226
-5.5 6.5 -0.0283692
-5.5 7 -0.0281685
-5.5 7.5 -0.0284511
-5.5 8 -0.0323043
-5.5 8.5 -0.0305115
-5.5 9 -0.024187
-5.5 9.5 -0.0285703
-5 -10 -0.0204082
-5 -9.5 -0.0190679
-5 -9 -0.0280235
-5 -8.5 -0.0224772
-5 -8 -0.026119
-5 -7.5 -0.0291345
-5 -7 -0.0337988
-5 -6.5 -0.030659
-5 -6 -0.0357545
-5 -5.5 -0.0329282
-5 -5 -0.0374365
-5 -4.5 -0.0381668
-5 -4 -0.0451218
-5 -3.5 -0.0425134
-5 -3 -0.0415052
-5 -2.5 -0.0441857
-5 -2 -0.0453518
-5 -1.5 -0.0484104
-5 -1 -0.0438814
-5 -0.5 -0.052417
-5 0 -0.0510984
-5 0.5 -0.0536589
-5 1 -0.0543585
-5 1.5 -0.0514373
-5 2 -0.0470795
-5 2.5 -0.0417229
-5 3 -0.0410549
-5 3.5 -0.0405948
-5 4 -0.0361051
-5 4.5 -0.0410957
-5 5 -0.031454
-5 5.5 -0.0378877
-5 6 -0.0361626
-5 6.5 -0.0306589
-5 7 -0.0337773
-5 7.5 -0.0230678
-5 8 -0.0297219
-5 8.5 -0.0220751
-5 9 -0.0279439
-5 9.5 -0.0220892
-4.5 -10 -0.0200966
-4.5 -9.5 -0.025199
-4.5 -9 -0.0132332
-4.5 -8.5 -0.0245585
-4.5 -8 -0.021762
-4.5 -7.5 -0.0275148
-4.5 -7 -0.0287639
-4.5 -6.5 -0.0314238
-4.5 -6 -0.0333456
-4.5 -5.5 -0.0362972
-4.5 -5 -0.0351506
-4.5 -4.5 -0.0335833
-4.5 -4 -0.0372012
-4.5 -3.5 -0.0433112
-4.5 -3 -0.0448715
-4.5 -2.5 -0.0467575
-4.5 -2 -0.0463926
-4.5 -1.5 -0.0470597
-4.5 -1 -0.0493412
-4.5 -0.5 -0.0521881
-4.5 0 -0.0509191
-4.5 0.5 -0.0449396
-4.5 1 -0.0503761
-4.5 1.5 -0.0487127
-4.5 2 -0.043825
-4.5 2.5 -0.0373806
-4.5 3 -0.045407
-4.5 3.5 -0.0435339
-4.5 4 -0.0353496
-4.5 4.5 -0.0348784
-4.5 5 -0.0312341
-4.5 5.5 -0.0372688
-4.5 6 -0.0279324
-4.5 6.5 -0.0364469
-4.5 7 -0.0290373
-4.5 7.5 -0.0300067
-4.5 8 -0.0240658
-4.5 8.5 -0.0297515
-4.5 9 -0.0226481
-4.5 9.5 -0.0166234
-4 -10 -0.0225732
-4 -9.5 -0.0179133
-4 -9 -0.0133759
-4 -8.5 -0.018982
-4 -8 -0.0246044
-4 -7.5 -0.0268723
-4 -7 -0.0234112
-4 -6.5 -0.0281162
-4 -6 -0.0295793
-4 -5.5 -0.0285047
-4 -5 -0.029113
-4 -4.5 -0.0326764
-4 -4 -0.0374911
-4 -3.5 -0.0396402
-4 -3 -0.0432998
-4 -2.5 -0.0410121
-4 -2 -0.0427984
-4 -1.5 -0.0464436
-4 -1 -0.0453488
-4 -0.5 -0.042613
-4 0 -0.0476693
-4 0.5 -0.0433801
-4 1 -0.0463263
-4 1.5 -0.0488266
-4 2 -0.0455891
-4 2.5 -0.0415773
-4 3 -0.0380451
-4 3.5 -0.0394599
-4 4 -0.0384178
-4 4.5 -0.0304053
-4 5 -0.0324182
-4 5.5 -0.0308684
-4 6 -0.0300874
-4 6.5 -0.0215025
-4 7 -0.0293863
-4 7.5 -0.0235957
-4 8 -0.0247905
-4 8.5 -0.0195423
-4 9 -0.0191529
-4 9.5 -0.0254263
-3.5 -10 -0.0187483
-3.5 -9.5 -0.021247
-3.5 -9 -0.0211843
-3.5 -8.5 -0.0171004
-3.5 -8 -0.0184811
-3.5 -7.5 -0.0221936
-3.5 -7 -0.0275363
-3.5 -6.5 -0.0258277
-3.5 -6 -0.0264083
-3.5 -5.5 -0.025872
-3.5 -5 -0.0287114
-3.5 -4.5 -0.0291577
-3.5 -4 -0.0321357
-3.5 -3.5 -0.0359871
-3.5 -3 -0.0403553
-3.5 -2.5 -0.0416866
-3.5 -2 -0.042705
-3.5 -1.5 -0.0416664
-3.5 -1 -0.0490552
-3.5 -0.5 -0.0463383
-3.5 0 -0.0467747
-3.5 0.5 -0.0409988
-3.5 1 -0.0449759
-3.5 1.5 -0.0463068
-3.5 2 -0.0422599
-3.5 2.5 -0.0431254
-3.5 3 -0.0357271
-3.5 3.5 -0.034432
-3.5 4 -0.0332611
-3.5 4.5 -0.0290123
-3.5 5 -0.0287486
-3.5 5.5 -0.0251474
-3.5 6 -0.0233549
-3.5 6.5 -0.0237272
-3.5 7 -0.0236851
-3.5 7.5 -0.0163665
-3.5 8 -0.0160699
-3.5 8.5 -0.0141344
-3.5 9 -0.0189086
-3.5 9.5 -0.0199032
-3 -10 -0.0115776
-3 -9.5 -0.00936366
-3 -9 -0.0185344
-3 -8.5 -0.0179805
-3 -8 -0.0195251
-3 -7.5 -0.0173656
-3 -7 -0.0208485
-3 -6.5 -0.0260661
-3 -6 -0.0191339
-3 -5.5 -0.0217355
-3 -5 -0.0290539
-3 -4.5 -0.0250205
-3 -4 -0.0316698
-3 -3.5 -0.0335968
-3 -3 -0.0324524
-3 -2.5 -0.0344893
-3 -2 -0.0344411
-3 -1.5 -0.0458628
-3 -1 -0.0503906
-3 -0.5 -0.0442425
-3 0 -0.0481245
-3 0.5 -0.0449126
-3 1 -0.0426076
-3 1.5 -0.0369413
-3 2 -0.0325189
-3 2.5 -0.0371936
-3 3 -0.0371282
-3 3.5 -0.0328643
-3 4 -0.0242259
-3 4.5 -0.0254619
-3 5 -0.0258164
-3 5.5 -0.0229871
-3 6 -0.0231806
-3 6.5 -0.0244761
-3 7 -0.0183244
-3 7.5 -0.0180459
-3 8 -0.0214086
-3 8.5 -0.0193201
-3 9 -0.0143753
-3 9.5 -0.0163399
-2.5 -10 -0.0116435
-2.5 -9.5 -0.0110535
-2.5 -9 -0.0105195
-2.5 -8.5 -0.0148462
-2.5 -8 -0.0102784
-2.5 -7.5 -0.0187344
-2.5 -7 -0.0196598
-2.5 -6.5 -0.0196894
-2.5 -6 -0.0157297
-2.5 -5.5 -0.0206465
-2.5 -5 -0.025868
-2.5 -4.5 -0.0203908
-2.5 -4 -0.026825
-2.5 -3.5 -0.029564
-2.5 -3 -0.028717
-2.5 -2.5 -0.0326473
-2.5 -2 -0.0367365
-2.5 -1.5 -0.0387461
-2.5 -1 -0.0396894
-2.5 -0.5 -0.0450588
-2.5 0 -0.044457
-2.5 0.5 -0.0391339
-2.5 1 -0.0373353
-2.5 1.5 -0.0369299
-2.5 2 -0.035156
-2.5 2.5 -0.0294839
-2.5 3 -0.0294229
-2.5 3.5 -0.0285756
-2.5 4 -0.0309508
-2.5 4.5 -0.0272102
-2.5 5 -0.024647
-2.5 5.5 -0.0185184
-2.5 6 -0.0181631
-2.5 6.5 -0.0190576
-2.5 7 -0.0159507
-2.5 7.5 -0.020882
-2.5 8 -0.0180257
-2.5 8.5 -0.0146018
-2.5 9 -0.016318
-2.5 9.5 -0.0154772
-2 -10 -0.0110298
-2 -9.5 -0.010679
-2 -9 -0.0112745
-2 -8.5 -0.0140579
-2 -8 -0.0112147
-2 -7.5 -0.0151022
-2 -7 -0.0138541
-2 -6.5 -0.0161894
-2 -6 -0.0204519
-2 -5.5 -0.0192274
-2 -5 -0.0205741
-2 -4.5 -0.0213143
-2 -4 -0.0194544
-2 -3.5 -0.0240234
-2 -3 -0.0242072
-2 -2.5 -0.0300104
-2 -2 -0.0290332
-2 -1.5 -0.0371155
-2 -1 -0.0345817
-2 -0.5 -0.0429257
-2 0 -0.0408167
-2 0.5 -0.0425647
-2 1 -0.0395317
-2 1.5 -0.0367479
-2 2 -0.0349577
-2 2.5 -0.0242441
-2 3 -0.025338
-2 3.5 -0.0241124
-2 4 -0.0207105
-2 4.5 -0.0150753
-2 5 -0.0227239
-2 5.5 -0.0181396
-2 6 -0.0154296
-2 6.5 -0.0100481
-2 7 -0.0189733
-2 7.5 -0.00975052
-2 8 -0.0166517
-2 8.5 -0.0138548
-2 9 -0.0113581
-2 9.5 -0.0143774
-1.5 -10 -0.0140199
-1.5 -9.5 -0.00232126
-1.5 -9 -0.00937274
-1.5 -8.5 -0.00554206
-1.5 -8 -0.0116631
-1.5 -7.5 -0.00845483
-1.5 -7 -0.0115236
-1.5 -6.5 -0.00814943
-1.5 -6 -0.0174326
-1.5 -5.5 -0.012859
-1.5 -5 -0.0179809
-1.5 -4.5 -0.0158772
-1.5 -4 -0.0152411
-1.5 -3.5 -0.0135845
-1.5 -3 -0.0221608
-1.5 -2.5 -0.0168322
-1.5 -2 -0.0258541
-1.5 -1.5 -0.0277055
-1.5 -1 -0.0355132
-1.5 -0.5 -0.0402826
-1.5 0 -0.0418756
-1.5 0.5 -0.0436563
-1.5 1 -0.0373824
-1.5 1.5 -0.0273835
-1.5 2 -0.0190971
-1.5 2.5 -0.0223856
-1.5 3 -0.0203456
-1.5 3.5 -0.0188978
-1.5 4 -0.0163419
-1.5 4.5 -0.0125507
-1.5 5 -0.010667
-1.5 5.5 -0.0107456
-1.5 6 -0.00510797
-1.5 6.5 -0.0128267
-1.5 7 -0.0130258
-1.5 7.5 -0.00855695
-1.5 8 -0.0160553
-1.5 8.5 -0.00569167
-1.5 9 -0.00733594
-1.5 9.5 -0.00828797
-1 -10 -0.00506999
-1 -9.5 -0.00985813
-1 -9 -0.00346887
-1 -8.5 0.00174001
-1 -8 -0.000413561
-1 -7.5 -0.0046804
-1 -7 -0.0035985
-1 -6.5 -0.00983982
-1 -6 -0.00753656
-1 -5.5 -0.00964187
-1 -5 -0.0139769
-1 -4.5 -0.0108956
-1 -4 -0.0142031
-1 -3.5 -0.012669
-1 -3 -0.0137858
-1 -2.5 -0.0175539
-1 -2 -0.0211294
-1 -1.5 -0.0232831
-1 -1 -0.0237077
-1 -0.5 -0.0376944
-1 0 -0.0388266
-1 0.5 -0.0316649
-1 1 -0.0274216
-1 1.5 -0.0221077
-1 2 -0.0173112
-1 2.5 -0.0119259
-1 3 -0.0119361
-1 3.5 -0.0088706
-1 4 -0.00915264
-1 4.5 -0.0133679
-1 5 -0.0163064
-1 5.5 -0.0110782
-1 6 -0.0071937
-1 6.5 -0.00803994
-1 7 -0.00853893
-1 7.5 -0.00434608
-1 8 -0.00700376
-1 8.5 -0.00424775
-1 9 -0.00532803
-1 9.5 -0.0060614
-0.5 -10 -0.00656708
-0.5 -9.5 0.00103252
-0.5 -9 0.000204943
-0.5 -8.5 -0.0041444
-0.5 -8 -0.00755691
-0.5 -7.5 0.000482103
-0.5 -7 -0.000950537
-0.5 -6.5 -0.00405265
-0.5 -6 -0.00577818
-0.5 -5.5 -0.00715149
-0.5 -5 -0.00256614
-0.5 -4.5 -0.00647658
-0.5 -4 -0.011769
-0.5 -3.5 -0.00264781
-0.5 -3 -0.00816419
-0.5 -2.5 -0.0135139
-0.5 -2 -0.0022398
-0.5 -1.5 -0.00811918
-0.5 -1 -0.0124476
-0.5 -0.5 -0.0286242
-0.5 0 -0.0425939
-0.5 0.5 -0.0299869
-0.5 1 -0.0212024
-0.5 1.5 -0.00796009
-0.5 2 -0.0125419
-0.5 2.5 -0.0103641
-0.5 3 -0.0108689
-0.5 3.5 -0.0022639
-0.5 4 -0.00768269
-0.5 4.5 -0.00826029
-0.5 5 -0.00658433
-0.5 5.5 -0.00505684
-0.5 6 -0.00442354
-0.5 6.5 -0.0122134
-0.5 7 -0.000402499
-0.5 7.5 -0.00697648
-0.5 8 -0.00419294
-0.5 8.5 3.28926e-06
-0.5 9 0.00108796
-0.5 9.5 -0.000161537
0 -10 0.00552729
0 -9.5 0.000708001
0 -9 -0.00110737
0 -8.5 0.000780255
0 -8 0.00329359
0 -7.5 -0.000780406
0 -7 0.000729882
0 -6.5 -0.000998744
0 -6 -0.00198649
0 -5.5 -0.00042952
0 -5 0.000947436
0 -4.5 0.00185126
0 -4 -0.00090401
0 -3.5 -0.00162726
0 -3 0.000592895
0 -2.5 0.00152741
0 -2 -0.00111391
0 -1.5 -0.00390708
0 -1 0.00043521
0 -0.5 -0.00372581
0 0 0.00170115
0 0.5 -0.0037023
0 1 0.0022126
0 1.5 0.00183346
0 2 0.00288429
0 2.5 0.00196332
0 3 0.00177736
0 3.5 -0.00202878
0 4 -0.00116663
0 4.5 -0.00322265
0 5 -0.00356307
0 5.5 0.00293204
0 6 -0.00217571
0 6.5 -0.00309918
0 7 -0.0037736
0 7.5 -0.00448114
0 8 -0.00290442
0 8.5 -0.00219712
0 9 -0.000537078
0 9.5 0.00722688
0.5 -10 -0.00737565
0.5 -9.5 0.00520993
0.5 -9 0.00209115
0.5 -8.5 0.00126477
0.5 -8 0.00420185
0.5 -7.5 0.00191733
0.5 -7 0.00135364
0.5 -6.5 0.00425078
0.5 -6 0.00184271
0.5 -5.5 0.00606569
0.5 -5 0.00365688
0.5 -4.5 0.00519416
0.5 -4 0.0102402
0.5 -3.5 0.00532144
0.5 -3 0.00829803
0.5 -2.5 0.00854671
0.5 -2 0.00675304
0.5 -1.5 0.014573
0.5 -1 0.0169408
0.5 -0.5 0.0256262
0.5 0 0.0310317
0.5 0.5 0.029073
0.5 1 0.0150191
0.5 1.5 0.0122205
0.5 2 0.0132009
0.5 2.5 0.00942953
0.5 3 0.00899541
0.5 3.5 0.00733485
0.5 4 0.00878602
0.5 4.5 0.00709863
0.5 5 0.00669937
0.5 5.5 0.00105818
0.5 6 0.00111406
0.5 6.5 0.00191078
0.5 7 -0.000413909
0.5 7.5 0.0086122
0.5 8 0.00360224
0.5 8.5 0.0125049
0.5 9 0.00797175
0.5 9.5 0.0048017
1 -10 0.00641938
1 -9.5 0.00463735
1 -9 0.00332916
1 -8.5 0.000234747
1 -8 0.00088028
1 -7.5 0.00644696
1 -7 0.00826978
1 -6.5 0.00671927
1 -6 0.00662846
1 -5.5 0.0108964
1 -5 0.0104381
1 -4.5 0.0105785
1 -4 0.0137086
1 -3.5 0.0150642
1 -3 0.0138509
1 -2.5 0.0147806
1 -2 0.0154476
1 -1.5 0.0268156
1 -1 0.0282769
1 -0.5 0.0318746
1 0 0.0357052
1 0.5 0.0353272
1 1 0.0270855
1 1.5 0.0178438
1 2 0.0209371
1 2.5 0.0186813
1 3 0.0125867
1 3.5 0.012991
1 4 0.00888649
1 4.5 0.0119807
1 5 0.00307954
1 5.5 0.00542026
1 6 0.00836136
1 6.5 0.00610262
1 7 0.00828553
1 7.5 0.00908852
1 8 0.00632404
1 8.5 0.00153074
1 9 0.00451773
1 9.5 0.0058791
1.5 -10 0.0143339
1.5 -9.5 0.00972744
1.5 -9 0.00714344
1.5 -8.5 0.0146927
1.5 -8 0.00670215
1.5 -7.5 0.0144528
1.5 -7 0.0108826
1.5 -6.5 0.0119209
1.5 -6 0.0107572
1.5 -5.5 0.00872886
1.5 -5 0.0136756
1.5 -4.5 0.0162433
1.5 -4 0.0198823
1.5 -3.5 0.0246948
1.5 -3 0.0255149
1.5 -2.5 0.0201254
1.5 -2 0.0249212
1.5 -1.5 0.0313766
1.5 -1 0.0378386
1.5 -0.5 0.0357759
1.5 0 0.0379939
1.5 0.5 0.039351
1.5 1 0.0305273
1.5 1.5 0.0303926
1.5 2 0.0294365
1.5 2.5 0.0229306
1.5 3 0.0248114
1.5 3.5 0.0151044
1.5 4 0.0111339
1.5 4.5 0.017056
1.5 5 0.0153588
1.5 5.5 0.0091309
1.5 6 0.00784019
1.5 6.5 0.00859413
1.5 7 0.00805258
1.5 7.5 0.0103601
1.5 8 0.00378325
1.5 8.5 0.00938749
1.5 9 0.00507299
1.5 9.5 0.0120004
2 -10 0.00799486
2 -9.5 0.0118849
2 -9 0.00774605
2 -8.5 -0.000994043
2 -8 0.0119489
2 -7.5 0.0130403
2 -7 0.0149561
2 -6.5 0.01838
2 -6 0.0163789
2 -5.5 0.0217601
2 -5 0.01615
2 -4.5 0.0195413
2 -4 0.0188046
2 -3.5 0.0241519
2 -3 0.0285526
2 -2.5 0.0313523
2 -2 0.0277342
2 -1.5 0.0324495
2 -1 0.0397294
2 -0.5 0.0387617
2 0 0.042735
2 0.5 0.0417151
2 1 0.0350013
2 1.5 0.0334473
2 2 0.0329462
2 2.5 0.0265216
2 3 0.0296079
2 3.5 0.0227001
2 4 0.0225791
2 4.5 0.0181109
2 5 0.0197783
2 5.5 0.0151046
2 6 0.0147319
2 6.5 0.0137307
2 7 0.0112643
2 7.5 0.00817657
2 8 0.0132007
2 8.5 0.0101777
2 9 0.0132209
2 9.5 0.0107277
2.5 -10 0.0140413
2.5 -9.5 0.0144879
2.5 -9 0.0102927
2.5 -8.5 0.0134837
2.5 -8 0.0189127
2.5 -7.5 0.0208375
2.5 -7 0.0182202
2.5 -6.5 0.020292
2.5 -6 0.0180446
2.5 -5.5 0.0259808
2.5 -5 0.0218635
2.5 -4.5 0.028968
2.5 -4 0.015703
2.5 -3.5 0.022802
2.5 -3 0.03062
2.5 -2.5 0.03422
2.5 -2 0.0357323
2.5 -1.5 0.0412866
2.5 -1 0.0436281
2.5 -0.5 0.0464196
2.5 0 0.0430163
2.5 0.5 0.0432853
2.5 1 0.0393144
2.5 1.5 0.0388893
2.5 2 0.0356594
2.5 2.5 0.0303186
2.5 3 0.0307333
2.5 3.5 0.0284642
2.5 4 0.0238215
2.5 4.5 0.0226907
2.5 5 0.0235205
2.5 5.5 0.0201365
2.5 6 0.0199739
2.5 6.5 0.0197383
2.5 7 0.0114926
2.5 7.5 0.0227173
2.5 8 0.0184092
2.5 8.5 0.0200639
2.5 9 0.0179452
2.5 9.5 0.0106926
3 -10 0.0201382
3 -9.5 0.0209437
3 -9 0.0180638
3 -8.5 0.0136617
3 -8 0.017159
3 -7.5 0.0217207
3 -7 0.0246137
3 -6.5 0.0179872
3 -6 0.0242182
3 -5.5 0.027311
3 -5 0.0289575
3 -4.5 0.0208971
3 -4 0.0314233
3 -3.5 0.033026
3 -3 0.0324093
3 -2.5 0.0382711
3 -2 0.0404907
3 -1.5 0.04064
3 -1 0.0451521
3 -0.5 0.0444021
3 0 0.0421499
3 0.5 0.0470554
3 1 0.045077
3 1.5 0.0413711
3 2 0.0389666
3 2.5 0.0386267
3 3 0.0393999
3 3.5 0.0288311
3 4 0.0305659
3 4.5 0.025157
3 5 0.0217614
3 5.5 0.0270544
3 6 0.0228098
3 6.5 0.0250198
3 7 0.0177284
3 7.5 0.0205574
3 8 0.0212661
3 8.5 0.0135235
3 9 0.0108597
3 9.5 0.0211566
3.5 -10 0.0126743
3.5 -9.5 0.0109273
3.5 -9 0.019983
3.5 -8.5 0.0210364
3.5 -8 0.019872
3.5 -7.5 0.0298271
3.5 -7 0.0202543
3.5 -6.5 0.0245662
3.5 -6 0.0295305
3.5 -5.5 0.0303287
3.5 -5 0.0304376
3.5 -4.5 0.0272715
3.5 -4 0.0327946
3.5 -3.5 0.038433
3.5 -3 0.0345413
3.5 -2.5 0.0369758
3.5 -2 0.0389865
3.5 -1.5 0.046134
3.5 -1 0.0459847
3.5 -0.5 0.0465707
3.5 0 0.0483859
3.5 0.5 0.0434619
3.5 1 0.0412429
3.5 1.5 0.0476118
3.5 2 0.0394902
3.5 2.5 0.0370511
3.5 3 0.0417469
3.5 3.5 0.0313563
3.5 4 0.0329315
3.5 4.5 0.0246279
3.5 5 0.0279239
3.5 5.5 0.0280773
3.5 6 0.0253105
3.5 6.5 0.0266133
3.5 7 0.0208346
3.5 7.5 0.0225232
3.5 8 0.0190822
3.5 8.5 0.0178836
3.5 9 0.0168731
3.5 9.5 0.0181236
4 -10 0.019682
4 -9.5 0.0222849
4 -9 0.0206335
4 -8.5 0.0221553
4 -8 0.0192371
4 -7.5 0.0270152
4 -7 0.0250487
4 -6.5 0.0288224
4 -6 0.0295765
4 -5.5 0.031698
4 -5 0.0369594
4 -4.5 0.038788
4 -4 0.0385814
4 -3.5 0.0394905
4 -3 0.039064
4 -2.5 0.0427581
4 -2 0.0459192
4 -1.5 0.0426023
4 -1 0.0451832
4 -0.5 0.0505558
4 0 0.0468337
4 0.5 0.0462066
4 1 0.0435543
4 1.5 0.0408154
4 2 0.0480101
4 2.5 0.0410882
4 3 0.0383049
4 3.5 0.0388753
4 4 0.0357607
4 4.5 0.037542
4 5 0.0325189
4 5.5 0.0294329
4 6 0.0319464
4 6.5 0.0288088
4 7 0.0307314
4 7.5 0.0239574
4 8 0.0230266
4 8.5 0.0174169
4 9 0.0146627
4 9.5 0.0236156
4.5 -10 0.023454
4.5 -9.5 0.024196
4.5 -9 0.0232906
4.5 -8.5 0.0194416
4.5 -8 0.0251421
4.5 -7.5 0.0295119
4.5 -7 0.0316256
4.5 -6.5 0.0319868
4.5 -6 0.039479
4.5 -5.5 0.02633
4.5 -5 0.0413549
4.5 -4.5 0.036448
4.5 -4 0.0421443
4.5 -3.5 0.0406763
4.5 -3 0.0392016
4.5 -2.5 0.045169
4.5 -2 0.0451698
4.5 -1.5 0.037769
4.5 -1 0.050016
4.5 -0.5 0.0514993
4.5 0 0.0457537
4.5 0.5 0.0477894
4.5 1 0.0479056
4.5 1.5 0.0486843
4.5 2 0.0459956
4.5 2.5 0.0411097
4.5 3 0.0412582
4.5 3.5 0.0394316
4.5 4 0.0373196
4.5 4.5 0.0374776
4.5 5 0.031397
4.5 5.5 0.036196
4.5 6 0.0294582
4.5 6.5 0.0280461
4.5 7 0.0211065
4.5 7.5 0.028133
4.5 8 0.0279264
4.5 8.5 0.0257005
4.5 9 0.0257787
4.5 9.5 0.0222888
5 -10 0.02828
5 -9.5 0.0226808
5 -9 0.0329078
5 -8.5 0.0243113
5 -8 0.0279791
5 -7.5 0.0290057
5 -7 0.0261497
5 -6.5 0.0294073
5 -6 0.032515
5 -5.5 0.030654
5 -5 0.0412949
5 -4.5 0.0376385
5 -4 0.0436294
5 -3.5 0.0410402
5 -3 0.0393698
5 -2.5 0.0399709
5 -2 0.0428115
5 -1.5 0.0446472
5 -1 0.0476963
5 -0.5 0.0533164
5 0 0.0504093
5 0.5 0.0524843
5 1 0.0489469
5 1.5 0.0481087
5 2 0.0470352
5 2.5 0.0453453
5 3 0.0479505
5 3.5 0.0399321
5 4 0.0440973
5 4.5 0.0384516
5 5 0.0362636
5 5.5 0.0376352
5 6 0.0355374
5 6.5 0.0309546
5 7 0.032648
5 7.5 0.0294243
5 8 0.0202751
5 8.5 0.0259896
5 9 0.0290758
5 9.5 0.0205191
5.5 -10 0.0208151
5.5 -9.5 0.0217688
5.5 -9 0.0343733
5.5 -8.5 0.0299897
5.5 -8 0.0282402
5.5 -7.5 0.0342808
5.5 -7 0.0345627
5.5 -6.5 0.034755
5.5 -6 0.0309937
5.5 -5.5 0.037747
5.5 -5 0.0454259
5.5 -4.5 0.051594
5.5 -4 0.042553
5.5 -3.5 0.0480294
5.5 -3 0.0446174
5.5 -2.5 0.0473186
5.5 -2 0.0483381
5.5 -1.5 0.0456751
5.5 -1 0.0465879
5.5 -0.5 0.0522341
5.5 0 0.0496368
5.5 0.5 0.0509673
5.5 1 0.0494058
5.5 1.5 0.0527091
5.5 2 0.0474208
5.5 2.5 0.044474
5.5 3 0.0477788
5.5 3.5 0.0422243
5.5 4 0.0432597
5.5 4.5 0.0390613
5.5 5 0.0406452
5.5 5.5 0.0383751
5.5 6 0.0355301
5.5 6.5 0.0349741
5.5 7 0.0366171
5.5 7.5 0.0271669
5.5 8 0.031596
5.5 8.5 0.0259233
5.5 9 0.0189083
5.5 9.5 0.0275216
6 -10 0.0196457
6 -9.5 0.0235106
6 -9 0.027493
6 -8.5 0.0261043
6 -8 0.0299409
6 -7.5 0.0354862
6 -7 0.0330275
6 -6.5 0.0332855
6 -6 0.0349841
6 -5.5 0.0370816
6 -5 0.0411639
6 -4.5 0.0428515
6 -4 0.0461802
6 -3.5 0.0510899
6 -3 0.0508155
6 -2.5 0.0427262
6 -2 0.0494939
6 -1.5 0.0491369
6 -1 0.04776
6 -0.5 0.0544225
6 0 0.0492548
6 0.5 0.0531602
6 1 0.0584791
6 1.5 0.0572642
6 2 0.0493285
6 2.5 0.0538139
6 3 0.0457368
6 3.5 0.045406
6 4 0.0403011
6 4.5 0.0419114
6 5 0.039587
6 5.5 0.0410624
6 6 0.0395891
6 6.5 0.0370278
6 7 0.0365622
6 7.5 0.0394232
6 8 0.0352766
6 8.5 0.0280576
6 9 0.0338658
6 9.5 0.0254515
6.5 -10 0.0176009
6.5 -9.5 0.0271397
6.5 -9 0.0310838
6.5 -8.5 0.0332073
6.5 -8 0.0288481
6.5 -7.5 0.0351008
6.5 -7 0.0348845
6.5 -6.5 0.0357583
6.5 -6 0.0411833
6.5 -5.5 0.0398497
6.5 -5 0.0436531
6.5 -4.5 0.0482223
6.5 -4 0.046535
6.5 -3.5 0.0455192
6.5 -3 0.0470408
6.5 -2.5 0.0474776
6.5 -2 0.0486206
6.5 -1.5 0.0533333
6.5 -1 0.0551394
6.5 -0.5 0.0479319
6.5 0 0.0530797
6.5 0.5 0.0484045
6.5 1 0.0606315
6.5 1.5 0.0479993
6.5 2 0.0560612
6.5 2.5 0.0439911
6.5 3 0.0446155
6.5 3.5 0.0509653
6.5 4 0.0488818
6.5 4.5 0.0451122
6.5 5 0.0391403
6.5 5.5 0.0397828
6.5 6 0.039629
6.5 6.5 0.0401284
6.5 7 0.038615
6.5 7.5 0.0363252
6.5 8 0.0305805
6.5 8.5 0.0338765
6.5 9 0.0348596
6.5 9.5 0.0217395
7 -10 0.0220626
7 -9.5 0.0388543
7 -9 0.0283566
7 -8.5 0.0420687
7 -8 0.035065
7 -7.5 0.0345116
7 -7 0.0335277
7 -6.5 0.0406929
7 -6 0.0388327
7 -5.5 0.0457164
7 -5 0.0440348
7 -4.5 0.0452721
7 -4 0.039894
7 -3.5 0.0474374
7 -3 0.0599398
7 -2.5 0.0519401
7 -2 0.0534869
7 -1.5 0.0506294
7 -1 0.054563
7 -0.5 0.0523642
7 0 0.0490024
7 0.5 0.0617439
7 1 0.047691
7 1.5 0.0569277
7 2 0.0550139
7 2.5 0.0498988
7 3 0.0470818
7 3.5 0.0446031
7 4 0.0542373
7 4.5 0.0462967
7 5 0.0483783
7 5.5 0.045294
7 6 0.0364984
7 6.5 0.0426889
7 7 0.0376159
7 7.5 0.0352272
7 8 0.029258
7 8.5 0.0389899
7 9 0.0361992
7 9.5 0.0244054
7.5 -10 0.0392367
7.5 -9.5 0.0296256
7.5 -9 0.0240198
7.5 -8.5 0.0326387
7.5 -8 0.0375761
7.5 -7.5 0.0439216
7.5 -7 0.033091
7.5 -6.5 0.0401423
7.5 -6 0.0404475
7.5 -5.5 0.0420425
7.5 -5 0.0457286
7.5 -4.5 0.0464807
7.5 -4 0.0472465
7.5 -3.5 0.0506977
7.5 -3 0.0452827
7.5 -2.5 0.0499215
7.5 -2 0.0492527
7.5 -1.5 0.0526611
7.5 -1 0.0592294
7.5 -0.5 0.0557658
7.5 0 0.0570948
7.5 0.5 0.0522315
7.5 1 0.0518084
7.5 1.5 0.0534137
7.5 2 0.052003
7.5 2.5 0.0506124
7.5 3 0.0527747
7.5 3.5 0.0559663
7.5 4 0.0435109
7.5 4.5 0.0449454
7.5 5 0.0463212
7.5 5.5 0.0469818
7.5 6 0.0444468
7.5 6.5 0.042172
7.5 7 0.0327957
7.5 7.5 0.0364922
7.5 8 0.0389623
7.5 8.5 0.0359052
7.5 9 0.0306428
7.5 9.5 0.0345696
8 -10 0.0345768
8 -9.5 0.0430863
8 -9 0.0281688
8 -8.5 0.0414209
8 -8 0.040636
8 -7.5 0.040533
8 -7 0.0331506
8 -6.5 0.036993
8 -6 0.044734
8 -5.5 0.0429202
8 -5 0.043222
8 -4.5 0.0555168
8 -4 0.041432
8 -3.5 0.0471835
8 -3 0.0475227
8 -2.5 0.0509258
8 -2 0.0535894
8 -1.5 0.054059
8 -1 0.0505888
8 -0.5 0.0531006
8 0 0.0529603
8 0.5 0.0563303
8 1 0.0495974
8 1.5 0.0555303
8 2 0.0544137
8 2.5 0.0528244
8 3 0.053459
8 3.5 0.05601
8 4 0.0468178
8 4.5 0.0494701
8 5 0.0416111
8 5.5 0.0418943
8 6 0.0495072
8 6.5 0.0428375
8 7 0.0354024
8 7.5 0.0392058
8 8 0.0389488
8 8.5 0.0322583
8 9 0
8 9.5 0.0348561
8.5 -10 0.0412639
8.5 -9.5 0.0352944
8.5 -9 0.034389
8.5 -8.5 0.0413313
8.5 -8 0.0330886
8.5 -7.5 0.0374452
8.5 -7 0.0425161
8.5 -6.5 0.0467622
8.5 -6 0.0492055
8.5 -5.5 0.0432083
8.5 -5 0.0431435
8.5 -4.5 0.0413697
8.5 -4 0.0494427
8.5 -3.5 0.0466519
8.5 -3 0.0501613
8.5 -2.5 0.0510193
8.5 -2 0.052978
8.5 -1.5 0.0519642
8.5 -1 0.056748
8.5 -0.5 0.049018
8.5 0 0.0526275
8.5 0.5 0.0569864
8.5 1 0.0585901
8.5 1.5 0.0512858
8.5 2 0.0464878
8.5 2.5 0.0606398
8.5 3 0.0547627
8.5 3.5 0.0517874
8.5 4 0.0466403
8.5 4.5 0.045369
8.5 5 0.0412694
8.5 5.5 0.049152
8.5 6 0.0412157
8.5 6.5 0.0406728
8.5 7 0.0472831
8.5 7.5 0.0416472
8.5 8 0.0486182
8.5 8.5 0.0426913
8.5 9 0.043142
8.5 9.5 0.038193
9 -10 0.0368792
9 -9.5 0.0400952
9 -9 0.0298217
9 -8.5 0.0452262
9 -8 0.047785
9 -7.5 0.0372787
9 -7 0.0375572
9 -6.5 0.0435007
9 -6 0.0406897
9 -5.5 0.0405803
9 -5 0.0439062
9 -4.5 0.0449823
9 -4 0.0439195
9 -3.5 0.0468487
9 -3 0.0478036
9 -2.5 0.0488425
9 -2 0.0522853
9 -1.5 0.0474356
9 -1 0.0513299
9 -0.5 0.0540361
9 0 0.0532989
9 0.5 0.0529894
9 1 0.0589386
9 1.5 0.0580925
9 2 0.0534088
9 2.5 0.0495866
9 3 0.0519767
9 3.5 0.051016
9 4 0.0554636
9 4.5 0.0517992
9 5 0.0477004
9 5.5 0.041316
9 6 0.0415075
9 6.5 0.0441162
9 7 0.039993
9 7.5 0.0405665
9 8 0.0464601
9 8.5 0.0387679
9 9 0.0374775
9 9.5 0.0358747
9.5 -10 0.038542
9.5 -9.5 0.0359502
9.5 -9 0.040919
9.5 -8.5 0.0393941
9.5 -8 0.0428619
9.5 -7.5 0.0404012
9.5 -7 0.0462195
9.5 -6.5 0.0437416
9.5 -6 0.0493072
9.5 -5.5 0.04277
9.5 -5 0.0482088
9.5 -4.5 0.0528147
9.5 -4 0.0480911
9.5 -3.5 0.0512197
9.5 -3 0.0512812
9.5 -2.5 0.0558756
9.5 -2 0.048097
9.5 -1.5 0.0603041
9.5 -1 0.0557463
9.5 -0.5 0.0563039
9.5 0 0.0528319
9.5 0.5 0.0550664
9.5 1 0.0562789
9.5 1.5 0.0596551
9.5 2 0.0518023
9.5 2.5 0.0514139
9.5 3 0.0488455
9.5 3.5 0.049232
9.5 4 0.0486464
9.5 4.5 0.0506136
9.5 5 0.049772
9.5 5.5 0.0418129
9.5 6 0.0435499
9.5 6.5 0.0445576
9.5 7 0.0374105
9.5 7.5 0.046391
9.5 8 0.0353805
9.5 8.5 0.0470784
9.5 9 0.0388854
9.5 9.5 0.0324954
