-10 -10 0
-10 -9.5 0
-10 -9 0
-10 -8.5 0.00247429
-10 -8 0
-10 -7.5 0.00446673
-10 -7 0.00701738
-10 -6.5 0.00529016
-10 -6 0.00670929
-10 -5.5 0.00723552
-10 -5 0.00751369
-10 -4.5 0.00953748
-10 -4 0.010025
-10 -3.5 0.00632958
-10 -3 0.00740557
-10 -2.5 0.0111412
-10 -2 0.0100782
-10 -1.5 0.00899389
-10 -1 0.0104397
-10 -0.5 0.0126593
-10 0 0.0101675
-10 0.5 0.0136085
-10 1 0.011642
-10 1.5 0.0091779
-10 2 0.00922202
-10 2.5 0.00926451
-10 3 0.00993843
-10 3.5 0.0146722
-10 4 0.00285879
-10 4.5 0.00874727
-10 5 0.0102459
-10 5.5 0.0118096
-10 6 0.00930027
-10 6.5 0.0092171
-10 7 0.00603017
-10 7.5 0.00885267
-10 8 0.00490414
-10 8.5 0.00791011
-10 9 0.00183042
-10 9.5 0.00212183
-9.5 -10 0.00174105
-9.5 -9.5 0.00892256
-9.5 -9 0.0108732
-9.5 -8.5 0.00567482
-9.5 -8 0.00427808
-9.5 -7.5 0.00184547
-9.5 -7 0.00564534
-9.5 -6.5 0.00582132
-9.5 -6 0.0167851
-9.5 -5.5 0.00646855
-9.5 -5 0.00766505
-9.5 -4.5 0.00946932
-9.5 -4 0.00837434
-9.5 -3.5 0.00964206
-9.5 -3 0.0105161
-9.5 -2.5 0.0119139
-9.5 -2 0.0155307
-9.5 -1.5 0.0114712
-9.5 -1 0.00842062
-9.5 -0.5 0.00931574
-9.5 0 0.0186887
-9.5 0.5 0.0147631
-9.5 1 0.0137322
-9.5 1.5 0.015981
-9.5 2 0.00863341
-9.5 2.5 0.0100131
-9.5 3 0.0118183
-9.5 3.5 0.0102734
-9.5 4 0.0137078
-9.5 4.5 0.00712766
-9.5 5 0.0080441
-9.5 5.5 0.0114988
-9.5 6 0.00845542
-9.5 6.5 0.0102395
-9.5 7 0.00731235
-9.5 7.5 0.00727829
-9.5 8 4.82492e-05
-9.5 8.5 0
-9.5 9 0.00648508
-9.5 9.5 0.000933381
-9 -10 0.00721769
-9 -9.5 0.00381934
-9 -9 0.00824705
-9 -8.5 0.00569191
-9 -8 0.00589185
-9 -7.5 0.00848748
-9 -7 0.00906607
-9 -6.5 0.00163806
-9 -6 0.00458349
-9 -5.5 0.00744473
-9 -5 0.0145614
-9 -4.5 0.00703764
-9 -4 0.00968613
-9 -3.5 0.0125915
-9 -3 0.00732068
-9 -2.5 0.0126049
-9 -2 0.00954407
-9 -1.5 0.0157941
-9 -1 0.0126263
-9 -0.5 0.0154483
-9 0 0.0104907
-9 0.5 0.0165926
-9 1 0.0101818
-9 1.5 0.0110921
-9 2 0.00977361
-9 2.5 0.0129811
-9 3 0.00874585
-9 3.5 0.0106596
-9 4 0.0137234
-9 4.5 0.00867211
-9 5 0.00942456
-9 5.5 0.0111911
-9 6 0.00655688
-9 6.5 0.00322075
-9 7 0.00668778
-9 7.5 0.00351277
-9 8 0.000852368
-9 8.5 0.0116384
-9 9 0
-9 9.5 0.00572594
-8.5 -10 0.0130904
-8.5 -9.5 0.000109656
-8.5 -9 0.00807158
-8.5 -8.5 0.00653186
-8.5 -8 0.0119828
-8.5 -7.5 0.00384766
-8.5 -7 0.00510833
-8.5 -6.5 0.0110741
-8.5 -6 0.00938705
-8.5 -5.5 0.0110469
-8.5 -5 0.0139333
-8.5 -4.5 0.00971113
-8.5 -4 0.00765629
-8.5 -3.5 0.0131932
-8.5 -3 0.0128076
-8.5 -2.5 0.0160353
-8.5 -2 0.0151258
-8.5 -1.5 0.0138424
-8.5 -1 0.0120266
-8.5 -0.5 0.0138902
-8.5 0 0.0114787
-8.5 0.5 0.0104568
-8.5 1 0.0143606
-8.5 1.5 0.0109541
-8.5 2 0.01028
-8.5 2.5 0.0165694
-8.5 3 0.0134348
-8.5 3.5 0.0128345
-8.5 4 0.0143698
-8.5 4.5 0.0113058
-8.5 5 0.0100129
-8.5 5.5 0.00757737
-8.5 6 0.0102424
-8.5 6.5 0.00408116
-8.5 7 0.011129
-8.5 7.5 0.00950917
-8.5 8 0.00295752
-8.5 8.5 0.00909254
-8.5 9 0
-8.5 9.5 0
-8 -10 0.00947381
-8 -9.5 0.0114024
-8 -9 0.00913596
-8 -8.5 0.00720617
-8 -8 0.00527808
-8 -7.5 0.00888752
-8 -7 0.00696033
-8 -6.5 0.00768072
-8 -6 0.0101698
-8 -5.5 0.0101889
-8 -5 0.0118834
-8 -4.5 0.0111578
-8 -4 0.0149898
-8 -3.5 0.0118829
-8 -3 0.0158567
-8 -2.5 0.0139617
-8 -2 0.011706
-8 -1.5 0.0159984
-8 -1 0.0160394
-8 -0.5 0.0114316
-8 0 0.0131863
-8 0.5 0.0125145
-8 1 0.0170095
-8 1.5 0.0119073
-8 2 0.0134332
-8 2.5 0.0177551
-8 3 0.0161214
-8 3.5 0.0136548
-8 4 0.0163411
-8 4.5 0.0109598
-8 5 0.014674
-8 5.5 0.00903472
-8 6 0.00760655
-8 6.5 0.00986556
-8 7 0.0126449
-8 7.5 0.00915448
-8 8 0.00573633
-8 8.5 0.00285268
-8 9 0.00599869
-8 9.5 0.0121476
-7.5 -10 0.00557365
-7.5 -9.5 0.00706653
-7.5 -9 0.0114756
-7.5 -8.5 0.00696857
-7.5 -8 0.00933307
-7.5 -7.5 0.00897023
-7.5 -7 0.0105934
-7.5 -6.5 0.0116948
-7.5 -6 0.0127033
-7.5 -5.5 0.0134316
-7.5 -5 0.0111997
-7.5 -4.5 0.0119558
-7.5 -4 0.0159
-7.5 -3.5 0.0112095
-7.5 -3 0.0153892
-7.5 -2.5 0.014825
-7.5 -2 0.0151706
-7.5 -1.5 0.0159607
-7.5 -1 0.020307
-7.5 -0.5 0.0211323
-7.5 0 0.0162972
-7.5 0.5 0.0134312
-7.5 1 0.017131
-7.5 1.5 0.0165958
-7.5 2 0.0136261
-7.5 2.5 0.0155701
-7.5 3 0.0147145
-7.5 3.5 0.0134314
-7.5 4 0.0093648
-7.5 4.5 0.0133743
-7.5 5 0.0116865
-7.5 5.5 0.0122344
-7.5 6 0.00974341
-7.5 6.5 0.0124685
-7.5 7 0.00850739
-7.5 7.5 0.00776064
-7.5 8 0.0136529
-7.5 8.5 0.00958154
-7.5 9 0.00631658
-7.5 9.5 0.00435857
-7 -10 0
-7 -9.5 0.00351261
-7 -9 0.0079842
-7 -8.5 0.00748847
-7 -8 0.00545111
-7 -7.5 0.00873616
-7 -7 0.0131085
-7 -6.5 0.0107645
-7 -6 0.0159036
-7 -5.5 0.0116303
-7 -5 0.013441
-7 -4.5 0.0131763
-7 -4 0.0107304
-7 -3.5 0.0108488
-7 -3 0.0142861
-7 -2.5 0.0167987
-7 -2 0.0181616
-7 -1.5 0.0160478
-7 -1 0.020376
-7 -0.5 0.0214334
-7 0 0.0224412
-7 0.5 0.0172372
-7 1 0.0166463
-7 1.5 0.0208648
-7 2 0.0163635
-7 2.5 0.0170389
-7 3 0.0131959
-7 3.5 0.0188599
-7 4 0.0181783
-7 4.5 0.0147241
-7 5 0.0150861
-7 5.5 0.0106792
-7 6 0.0138711
-7 6.5 0.00491742
-7 7 0.0114244
-7 7.5 0.00342511
-7 8 0.00798876
-7 8.5 0.0131991
-7 9 0.0100413
-7 9.5 0.00609075
-6.5 -10 0.00388663
-6.5 -9.5 0.00807086
-6.5 -9 0
-6.5 -8.5 0.0104009
-6.5 -8 0.010003
-6.5 -7.5 0.0108653
-6.5 -7 0.0123193
-6.5 -6.5 0.0142746
-6.5 -6 0.0128266
-6.5 -5.5 0.0148029
-6.5 -5 0.0154566
-6.5 -4.5 0.0133988
-6.5 -4 0.0122477
-6.5 -3.5 0.0134508
-6.5 -3 0.0148649
-6.5 -2.5 0.0194115
-6.5 -2 0.0198888
-6.5 -1.5 0.0169186
-6.5 -1 0.0195562
-6.5 -0.5 0.0201498
-6.5 0 0.0185735
-6.5 0.5 0.0188275
-6.5 1 0.0216631
-6.5 1.5 0.0136827
-6.5 2 0.0172154
-6.5 2.5 0.0175078
-6.5 3 0.0173678
-6.5 3.5 0.019041
-6.5 4 0.0188011
-6.5 4.5 0.0150115
-6.5 5 0.0116537
-6.5 5.5 0.0133077
-6.5 6 0.0126585
-6.5 6.5 0.00977371
-6.5 7 0.0124576
-6.5 7.5 0.00926717
-6.5 8 0.00911441
-6.5 8.5 0.00619567
-6.5 9 0.0102244
-6.5 9.5 0.00297911
-6 -10 0.00712182
-6 -9.5 0.00633514
-6 -9 0.00890914
-6 -8.5 0.00609618
-6 -8 0.0130316
-6 -7.5 0.00570249
-6 -7 0.00623273
-6 -6.5 0.0117342
-6 -6 0.0129939
-6 -5.5 0.0170294
-6 -5 0.0181448
-6 -4.5 0.0173476
-6 -4 0.0187846
-6 -3.5 0.0164673
-6 -3 0.0195609
-6 -2.5 0.017673
-6 -2 0.0182932
-6 -1.5 0.0240821
-6 -1 0.0206864
-6 -0.5 0.0198454
-6 0 0.0208075
-6 0.5 0.0227995
-6 1 0.0218895
-6 1.5 0.0205385
-6 2 0.0208298
-6 2.5 0.0175739
-6 3 0.0169094
-6 3.5 0.0206937
-6 4 0.0180667
-6 4.5 0.0169649
-6 5 0.0163137
-6 5.5 0.0157426
-6 6 0.0165679
-6 6.5 0.0116909
-6 7 0.0148479
-6 7.5 0.00970661
-6 8 0.0115315
-6 8.5 0.011825
-6 9 0.0128653
-6 9.5 0.00412145
-5.5 -10 0.00555342
-5.5 -9.5 0.00774716
-5.5 -9 0.00947002
-5.5 -8.5 0.0085156
-5.5 -8 0.00879263
-5.5 -7.5 0.00920432
-5.5 -7 0.012903
-5.5 -6.5 0.0133198
-5.5 -6 0.0132799
-5.5 -5.5 0.0162352
-5.5 -5 0.0178357
-5.5 -4.5 0.0151755
-5.5 -4 0.0213432
-5.5 -3.5 0.0223452
-5.5 -3 0.0179242
-5.5 -2.5 0.0238439
-5.5 -2 0.0235075
-5.5 -1.5 0.0221468
-5.5 -1 0.0259995
-5.5 -0.5 0.0228572
-5.5 0 0.0271466
-5.5 0.5 0.0255883
-5.5 1 0.0223338
-5.5 1.5 0.0247727
-5.5 2 0.0245689
-5.5 2.5 0.0222568
-5.5 3 0.0182917
-5.5 3.5 0.0211023
-5.5 4 0.0185491
-5.5 4.5 0.0149912
-5.5 5 0.0155222
-5.5 5.5 0.0146894
-5.5 6 0.0146236
-5.5 6.5 0.0100706
-5.5 7 0.0118676
-5.5 7.5 0.0126526
-5.5 8 0.00881044
-5.5 8.5 0.0084151
-5.5 9 0.00552807
-5.5 9.5 0.00680629
-5 -10 0.00681033
-5 -9.5 0.0125182
-5 -9 0.0094878
-5 -8.5 0.0129119
-5 -8 0.0139972
-5 -7.5 0.0180978
-5 -7 0.016713
-5 -6.5 0.0167677
-5 -6 0.0136123
-5 -5.5 0.0123797
-5 -5 0.0156233
-5 -4.5 0.0203975
-5 -4 0.0208998
-5 -3.5 0.0181079
-5 -3 0.0206376
-5 -2.5 0.0239783
-5 -2 0.0278477
-5 -1.5 0.0230502
-5 -1 0.0224579
-5 -0.5 0.0237782
-5 0 0.0293115
-5 0.5 0.027228
-5 1 0.0247431
-5 1.5 0.0268113
-5 2 0.0225427
-5 2.5 0.0195937
-5 3 0.0194892
-5 3.5 0.0255637
-5 4 0.0232184
-5 4.5 0.0190733
-5 5 0.0143216
-5 5.5 0.0125732
-5 6 0.0149078
-5 6.5 0.0111984
-5 7 0.0150632
-5 7.5 0.016952
-5 8 0.0103726
-5 8.5 0.00836013
-5 9 0.0165646
-5 9.5 0.0107542
-4.5 -10 0.0102412
-4.5 -9.5 0.00769656
-4.5 -9 0.0138016
-4.5 -8.5 0.0162457
-4.5 -8 0.00969763
-4.5 -7.5 0.0123024
-4.5 -7 0.010712
-4.5 -6.5 0.0203342
-4.5 -6 0.0146533
-4.5 -5.5 0.0177081
-4.5 -5 0.0188772
-4.5 -4.5 0.0177205
-4.5 -4 0.0243964
-4.5 -3.5 0.0266197
-4.5 -3 0.0253117
-4.5 -2.5 0.0219239
-4.5 -2 0.0252742
-4.5 -1.5 0.026323
-4.5 -1 0.0297185
-4.5 -0.5 0.0276038
-4.5 0 0.0284247
-4.5 0.5 0.029326
-4.5 1 0.0261044
-4.5 1.5 0.0301138
-4.5 2 0.0300175
-4.5 2.5 0.0221115
-4.5 3 0.0245491
-4.5 3.5 0.0215821
-4.5 4 0.0197835
-4.5 4.5 0.0180049
-4.5 5 0.0182138
-4.5 5.5 0.0172458
-4.5 6 0.0177513
-4.5 6.5 0.0168516
-4.5 7 0.0148701
-4.5 7.5 0.016652
-4.5 8 0.0123509
-4.5 8.5 0.00756584
-4.5 9 0.011263
-4.5 9.5 0.0105615
-4 -10 0.0109362
-4 -9.5 0.00624031
-4 -9 0.0125308
-4 -8.5 0.0078688
-4 -8 0.0060156
-4 -7.5 0.0127747
-4 -7 0.0187605
-4 -6.5 0.0177433
-4 -6 0.0156662
-4 -5.5 0.0185095
-4 -5 0.0193332
-4 -4.5 0.0214005
-4 -4 0.021792
-4 -3.5 0.0234806
-4 -3 0.02197
-4 -2.5 0.0293324
-4 -2 0.0241547
-4 -1.5 0.0311368
-4 -1 0.0324614
-4 -0.5 0.0292756
-4 0 0.0313186
-4 0.5 0.0306445
-4 1 0.0290944
-4 1.5 0.027331
-4 2 0.0324088
-4 2.5 0.0269688
-4 3 0.026539
-4 3.5 0.0228854
-4 4 0.0268883
-4 4.5 0.0222289
-4 5 0.022632
-4 5.5 0.0163945
-4 6 0.0173205
-4 6.5 0.0131054
-4 7 0.0137044
-4 7.5 0.0168384
-4 8 0.00825501
-4 8.5 0.0181715
-4 9 0.0121672
-4 9.5 0.00876009
-3.5 -10 0.00962476
-3.5 -9.5 0.0107285
-3.5 -9 0.00874687
-3.5 -8.5 0.0154786
-3.5 -8 0.0133985
-3.5 -7.5 0.0177602
-3.5 -7 0.0191689
-3.5 -6.5 0.0180626
-3.5 -6 0.0177385
-3.5 -5.5 0.0163593
-3.5 -5 0.0192873
-3.5 -4.5 0.022416
-3.5 -4 0.0236553
-3.5 -3.5 0.0216002
-3.5 -3 0.0266943
-3.5 -2.5 0.0307768
-3.5 -2 0.0271721
-3.5 -1.5 0.0361689
-3.5 -1 0.0326598
-3.5 -0.5 0.0343163
-3.5 0 0.0356256
-3.5 0.5 0.0326448
-3.5 1 0.0302734
-3.5 1.5 0.031946
-3.5 2 0.0284613
-3.5 2.5 0.0293344
-3.5 3 0.029136
-3.5 3.5 0.0267916
-3.5 4 0.0216043
-3.5 4.5 0.0252707
-3.5 5 0.0211534
-3.5 5.5 0.0198395
-3.5 6 0.0175955
-3.5 6.5 0.0158107
-3.5 7 0.0117594
-3.5 7.5 0.0143327
-3.5 8 0.0179945
-3.5 8.5 0.0062429
-3.5 9 0.0144348
-3.5 9.5 0.0163417
-3 -10 0.00794286
-3 -9.5 0.0168248
-3 -9 0.0113104
-3 -8.5 0.00926989
-3 -8 0.017836
-3 -7.5 0.0128829
-3 -7 0.0145548
-3 -6.5 0.0124398
-3 -6 0.0207311
-3 -5.5 0.0209723
-3 -5 0.0206252
-3 -4.5 0.0184515
-3 -4 0.0272619
-3 -3.5 0.0259936
-3 -3 0.0281401
-3 -2.5 0.0330688
-3 -2 0.0350896
-3 -1.5 0.0356497
-3 -1 0.0357417
-3 -0.5 0.0350142
-3 0 0.0389152
-3 0.5 0.0346624
-3 1 0.0373678
-3 1.5 0.0382769
-3 2 0.0319055
-3 2.5 0.0309474
-3 3 0.0281345
-3 3.5 0.0311733
-3 4 0.0274603
-3 4.5 0.0261936
-3 5 0.0234617
-3 5.5 0.0218645
-3 6 0.0190097
-3 6.5 0.0156358
-3 7 0.0198515
-3 7.5 0.0139789
-3 8 0.0121838
-3 8.5 0.0100671
-3 9 0.0103959
-3 9.5 0.00910947
-2.5 -10 0.0060184
-2.5 -9.5 0.00764292
-2.5 -9 0.00948369
-2.5 -8.5 0.00938288
-2.5 -8 0.0131764
-2.5 -7.5 0.011864
-2.5 -7 0.0132335
-2.5 -6.5 0.0197518
-2.5 -6 0.0217684
-2.5 -5.5 0.0213125
-2.5 -5 0.0251324
-2.5 -4.5 0.02737
-2.5 -4 0.0268763
-2.5 -3.5 0.0296098
-2.5 -3 0.0303007
-2.5 -2.5 0.0390286
-2.5 -2 0.0375476
-2.5 -1.5 0.0381746
-2.5 -1 0.0371268
-2.5 -0.5 0.0406609
-2.5 0 0.0403809
-2.5 0.5 0.0399098
-2.5 1 0.0407274
-2.5 1.5 0.0348007
-2.5 2 0.0379119
-2.5 2.5 0.0323732
-2.5 3 0.027307
-2.5 3.5 0.0278745
-2.5 4 0.0269826
-2.5 4.5 0.0218262
-2.5 5 0.0247696
-2.5 5.5 0.0208649
-2.5 6 0.0198719
-2.5 6.5 0.017649
-2.5 7 0.0161086
-2.5 7.5 0.0148631
-2.5 8 0.0083016
-2.5 8.5 0.0096142
-2.5 9 0.00944501
-2.5 9.5 0.0129669
-2 -10 0.00999786
-2 -9.5 0.0120539
-2 -9 0.00751593
-2 -8.5 0.0159085
-2 -8 0.0129675
-2 -7.5 0.0144516
-2 -7 0.0147299
-2 -6.5 0.0208327
-2 -6 0.0183065
-2 -5.5 0.0243304
-2 -5 0.023222
-2 -4.5 0.0253665
-2 -4 0.0315329
-2 -3.5 0.0325699
-2 -3 0.0365568
-2 -2.5 0.0349258
-2 -2 0.0380025
-2 -1.5 0.0403216
-2 -1 0.0457739
-2 -0.5 0.0461102
-2 0 0.0444181
-2 0.5 0.0427262
-2 1 0.0420221
-2 1.5 0.0411461
-2 2 0.03572
-2 2.5 0.0371873
-2 3 0.0339036
-2 3.5 0.0306452
-2 4 0.0242639
-2 4.5 0.0225475
-2 5 0.0257082
-2 5.5 0.0185483
-2 6 0.0195735
-2 6.5 0.0229226
-2 7 0.0195801
-2 7.5 0.0164467
-2 8 0.00883537
-2 8.5 0.0104892
-2 9 0.0137771
-2 9.5 0.00856474
-1.5 -10 0.0116521
-1.5 -9.5 0.00682054
-1.5 -9 0.0102611
-1.5 -8.5 0.0171894
-1.5 -8 0.0168476
-1.5 -7.5 0.0194728
-1.5 -7 0.0156661
-1.5 -6.5 0.0160714
-1.5 -6 0.0224039
-1.5 -5.5 0.0228434
-1.5 -5 0.0234222
-1.5 -4.5 0.024562
-1.5 -4 0.0292545
-1.5 -3.5 0.0304078
-1.5 -3 0.0338081
-1.5 -2.5 0.0396417
-1.5 -2 0.0406946
-1.5 -1.5 0.0436088
-1.5 -1 0.048236
-1.5 -0.5 0.0480139
-1.5 0 0.0497406
-1.5 0.5 0.0502629
-1.5 1 0.0463752
-1.5 1.5 0.0459115
-1.5 2 0.0415752
-1.5 2.5 0.0373585
-1.5 3 0.030398
-1.5 3.5 0.0327322
-1.5 4 0.0291115
-1.5 4.5 0.0268756
-1.5 5 0.0296843
-1.5 5.5 0.0239357
-1.5 6 0.0181555
-1.5 6.5 0.0225835
-1.5 7 0.0169672
-1.5 7.5 0.0173142
-1.5 8 0.0140316
-1.5 8.5 0.00933857
-1.5 9 0.00960067
-1.5 9.5 0.0158531
-1 -10 0.00902792
-1 -9.5 0.00882063
-1 -9 0.0187042
-1 -8.5 0.0149155
-1 -8 0.0222382
-1 -7.5 0.0206518
-1 -7 0.0207484
-1 -6.5 0.0203802
-1 -6 0.0237188
-1 -5.5 0.0264396
-1 -5 0.023414
-1 -4.5 0.0254628
-1 -4 0.0324476
-1 -3.5 0.0344345
-1 -3 0.0356783
-1 -2.5 0.0449189
-1 -2 0.040978
-1 -1.5 0.0490055
-1 -1 0.0538035
-1 -0.5 0.0592291
-1 0 0.0631882
-1 0.5 0.0661389
-1 1 0.0531583
-1 1.5 0.0510843
-1 2 0.0446747
-1 2.5 0.0409538
-1 3 0.0350215
-1 3.5 0.0383691
-1 4 0.0356546
-1 4.5 0.0289612
-1 5 0.0247957
-1 5.5 0.0264481
-1 6 0.023065
-1 6.5 0.0155528
-1 7 0.0166255
-1 7.5 0.0166175
-1 8 0.0109272
-1 8.5 0.0159295
-1 9 0.00951312
-1 9.5 0.0109162
-0.5 -10 0.0111232
-0.5 -9.5 0.00782793
-0.5 -9 0.0131769
-0.5 -8.5 0.0158913
-0.5 -8 0.015832
-0.5 -7.5 0.0166852
-0.5 -7 0.0221533
-0.5 -6.5 0.0210837
-0.5 -6 0.0214579
-0.5 -5.5 0.0226929
-0.5 -5 0.0280258
-0.5 -4.5 0.0283478
-0.5 -4 0.0295778
-0.5 -3.5 0.0333049
-0.5 -3 0.0398426
-0.5 -2.5 0.0424957
-0.5 -2 0.0445981
-0.5 -1.5 0.0537747
-0.5 -1 0.0617825
-0.5 -0.5 0.0717356
-0.5 0 0.079662
-0.5 0.5 0.07648
-0.5 1 0.0644423
-0.5 1.5 0.0508063
-0.5 2 0.0433419
-0.5 2.5 0.0403353
-0.5 3 0.0399614
-0.5 3.5 0.0334445
-0.5 4 0.0317491
-0.5 4.5 0.0299172
-0.5 5 0.0229816
-0.5 5.5 0.02443
-0.5 6 0.0227782
-0.5 6.5 0.0213537
-0.5 7 0.0140648
-0.5 7.5 0.0164244
-0.5 8 0.0137548
-0.5 8.5 0.0124832
-0.5 9 0.0130257
-0.5 9.5 0.0136091
0 -10 0.0145683
0 -9.5 0.0113578
0 -9 0.0109498
0 -8.5 0.0150837
0 -8 0.0156858
0 -7.5 0.015108
0 -7 0.0173238
0 -6.5 0.0239578
0 -6 0.0222583
0 -5.5 0.0252836
0 -5 0.0246781
0 -4.5 0.0278123
0 -4 0.0304684
0 -3.5 0.0356988
0 -3 0.035715
0 -2.5 0.0390141
0 -2 0.0468673
0 -1.5 0.0550916
0 -1 0.0639318
0 -0.5 0.0832384
0 0 0.104313
0 0.5 0.0853684
0 1 0.0627339
0 1.5 0.0546614
0 2 0.0486556
0 2.5 0.0410195
0 3 0.041015
0 3.5 0.0320097
0 4 0.0336623
0 4.5 0.0271884
0 5 0.0260989
0 5.5 0.0242808
0 6 0.0231521
0 6.5 0.0174949
0 7 0.0158521
0 7.5 0.0157644
0 8 0.0150982
0 8.5 0.00816877
0 9 0.0132745
0 9.5 0.00782688
0.5 -10 0.0094802
0.5 -9.5 0.00405476
0.5 -9 0.0112355
0.5 -8.5 0.00989577
0.5 -8 0.0120837
0.5 -7.5 0.0191648
0.5 -7 0.0194759
0.5 -6.5 0.0225836
0.5 -6 0.0233322
0.5 -5.5 0.0216542
0.5 -5 0.0274343
0.5 -4.5 0.0272937
0.5 -4 0.031833
0.5 -3.5 0.0364221
0.5 -3 0.0376274
0.5 -2.5 0.042651
0.5 -2 0.047787
0.5 -1.5 0.0501775
0.5 -1 0.0624523
0.5 -0.5 0.0768047
0.5 0 0.0889874
0.5 0.5 0.0750815
0.5 1 0.0646595
0.5 1.5 0.0526742
0.5 2 0.0437336
0.5 2.5 0.0377118
0.5 3 0.0385115
0.5 3.5 0.0336795
0.5 4 0.0295844
0.5 4.5 0.0303796
0.5 5 0.0244079
0.5 5.5 0.0241919
0.5 6 0.023708
0.5 6.5 0.0167391
0.5 7 0.0161924
0.5 7.5 0.0152277
0.5 8 0.0145877
0.5 8.5 0.0177484
0.5 9 0.0131529
0.5 9.5 0.0110392
1 -10 0.0105565
1 -9.5 0.0101064
1 -9 0.0130622
1 -8.5 0.0161917
1 -8 0.0171168
1 -7.5 0.0179005
1 -7 0.0166601
1 -6.5 0.0192303
1 -6 0.0233111
1 -5.5 0.0209486
1 -5 0.0248489
1 -4.5 0.0283029
1 -4 0.0346007
1 -3.5 0.0345164
1 -3 0.0335623
1 -2.5 0.0384486
1 -2 0.0432678
1 -1.5 0.0451303
1 -1 0.0581077
1 -0.5 0.063896
1 0 0.0692135
1 0.5 0.0640094
1 1 0.0538114
1 1.5 0.0522728
1 2 0.0420156
1 2.5 0.0410664
1 3 0.0366648
1 3.5 0.0333787
1 4 0.0298885
1 4.5 0.0256111
1 5 0.0270926
1 5.5 0.022135
1 6 0.02368
1 6.5 0.0189441
1 7 0.0179071
1 7.5 0.0182478
1 8 0.0142753
1 8.5 0.0112451
1 9 0.00829987
1 9.5 0.0196357
1.5 -10 0.00687325
1.5 -9.5 0.0145662
1.5 -9 0.0138958
1.5 -8.5 0.0181787
1.5 -8 0.0153495
1.5 -7.5 0.0180274
1.5 -7 0.0213052
1.5 -6.5 0.0187538
1.5 -6 0.0220528
1.5 -5.5 0.0234575
1.5 -5 0.0241653
1.5 -4.5 0.0249542
1.5 -4 0.0307741
1.5 -3.5 0.0322135
1.5 -3 0.0345199
1.5 -2.5 0.0378367
1.5 -2 0.0413242
1.5 -1.5 0.0461439
1.5 -1 0.0457289
1.5 -0.5 0.0504568
1.5 0 0.0548
1.5 0.5 0.0543279
1.5 1 0.049229
1.5 1.5 0.0489127
1.5 2 0.0420985
1.5 2.5 0.0383816
1.5 3 0.0380777
1.5 3.5 0.0303293
1.5 4 0.029058
1.5 4.5 0.024198
1.5 5 0.0255807
1.5 5.5 0.0278231
1.5 6 0.0184655
1.5 6.5 0.018643
1.5 7 0.0186766
1.5 7.5 0.0154903
1.5 8 0.0169529
1.5 8.5 0.0119631
1.5 9 0.0171003
1.5 9.5 0.017885
2 -10 0.0132692
2 -9.5 0.0148342
2 -9 0.0149945
2 -8.5 0.0150156
2 -8 0.0107774
2 -7.5 0.0126092
2 -7 0.0184588
2 -6.5 0.0174473
2 -6 0.0205366
2 -5.5 0.0213382
2 -5 0.0270091
2 -4.5 0.0276916
2 -4 0.0289091
2 -3.5 0.0298276
2 -3 0.0312737
2 -2.5 0.0316944
2 -2 0.0400618
2 -1.5 0.040525
2 -1 0.0433003
2 -0.5 0.0471084
2 0 0.044811
2 0.5 0.0458208
2 1 0.0449483
2 1.5 0.0368924
2 2 0.0372379
2 2.5 0.0382226
2 3 0.0334001
2 3.5 0.0328839
2 4 0.0273325
2 4.5 0.0308246
2 5 0.0212227
2 5.5 0.0264312
2 6 0.0180029
2 6.5 0.0211161
2 7 0.0147923
2 7.5 0.0103124
2 8 0.0159227
2 8.5 0.0157914
2 9 0.0121205
2 9.5 0.00930834
2.5 -10 0.00666023
2.5 -9.5 0.00914416
2.5 -9 0.0106225
2.5 -8.5 0.0140008
2.5 -8 0.0152016
2.5 -7.5 0.0141968
2.5 -7 0.0178582
2.5 -6.5 0.0177597
2.5 -6 0.0176708
2.5 -5.5 0.0195558
2.5 -5 0.025657
2.5 -4.5 0.0274223
2.5 -4 0.0332805
2.5 -3.5 0.0303511
2.5 -3 0.0321641
2.5 -2.5 0.0338328
2.5 -2 0.0338844
2.5 -1.5 0.0384864
2.5 -1 0.0368481
2.5 -0.5 0.0428083
2.5 0 0.0409284
2.5 0.5 0.041845
2.5 1 0.0347141
2.5 1.5 0.0382094
2.5 2 0.03723
2.5 2.5 0.0330495
2.5 3 0.030972
2.5 3.5 0.0266345
2.5 4 0.0276256
2.5 4.5 0.0276861
2.5 5 0.0262432
2.5 5.5 0.0230921
2.5 6 0.0213386
2.5 6.5 0.0224247
2.5 7 0.0189921
2.5 7.5 0.0108248
2.5 8 0.0107358
2.5 8.5 0.0156577
2.5 9 0.0134998
2.5 9.5 0.00672622
3 -10 0.0152737
3 -9.5 0.0119325
3 -9 0.0160498
3 -8.5 0.0169333
3 -8 0.01319
3 -7.5 0.00746413
3 -7 0.0145259
3 -6.5 0.0184041
3 -6 0.0186568
3 -5.5 0.0236488
3 -5 0.0195973
3 -4.5 0.0249657
3 -4 0.0277831
3 -3.5 0.0260277
3 -3 0.0299773
3 -2.5 0.0303169
3 -2 0.0338995
3 -1.5 0.0351673
3 -1 0.0395713
3 -0.5 0.0386057
3 0 0.0358587
3 0.5 0.0358847
3 1 0.0347902
3 1.5 0.0346266
3 2 0.0322343
3 2.5 0.0302806
3 3 0.0270571
3 3.5 0.0280604
3 4 0.0273144
3 4.5 0.0218621
3 5 0.0221161
3 5.5 0.0196127
3 6 0.0164112
3 6.5 0.0186223
3 7 0.014954
3 7.5 0.0129037
3 8 0.0135907
3 8.5 0.0119356
3 9 0.0145261
3 9.5 0.0118041
3.5 -10 0.0105837
3.5 -9.5 0.0119781
3.5 -9 0
3.5 -8.5 0.012033
3.5 -8 0.0113725
3.5 -7.5 0.0169228
3.5 -7 0.019026
3.5 -6.5 0.0200045
3.5 -6 0.0165998
3.5 -5.5 0.0213806
3.5 -5 0.0186924
3.5 -4.5 0.0240661
3.5 -4 0.0202761
3.5 -3.5 0.02522
3.5 -3 0.0272647
3.5 -2.5 0.0316225
3.5 -2 0.031795
3.5 -1.5 0.0337653
3.5 -1 0.0348768
3.5 -0.5 0.0322396
3.5 0 0.0336575
3.5 0.5 0.0392461
3.5 1 0.0328841
3.5 1.5 0.0313432
3.5 2 0.0319244
3.5 2.5 0.0288014
3.5 3 0.0262798
3.5 3.5 0.0253987
3.5 4 0.0278449
3.5 4.5 0.0225472
3.5 5 0.0216003
3.5 5.5 0.016281
3.5 6 0.0177589
3.5 6.5 0.0210474
3.5 7 0.0165883
3.5 7.5 0.013778
3.5 8 0.015055
3.5 8.5 0.00819716
3.5 9 0.0070684
3.5 9.5 0.00858532
4 -10 0.00690989
4 -9.5 0.0110119
4 -9 0.0113356
4 -8.5 0.00661773
4 -8 0.013135
4 -7.5 0.0153958
4 -7 0.0145005
4 -6.5 0.0115273
4 -6 0.0170135
4 -5.5 0.0189038
4 -5 0.0200936
4 -4.5 0.0203187
4 -4 0.0236406
4 -3.5 0.0227687
4 -3 0.0278359
4 -2.5 0.0269734
4 -2 0.0274439
4 -1.5 0.0272075
4 -1 0.0289594
4 -0.5 0.0300505
4 0 0.0309461
4 0.5 0.0311606
4 1 0.0286764
4 1.5 0.0323701
4 2 0.0283119
4 2.5 0.0245029
4 3 0.0213106
4 3.5 0.0264193
4 4 0.0263231
4 4.5 0.0181919
4 5 0.019268
4 5.5 0.0151287
4 6 0.0159068
4 6.5 0.016569
4 7 0.0116998
4 7.5 0.0118063
4 8 0.012016
4 8.5 0.00946552
4 9 0.00885058
4 9.5 0.0124965
4.5 -10 0.000795594
4.5 -9.5 0.0164194
4.5 -9 0.0122014
4.5 -8.5 0.00756128
4.5 -8 0.0134374
4.5 -7.5 0.0158485
4.5 -7 0.0132205
4.5 -6.5 0.0165834
4.5 -6 0.0184521
4.5 -5.5 0.0182217
4.5 -5 0.0179927
4.5 -4.5 0.0168614
4.5 -4 0.0199528
4.5 -3.5 0.0232636
4.5 -3 0.0243171
4.5 -2.5 0.0224154
4.5 -2 0.0261367
4.5 -1.5 0.0291605
4.5 -1 0.026355
4.5 -0.5 0.029347
4.5 0 0.0292937
4.5 0.5 0.0291626
4.5 1 0.0257522
4.5 1.5 0.0283196
4.5 2 0.0248263
4.5 2.5 0.0250644
4.5 3 0.0238665
4.5 3.5 0.0249437
4.5 4 0.0211545
4.5 4.5 0.0216799
4.5 5 0.016262
4.5 5.5 0.0205069
4.5 6 0.0149565
4.5 6.5 0.0133326
4.5 7 0.0129927
4.5 7.5 0.0104423
4.5 8 0.0159381
4.5 8.5 0.0109603
4.5 9 0.00757858
4.5 9.5 0.0136274
5 -10 0.00473316
5 -9.5 0.00532529
5 -9 0.00973708
5 -8.5 0.0133864
5 -8 0.00883393
5 -7.5 0.013194
5 -7 0.00909328
5 -6.5 0.0164682
5 -6 0.0166966
5 -5.5 0.0170839
5 -5 0.0170996
5 -4.5 0.0185126
5 -4 0.0176851
5 -3.5 0.0191871
5 -3 0.0250223
5 -2.5 0.0284828
5 -2 0.020614
5 -1.5 0.0239756
5 -1 0.0297789
5 -0.5 0.0270906
5 0 0.0260594
5 0.5 0.0252048
5 1 0.0257789
5 1.5 0.0242749
5 2 0.0273351
5 2.5 0.0234048
5 3 0.0265524
5 3.5 0.0256332
5 4 0.0181307
5 4.5 0.0182061
5 5 0.0179563
5 5.5 0.0191131
5 6 0.0139346
5 6.5 0.0164496
5 7 0.0079079
5 7.5 0.0112778
5 8 0.0110021
5 8.5 0.00877611
5 9 0.00604974
5 9.5 0.0056339
5.5 -10 0.0116839
5.5 -9.5 0.00631732
5.5 -9 0.00975398
5.5 -8.5 0.0080852
5.5 -8 0.0120618
5.5 -7.5 0.0154159
5.5 -7 0.0112633
5.5 -6.5 0.0143309
5.5 -6 0.0122473
5.5 -5.5 0.0141635
5.5 -5 0.0156418
5.5 -4.5 0.0172765
5.5 -4 0.0148053
5.5 -3.5 0.0169293
5.5 -3 0.0235678
5.5 -2.5 0.0178926
5.5 -2 0.0200679
5.5 -1.5 0.0218324
5.5 -1 0.0274648
5.5 -0.5 0.0253765
5.5 0 0.0208006
5.5 0.5 0.0277806
5.5 1 0.0236165
5.5 1.5 0.0263775
5.5 2 0.0191572
5.5 2.5 0.0177094
5.5 3 0.0218584
5.5 3.5 0.0178361
5.5 4 0.0178813
5.5 4.5 0.0161416
5.5 5 0.0171116
5.5 5.5 0.013992
5.5 6 0.0129726
5.5 6.5 0.0132622
5.5 7 0.014206
5.5 7.5 0.00994745
5.5 8 0.00985087
5.5 8.5 0.00664829
5.5 9 0.0122072
5.5 9.5 0.0020681
6 -10 0.00800893
6 -9.5 0.000429492
6 -9 0.00808418
6 -8.5 0.0125025
6 -8 0.00954902
6 -7.5 0.0119407
6 -7 0.0136729
6 -6.5 0.0154579
6 -6 0.0112547
6 -5.5 0.0160451
6 -5 0.0166518
6 -4.5 0.014845
6 -4 0.0193968
6 -3.5 0.0174444
6 -3 0.0188516
6 -2.5 0.0241865
6 -2 0.0184305
6 -1.5 0.0184416
6 -1 0.0249896
6 -0.5 0.0245856
6 0 0.0227648
6 0.5 0.0216046
6 1 0.0193827
6 1.5 0.018336
6 2 0.0176692
6 2.5 0.0209117
6 3 0.0176407
6 3.5 0.0180836
6 4 0.0206399
6 4.5 0.0176768
6 5 0.00997406
6 5.5 0.0127184
6 6 0.01397
6 6.5 0.0128165
6 7 0.0117558
6 7.5 0.0102154
6 8 0.00691129
6 8.5 0.0086256
6 9 0.010617
6 9.5 0.00563901
6.5 -10 0.00936096
6.5 -9.5 0.00416827
6.5 -9 0.0107452
6.5 -8.5 0.0070156
6.5 -8 0.00613153
6.5 -7.5 0.00661798
6.5 -7 0.0125946
6.5 -6.5 0.0106665
6.5 -6 0.00995518
6.5 -5.5 0.0129488
6.5 -5 0.0165184
6.5 -4.5 0.0146669
6.5 -4 0.0149655
6.5 -3.5 0.012671
6.5 -3 0.0203897
6.5 -2.5 0.0166386
6.5 -2 0.0219929
6.5 -1.5 0.0220736
6.5 -1 0.0198484
6.5 -0.5 0.0218388
6.5 0 0.0218602
6.5 0.5 0.0188478
6.5 1 0.022049
6.5 1.5 0.018865
6.5 2 0.022609
6.5 2.5 0.0196456
6.5 3 0.0144185
6.5 3.5 0.015324
6.5 4 0.0143071
6.5 4.5 0.011706
6.5 5 0.0148543
6.5 5.5 0.0107204
6.5 6 0.0152853
6.5 6.5 0.0151576
6.5 7 0.0110474
6.5 7.5 0.010466
6.5 8 0.0113908
6.5 8.5 0.00807092
6.5 9 0.0108975
6.5 9.5 0
7 -10 0.00528185
7 -9.5 0.0153137
7 -9 0.00955199
7 -8.5 0.00991062
7 -8 0.00663058
7 -7.5 0.0146309
7 -7 0.00898223
7 -6.5 0.0144017
7 -6 0.00798085
7 -5.5 0.0119699
7 -5 0.0112033
7 -4.5 0.0152635
7 -4 0.0132251
7 -3.5 0.0163529
7 -3 0.0185401
7 -2.5 0.0161056
7 -2 0.0221834
7 -1.5 0.0210311
7 -1 0.0179223
7 -0.5 0.0182178
7 0 0.0192762
7 0.5 0.0189051
7 1 0.0169939
7 1.5 0.0147305
7 2 0.0210546
7 2.5 0.0158462
7 3 0.0187687
7 3.5 0.0166273
7 4 0.0131392
7 4.5 0.0127525
7 5 0.0133147
7 5.5 0.0104927
7 6 0.0115493
7 6.5 0.0079563
7 7 0.0125456
7 7.5 0.0154343
7 8 0.0102834
7 8.5 0.00904202
7 9 0.00974296
7 9.5 0.0124881
7.5 -10 0.00535763
7.5 -9.5 0.00486247
7.5 -9 0.00132053
7.5 -8.5 0.00731408
7.5 -8 0.01105
7.5 -7.5 0.0166466
7.5 -7 0.0111622
7.5 -6.5 0.00660654
7.5 -6 0.0101994
7.5 -5.5 0.0117694
7.5 -5 0.00695266
7.5 -4.5 0.01535
7.5 -4 0.0173737
7.5 -3.5 0.0165956
7.5 -3 0.0148406
7.5 -2.5 0.0157706
7.5 -2 0.0174531
7.5 -1.5 0.0164908
7.5 -1 0.0152097
7.5 -0.5 0.0174352
7.5 0 0.0204323
7.5 0.5 0.019566
7.5 1 0.0161238
7.5 1.5 0.0139434
7.5 2 0.0167273
7.5 2.5 0.0126562
7.5 3 0.0153258
7.5 3.5 0.0121556
7.5 4 0.01017
7.5 4.5 0.0131469
7.5 5 0.012416
7.5 5.5 0.00854778
7.5 6 0.00931128
7.5 6.5 0.00947246
7.5 7 0.011298
7.5 7.5 0.00371327
7.5 8 0.0162534
7.5 8.5 0.00866226
7.5 9 0.00770571
7.5 9.5 0.00458966
8 -10 0
8 -9.5 7.18506e-05
8 -9 0.00927055
8 -8.5 0.000473778
8 -8 0.00332043
8 -7.5 0.00886424
8 -7 0.00910091
8 -6.5 0.0104537
8 -6 0.011696
8 -5.5 0.0121913
8 -5 0.0136158
8 -4.5 0.0123009
8 -4 0.0186954
8 -3.5 0.0143479
8 -3 0.00757145
8 -2.5 0.0146451
8 -2 0.0139937
8 -1.5 0.0112722
8 -1 0.0159372
8 -0.5 0.0147786
8 0 0.0144985
8 0.5 0.0188678
8 1 0.00976521
8 1.5 0.0168459
8 2 0.0181378
8 2.5 0.0103598
8 3 0.0141354
8 3.5 0.0154946
8 4 0.010527
8 4.5 0.0123658
8 5 0.0137715
8 5.5 0.00676323
8 6 0.00842898
8 6.5 0.00524533
8 7 0.00855078
8 7.5 0.00663978
8 8 0.0122719
8 8.5 0.0114404
8 9 0
8 9.5 0.00545818
8.5 -10 0.00551121
8.5 -9.5 0.00723165
8.5 -9 0.0106248
8.5 -8.5 0.00791805
8.5 -8 0.00599481
8.5 -7.5 0.00663388
8.5 -7 0.0108413
8.5 -6.5 0.0110879
8.5 -6 0.0114366
8.5 -5.5 0.00898501
8.5 -5 0.0133018
8.5 -4.5 0.0125481
8.5 -4 0.0139087
8.5 -3.5 0.0100378
8.5 -3 0.0115627
8.5 -2.5 0.0116891
8.5 -2 0.0168977
8.5 -1.5 0.0184518
8.5 -1 0.0190969
8.5 -0.5 0.0212977
8.5 0 0.0150929
8.5 0.5 0.0121379
8.5 1 0.0128711
8.5 1.5 0.012334
8.5 2 0.01062
8.5 2.5 0.00938592
8.5 3 0.0132914
8.5 3.5 0.0139288
8.5 4 0.0134269
8.5 4.5 0.0162882
8.5 5 0.0110437
8.5 5.5 0.00697377
8.5 6 0.0104835
8.5 6.5 0.010669
8.5 7 0.00864009
8.5 7.5 0.00757263
8.5 8 0.00708061
8.5 8.5 0.00750223
8.5 9 0.00787709
8.5 9.5 0.00614627
9 -10 0.00615518
9 -9.5 0.00327182
9 -9 0.00526968
9 -8.5 0.00834721
9 -8 0.00368976
9 -7.5 0.0151975
9 -7 0
9 -6.5 0.00537225
9 -6 0.00997761
9 -5.5 0.0156355
9 -5 0.0126561
9 -4.5 0.0118879
9 -4 0.0114395
9 -3.5 0.0146697
9 -3 0.0148476
9 -2.5 0.00837932
9 -2 0.00798465
9 -1.5 0.0118422
9 -1 0.0129538
9 -0.5 0.0110965
9 0 0.0100081
9 0.5 0.0103784
9 1 0.011857
9 1.5 0.0120972
9 2 0.0118527
9 2.5 0.00997539
9 3 0.0152731
9 3.5 0.0136071
9 4 0.0194744
9 4.5 0.0105848
9 5 0.00827277
9 5.5 0.0125738
9 6 0
9 6.5 0.00696645
9 7 0.00809769
9 7.5 0.0042642
9 8 0.00841479
9 8.5 0.00812916
9 9 0
9 9.5 0.00150234
9.5 -10 0.0099027
9.5 -9.5 0.00770982
9.5 -9 0.00511083
9.5 -8.5 0.0109645
9.5 -8 0.00661955
9.5 -7.5 0.00379759
9.5 -7 0.00456823
9.5 -6.5 0.00843013
9.5 -6 0.00307369
9.5 -5.5 0.0103149
9.5 -5 0.0141796
9.5 -4.5 0.0111362
9.5 -4 0.00924776
9.5 -3.5 0.0123181
9.5 -3 0.0119098
9.5 -2.5 0.0121487
9.5 -2 0.00981532
9.5 -1.5 0.0131138
9.5 -1 0.00855806
9.5 -0.5 0.0107524
9.5 0 0.0134742
9.5 0.5 0.010087
9.5 1 0.0138642
9.5 1.5 0.0116045
9.5 2 0.012954
9.5 2.5 0.014719
9.5 3 0.00772573
9.5 3.5 0.00824008
9.5 4 0.0101942
9.5 4.5 0.00730945
9.5 5 0.00785281
9.5 5.5 0.00899536
9.5 6 0.00859108
9.5 6.5 0.00718408
9.5 7 0.00969771
9.5 7.5 0.00678109
9.5 8 0.000782082
9.5 8.5 0.00209474
9.5 9 0
9.5 9.5 0.00287426
