#SVE points (r, sigmaR, sigmaZ, sigmaPhi, sigmaMajRestored)
8.9  210.475881997  156.598823857  156.598823857  156.598823857
9.0  209.951407101  156.157920412  156.157920412  156.157920412
9.1  209.436768911  155.724906879  155.724906879  155.724906879
9.2  208.931840202  155.29967728  155.29967728  155.29967728
9.3  208.436494796  154.88212665  154.88212665  154.88212665
9.4  207.950607553  154.472151035  154.472151035  154.472151035
9.5  207.47405437  154.069647483  154.069647483  154.069647483
9.6  207.006712176  153.674514037  153.674514037  153.674514037
9.7  206.548458929  153.286649729  153.286649729  153.286649729
9.8  206.099173612  152.905954573  152.905954573  152.905954573
9.9  205.658736229  152.532329556  152.532329556  152.532329556
10.0  205.227027801  152.165676634  152.165676634  152.165676634
10.1  204.803930364  151.805898727  151.805898727  151.805898727
10.2  204.38932696  151.452899706  151.452899706  151.452899706
10.3  203.983101641  151.106584392  151.106584392  151.106584392
10.4  203.585139456  150.766858546  150.766858546  150.766858546
10.5  203.195326455  150.433628867  150.433628867  150.433628867
10.6  202.81354968  150.106802979  150.106802979  150.106802979
10.7  202.439697163  149.786289429  149.786289429  149.786289429
10.8  202.07365792  149.471997679  149.471997679  149.471997679
10.9  201.715321949  149.1638381  149.1638381  149.1638381
11.0  201.364580226  148.861721966  148.861721966  148.861721966
11.1  201.021324699  148.565561446  148.565561446  148.565561446
11.2  200.685448284  148.275269598  148.275269598  148.275269598
11.3  200.356844863  147.990760365  147.990760365  147.990760365
11.4  200.035409276  147.711948565  147.711948565  147.711948565
11.5  199.721037321  147.438749889  147.438749889  147.438749889
11.6  199.413625747  147.17108089  147.17108089  147.17108089
11.7  199.113072249  146.90885898  146.90885898  146.90885898
11.8  198.819275467  146.652002423  146.652002423  146.652002423
11.9  198.532134979  146.400430329  146.400430329  146.400430329
12.0  198.251551295  146.154062648  146.154062648  146.154062648
12.1  197.977425859  145.912820162  145.912820162  145.912820162
12.2  197.709661036  145.676624482  145.676624482  145.676624482
12.3  197.448160116  145.44539804  145.44539804  145.44539804
12.4  197.192827302  145.219064084  145.219064084  145.219064084
12.5  196.943567711  144.99754667  144.99754667  144.99754667
12.6  196.700287367  144.780770658  144.780770658  144.780770658
12.7  196.462893198  144.568661707  144.568661707  144.568661707
12.8  196.231293028  144.361146267  144.361146267  144.361146267
12.9  196.005395579  144.158151572  144.158151572  144.158151572
13.0  195.785110457  143.959605638  143.959605638  143.959605638
13.1  195.570348159  143.765437255  143.765437255  143.765437255
13.2  195.361020058  143.575575981  143.575575981  143.575575981
13.3  195.157038404  143.389952137  143.389952137  143.389952137
13.4  194.958316318  143.2084968  143.2084968  143.2084968
13.5  194.764767788  143.031141799  143.031141799  143.031141799
13.6  194.576307664  142.85781971  142.85781971  142.85781971
13.7  194.392851651  142.688463845  142.688463845  142.688463845
13.8  194.214316311  142.523008255  142.523008255  142.523008255
13.9  194.04061905  142.361387717  142.361387717  142.361387717
14.0  193.871678118  142.203537732  142.203537732  142.203537732
14.1  193.707412606  142.049394519  142.049394519  142.049394519
14.2  193.547742436  141.898895008  141.898895008  141.898895008
14.3  193.392588361  141.751976838  141.751976838  141.751976838
14.4  193.241871958  141.608578348  141.608578348  141.608578348
14.5  193.095515624  141.468638572  141.468638572  141.468638572
14.6  192.953442572  141.332097236  141.332097236  141.332097236
14.7  192.815576825  141.198894751  141.198894751  141.198894751
14.8  192.68184321  141.068972209  141.068972209  141.068972209
14.9  192.552167357  140.942271374  140.942271374  140.942271374
15.0  192.426475693  140.818734681  140.818734681  140.818734681
15.0  192.426475693  140.818734681  140.818734681  140.818734681
15.1  192.304695434  140.698305229  140.698305229  140.698305229
15.2  192.186754586  140.580926776  140.580926776  140.580926776
15.3  192.072581934  140.466543733  140.466543733  140.466543733
15.4  191.962107042  140.35510116  140.35510116  140.35510116
15.5  191.855260247  140.246544762  140.246544762  140.246544762
15.6  191.751972654  140.14082088  140.14082088  140.14082088
15.7  191.652176131  140.037876488  140.037876488  140.037876488
15.8  191.555803302  139.937659191  139.937659191  139.937659191
15.9  191.462787549  139.840117215  139.840117215  139.840117215
16.0  191.373063  139.745199405  139.745199405  139.745199405
16.1  191.286564528  139.652855218  139.652855218  139.652855218
16.2  191.203227746  139.563034721  139.563034721  139.563034721
16.3  191.122989002  139.475688584  139.475688584  139.475688584
16.4  191.045785371  139.390768075  139.390768075  139.390768075
16.5  190.971554658  139.308225055  139.308225055  139.308225055
16.6  190.900235385  139.228011975  139.228011975  139.228011975
16.7  190.831766791  139.150081871  139.150081871  139.150081871
16.8  190.766088827  139.074388354  139.074388354  139.074388354
16.9  190.703142148  139.000885615  139.000885615  139.000885615
17.0  190.642868114  138.92952841  138.92952841  138.92952841
17.1  190.585208779  138.860272063  138.860272063  138.860272063
17.2  190.530106891  138.793072457  138.793072457  138.793072457
17.3  190.477505884  138.727886031  138.727886031  138.727886031
17.4  190.427349876  138.664669774  138.664669774  138.664669774
17.5  190.379583663  138.603381224  138.603381224  138.603381224
17.6  190.334152714  138.543978458  138.543978458  138.543978458
17.7  190.291003167  138.486420093  138.486420093  138.486420093
17.8  190.250081824  138.430665276  138.430665276  138.430665276
17.9  190.211336148  138.376673684  138.376673684  138.376673684
18.0  190.174714253  138.324405519  138.324405519  138.324405519
18.1  190.140164906  138.273821498  138.273821498  138.273821498
18.2  190.107637519  138.224882858  138.224882858  138.224882858
18.3  190.077082145  138.177551343  138.177551343  138.177551343
18.4  190.048449472  138.131789205  138.131789205  138.131789205
18.5  190.02169082  138.087559197  138.087559197  138.087559197
18.6  189.996758137  138.04482457  138.04482457  138.04482457
18.7  189.973603992  138.003549067  138.003549067  138.003549067
18.8  189.952181572  137.963696921  137.963696921  137.963696921
18.9  189.932444677  137.925232849  137.925232849  137.925232849
19.0  189.914347716  137.888122049  137.888122049  137.888122049
19.1  189.897845702  137.852330195  137.852330195  137.852330195
19.2  189.882894247  137.817823432  137.817823432  137.817823432
19.3  189.869449558  137.784568374  137.784568374  137.784568374
19.4  189.857468433  137.752532099  137.752532099  137.752532099
19.5  189.846908254  137.721682143  137.721682143  137.721682143
19.6  189.837726985  137.691986498  137.691986498  137.691986498
19.7  189.829883168  137.663413608  137.663413608  137.663413608
19.8  189.823335916  137.635932365  137.635932365  137.635932365
19.9  189.818044911  137.609512103  137.609512103  137.609512103
20.0  189.813970396  137.584122596  137.584122596  137.584122596
20.1  189.811073176  137.559734053  137.559734053  137.559734053
20.2  189.809314606  137.536317115  137.536317115  137.536317115
20.3  189.808656596  137.513842849  137.513842849  137.513842849
20.4  189.809061599  137.492282749  137.492282749  137.492282749
20.5  189.810492608  137.471608725  137.471608725  137.471608725
20.6  189.812913155  137.451793105  137.451793105  137.451793105
20.7  189.816287302  137.432808628  137.432808628  137.432808628
20.8  189.820579642  137.414628443  137.414628443  137.414628443
20.9  189.825755289  137.397226101  137.397226101  137.397226101
21.0  189.831779878  137.380575555  137.380575555  137.380575555
21.1  189.838619557  137.364651155  137.364651155  137.364651155
21.2  189.846240987  137.349427644  137.349427644  137.349427644
21.3  189.854611332  137.334880155  137.334880155  137.334880155
21.4  189.863698263  137.320984206  137.320984206  137.320984206
21.5  189.873469944  137.307715697  137.307715697  137.307715697
21.6  189.883895034  137.295050908  137.295050908  137.295050908
21.7  189.894942684  137.282966492  137.282966492  137.282966492
21.8  189.906582525  137.271439476  137.271439476  137.271439476
21.9  189.918784673  137.260447251  137.260447251  137.260447251
22.0  189.931519719  137.249967576  137.249967576  137.249967576
22.1  189.944758726  137.239978569  137.239978569  137.239978569
22.2  189.958473227  137.230458705  137.230458705  137.230458705
22.3  189.972635217  137.221386813  137.221386813  137.221386813
22.4  189.987217153  137.212742072  137.212742072  137.212742072
22.5  190.002191945  137.204504009  137.204504009  137.204504009
22.6  190.017532959  137.196652493  137.196652493  137.196652493
22.7  190.033214005  137.189167734  137.189167734  137.189167734
22.8  190.049209338  137.182030278  137.182030278  137.182030278
22.9  190.065493652  137.175221004  137.175221004  137.175221004
23.0  190.082042079  137.168721123  137.168721123  137.168721123
23.1  190.098830178  137.16251217  137.16251217  137.16251217
23.2  190.11583394  137.156576005  137.156576005  137.156576005
23.3  190.133029776  137.150894807  137.150894807  137.150894807
23.4  190.15039452  137.145451074  137.145451074  137.145451074
23.5  190.167905417  137.140227614  137.140227614  137.140227614
23.6  190.185540129  137.135207549  137.135207549  137.135207549
23.7  190.203276721  137.130374307  137.130374307  137.130374307
23.8  190.221093665  137.125711618  137.125711618  137.125711618
23.9  190.238969832  137.121203516  137.121203516  137.121203516
24.0  190.256884488  137.116834332  137.116834332  137.116834332
24.1  190.274817292  137.11258869  137.11258869  137.11258869
24.2  190.292748292  137.108451507  137.108451507  137.108451507
24.3  190.310657921  137.104407988  137.104407988  137.104407988
24.4  190.32852699  137.100443625  137.100443625  137.100443625
24.5  190.34633669  137.09654419  137.09654419  137.09654419
24.6  190.364068583  137.092695735  137.092695735  137.092695735
24.7  190.381704603  137.088884591  137.088884591  137.088884591
24.8  190.399227048  137.085097358  137.085097358  137.085097358
24.9  190.416618579  137.081320912  137.081320912  137.081320912
25.0  190.433862213  137.077542391  137.077542391  137.077542391
25.1  190.450941325  137.073749203  137.073749203  137.073749203
25.2  190.467839639  137.069929012  137.069929012  137.069929012
25.3  190.484541227  137.066069747  137.066069747  137.066069747
25.4  190.501030505  137.062159589  137.062159589  137.062159589
25.5  190.517292229  137.058186974  137.058186974  137.058186974
25.6  190.533311491  137.054140587  137.054140587  137.054140587
25.7  190.549073718  137.050009362  137.050009362  137.050009362
25.8  190.564564665  137.045782477  137.045782477  137.045782477
25.9  190.579770412  137.041449353  137.041449353  137.041449353
26.0  190.594677364  137.03699965  137.03699965  137.03699965
26.1  190.609272242  137.032423265  137.032423265  137.032423265
26.2  190.623542087  137.027710327  137.027710327  137.027710327
26.3  190.637474247  137.022851199  137.022851199  137.022851199
26.4  190.651056383  137.017836472  137.017836472  137.017836472
26.5  190.664276457  137.01265696  137.01265696  137.01265696
26.6  190.677122737  137.007303704  137.007303704  137.007303704
26.7  190.689583787  137.001767965  137.001767965  137.001767965
26.8  190.701648467  136.99604122  136.99604122  136.99604122
26.9  190.713305929  136.990115165  136.990115165  136.990115165
27.0  190.724545612  136.983981705  136.983981705  136.983981705
27.1  190.735357241  136.977632959  136.977632959  136.977632959
27.2  190.745730825  136.971061252  136.971061252  136.971061252
27.3  190.755656648  136.964259114  136.964259114  136.964259114
27.4  190.765125272  136.95721928  136.95721928  136.95721928
27.5  190.774127531  136.949934685  136.949934685  136.949934685
27.6  190.782654526  136.942398459  136.942398459  136.942398459
27.7  190.790697625  136.934603932  136.934603932  136.934603932
27.8  190.79824846  136.926544624  136.926544624  136.926544624
27.9  190.805298921  136.918214248  136.918214248  136.918214248
28.0  190.811841155  136.909606704  136.909606704  136.909606704
28.1  190.81786756  136.900716078  136.900716078  136.900716078
28.2  190.823370787  136.89153664  136.89153664  136.89153664
28.3  190.828343734  136.882062842  136.882062842  136.882062842
28.4  190.832779541  136.872289315  136.872289315  136.872289315
28.5  190.83667159  136.862210866  136.862210866  136.862210866
28.6  190.840013502  136.851822476  136.851822476  136.851822476
28.7  190.842799131  136.841119301  136.841119301  136.841119301
28.8  190.845022565  136.830096663  136.830096663  136.830096663
28.9  190.84667812  136.818750055  136.818750055  136.818750055
29.0  190.847760337  136.807075134  136.807075134  136.807075134
29.1  190.848263983  136.795067722  136.795067722  136.795067722
29.2  190.848184043  136.782723799  136.782723799  136.782723799
29.3  190.84751572  136.770039506  136.770039506  136.770039506
29.4  190.846254433  136.757011143  136.757011143  136.757011143
29.5  190.84439581  136.743635161  136.743635161  136.743635161
29.6  190.841935689  136.729908165  136.729908165  136.729908165
29.7  190.838870116  136.715826911  136.715826911  136.715826911
29.8  190.835195338  136.701388304  136.701388304  136.701388304
29.9  190.830907803  136.686589393  136.686589393  136.686589393
30.0  190.826004157  136.671427374  136.671427374  136.671427374
30.0  190.826004157  136.671427374  136.671427374  136.671427374
30.1  190.820481242  136.655899584  136.655899584  136.655899584
30.2  190.814336089  136.6400035  136.6400035  136.6400035
30.3  190.807565924  136.623736739  136.623736739  136.623736739
30.4  190.800168155  136.607097052  136.607097052  136.607097052
30.5  190.792140377  136.590082325  136.590082325  136.590082325
30.6  190.783480366  136.572690577  136.572690577  136.572690577
30.7  190.774186077  136.554919959  136.554919959  136.554919959
30.8  190.764255641  136.536768746  136.536768746  136.536768746
30.9  190.753687364  136.518235344  136.518235344  136.518235344
31.0  190.742479723  136.499318281  136.499318281  136.499318281
31.1  190.730631362  136.480016209  136.480016209  136.480016209
31.2  190.718141095  136.460327901  136.460327901  136.460327901
31.3  190.705007895  136.44025225  136.44025225  136.44025225
31.4  190.6912309  136.419788263  136.419788263  136.419788263
31.5  190.676809405  136.398935065  136.398935065  136.398935065
31.6  190.661742862  136.377691895  136.377691895  136.377691895
31.7  190.646030877  136.356058103  136.356058103  136.356058103
31.8  190.629673206  136.334033149  136.334033149  136.334033149
31.9  190.612669756  136.311616602  136.311616602  136.311616602
32.0  190.59502058  136.288808135  136.288808135  136.288808135
32.1  190.576725875  136.265607531  136.265607531  136.265607531
32.2  190.55778598  136.24201467  136.24201467  136.24201467
32.3  190.538201374  136.218029539  136.218029539  136.218029539
32.4  190.517972673  136.19365222  136.19365222  136.19365222
32.5  190.497100628  136.168882897  136.168882897  136.168882897
32.6  190.475586124  136.143721848  136.143721848  136.143721848
32.7  190.453430175  136.118169445  136.118169445  136.118169445
32.8  190.430633925  136.092226157  136.092226157  136.092226157
32.9  190.407198641  136.06589254  136.06589254  136.06589254
33.0  190.383125716  136.039169244  136.039169244  136.039169244
33.1  190.358416667  136.012057003  136.012057003  136.012057003
33.2  190.333073125  135.98455664  135.98455664  135.98455664
33.3  190.307096843  135.956669065  135.956669065  135.956669065
33.4  190.280489688  135.928395268  135.928395268  135.928395268
33.5  190.253253639  135.899736324  135.899736324  135.899736324
33.6  190.225390788  135.870693387  135.870693387  135.870693387
33.7  190.196903333  135.84126769  135.84126769  135.84126769
33.8  190.167793583  135.811460543  135.811460543  135.811460543
33.9  190.138063947  135.781273335  135.781273335  135.781273335
34.0  190.107716942  135.750707527  135.750707527  135.750707527
34.1  190.076755181  135.719764653  135.719764653  135.719764653
34.2  190.04518138  135.68844632  135.68844632  135.68844632
34.3  190.012998349  135.656754205  135.656754205  135.656754205
34.4  189.980208994  135.624690053  135.624690053  135.624690053
34.5  189.946816314  135.592255677  135.592255677  135.592255677
34.6  189.912823398  135.559452956  135.559452956  135.559452956
34.7  189.878233425  135.526283835  135.526283835  135.526283835
34.8  189.843049662  135.492750319  135.492750319  135.492750319
34.9  189.80727546  135.458854479  135.458854479  135.458854479
35.0  189.770914254  135.424598444  135.424598444  135.424598444
35.1  189.733969561  135.389984402  135.389984402  135.389984402
35.2  189.696444977  135.3550146  135.3550146  135.3550146
35.3  189.658344177  135.319691343  135.319691343  135.319691343
35.4  189.619670911  135.284016989  135.284016989  135.284016989
35.5  189.580429005  135.247993952  135.247993952  135.247993952
35.6  189.540622356  135.211624696  135.211624696  135.211624696
35.7  189.500254934  135.174911739  135.174911739  135.174911739
35.8  189.459330776  135.137857651  135.137857651  135.137857651
35.9  189.417853988  135.100465046  135.100465046  135.100465046
36.0  189.375828741  135.06273659  135.06273659  135.06273659
36.1  189.33325927  135.024674995  135.024674995  135.024674995
36.2  189.290149875  134.986283017  134.986283017  134.986283017
36.3  189.246504913  134.947563459  134.947563459  134.947563459
36.4  189.202328803  134.908519163  134.908519163  134.908519163
36.5  189.157626019  134.869153017  134.869153017  134.869153017
36.6  189.112401095  134.829467948  134.829467948  134.829467948
36.7  189.066658615  134.789466923  134.789466923  134.789466923
36.8  189.020403219  134.749152947  134.749152947  134.749152947
36.9  188.973639596  134.708529064  134.708529064  134.708529064
37.0  188.926372487  134.667598352  134.667598352  134.667598352
37.1  188.878606678  134.626363927  134.626363927  134.626363927
37.2  188.830347006  134.584828936  134.584828936  134.584828936
37.3  188.78159835  134.542996563  134.542996563  134.542996563
37.4  188.732365634  134.500870021  134.500870021  134.500870021
37.5  188.682653823  134.458452555  134.458452555  134.458452555
37.6  188.632467925  134.41574744  134.41574744  134.41574744
37.7  188.581812985  134.37275798  134.37275798  134.37275798
37.8  188.530694088  134.329487506  134.329487506  134.329487506
37.9  188.479116354  134.285939379  134.285939379  134.285939379
38.0  188.42708494  134.242116982  134.242116982  134.242116982
38.1  188.374605035  134.198023726  134.198023726  134.198023726
38.2  188.321681861  134.153663044  134.153663044  134.153663044
38.3  188.268320671  134.109038393  134.109038393  134.109038393
38.4  188.21452675  134.064153253  134.064153253  134.064153253
38.5  188.160305407  134.019011123  134.019011123  134.019011123
38.6  188.105661982  133.973615523  133.973615523  133.973615523
38.7  188.05060184  133.927969994  133.927969994  133.927969994
38.8  187.99513037  133.882078094  133.882078094  133.882078094
38.9  187.939252984  133.835943398  133.835943398  133.835943398
39.0  187.882975117  133.789569499  133.789569499  133.789569499
39.1  187.826302225  133.742960004  133.742960004  133.742960004
39.2  187.769239782  133.696118537  133.696118537  133.696118537
39.3  187.711793284  133.649048735  133.649048735  133.649048735
39.4  187.65396824  133.601754248  133.601754248  133.601754248
39.5  187.595770177  133.554238739  133.554238739  133.554238739
39.6  187.537204639  133.506505881  133.506505881  133.506505881
39.7  187.47827718  133.45855936  133.45855936  133.45855936
39.8  187.418993369  133.41040287  133.41040287  133.41040287
39.9  187.359358786  133.362040115  133.362040115  133.362040115
40.0  187.299379022  133.313474808  133.313474808  133.313474808
40.1  187.239059676  133.264710668  133.264710668  133.264710668
40.2  187.178406357  133.215751422  133.215751422  133.215751422
40.3  187.11742468  133.166600803  133.166600803  133.166600803
40.4  187.056120266  133.117262547  133.117262547  133.117262547
40.5  186.994498742  133.067740399  133.067740399  133.067740399
40.6  186.932565738  133.018038104  133.018038104  133.018038104
40.7  186.870326889  132.968159411  132.968159411  132.968159411
40.8  186.80778783  132.918108072  132.918108072  132.918108072
40.9  186.744954197  132.867887842  132.867887842  132.867887842
41.0  186.681831629  132.817502473  132.817502473  132.817502473
41.1  186.61842576  132.766955721  132.766955721  132.766955721
41.2  186.554742225  132.71625134  132.71625134  132.71625134
41.3  186.490786655  132.665393085  132.665393085  132.665393085
41.4  186.426564679  132.614384705  132.614384705  132.614384705
41.5  186.36208192  132.563229951  132.563229951  132.563229951
41.6  186.297343995  132.51193257  132.51193257  132.51193257
41.7  186.232356516  132.460496303  132.460496303  132.460496303
41.8  186.167125086  132.408924889  132.408924889  132.408924889
41.9  186.101655303  132.357222063  132.357222063  132.357222063
42.0  186.035952752  132.305391553  132.305391553  132.305391553
42.1  185.970023012  132.25343708  132.25343708  132.25343708
42.2  185.903871647  132.20136236  132.20136236  132.20136236
42.3  185.837504215  132.149171102  132.149171102  132.149171102
42.4  185.770926257  132.096867007  132.096867007  132.096867007
42.5  185.704143304  132.044453766  132.044453766  132.044453766
42.6  185.637160871  131.991935064  131.991935064  131.991935064
42.7  185.569984459  131.939314574  131.939314574  131.939314574
42.8  185.502619555  131.886595961  131.886595961  131.886595961
42.9  185.435071628  131.833782878  131.833782878  131.833782878
43.0  185.367346132  131.780878967  131.780878967  131.780878967
43.1  185.299448502  131.727887859  131.727887859  131.727887859
43.2  185.231384154  131.674813175  131.674813175  131.674813175
43.3  185.163158488  131.621658519  131.621658519  131.621658519
43.4  185.094776882  131.568427486  131.568427486  131.568427486
43.5  185.026244693  131.515123655  131.515123655  131.515123655
43.6  184.95756726  131.461750593  131.461750593  131.461750593
43.7  184.888749896  131.40831185  131.40831185  131.40831185
43.8  184.819797896  131.354810964  131.354810964  131.354810964
43.9  184.75071653  131.301251457  131.301251457  131.301251457
44.0  184.681511044  131.247636832  131.247636832  131.247636832
44.1  184.61218666  131.19397058  131.19397058  131.19397058
44.2  184.542748576  131.140256174  131.140256174  131.140256174
44.3  184.473201964  131.086497068  131.086497068  131.086497068
44.4  184.403551971  131.032696702  131.032696702  131.032696702
44.5  184.333803715  130.978858495  130.978858495  130.978858495
44.6  184.263962289  130.924985848  130.924985848  130.924985848
44.7  184.194032758  130.871082146  130.871082146  130.871082146
44.8  184.124020159  130.817150752  130.817150752  130.817150752
44.9  184.053929498  130.763195012  130.763195012  130.763195012
45.0  183.983765756  130.709218249  130.709218249  130.709218249
45.0  183.983765756  130.709218249  130.709218249  130.709218249
45.1  183.91353388  130.655223769  130.655223769  130.655223769
45.2  183.843238788  130.601214856  130.601214856  130.601214856
45.3  183.77288537  130.547194774  130.547194774  130.547194774
45.4  183.70247848  130.493166763  130.493166763  130.493166763
45.5  183.632022943  130.439134046  130.439134046  130.439134046
45.6  183.561523553  130.385099819  130.385099819  130.385099819
45.7  183.490985068  130.331067261  130.331067261  130.331067261
45.8  183.420412215  130.277039525  130.277039525  130.277039525
45.9  183.349809689  130.223019742  130.223019742  130.223019742
46.0  183.279182146  130.169011019  130.169011019  130.169011019
46.1  183.208534214  130.115016442  130.115016442  130.115016442
46.2  183.13787048  130.061039071  130.061039071  130.061039071
46.3  183.067195501  130.007081944  130.007081944  130.007081944
46.4  182.996513796  129.953148072  129.953148072  129.953148072
46.5  182.925829847  129.899240444  129.899240444  129.899240444
46.6  182.855148103  129.845362022  129.845362022  129.845362022
46.7  182.784472972  129.791515746  129.791515746  129.791515746
46.8  182.713808829  129.737704528  129.737704528  129.737704528
46.9  182.643160008  129.683931254  129.683931254  129.683931254
47.0  182.57253081  129.630198788  129.630198788  129.630198788
47.1  182.501925492  129.576509964  129.576509964  129.576509964
47.2  182.431348277  129.52286759  129.52286759  129.52286759
47.3  182.360803349  129.469274452  129.469274452  129.469274452
47.4  182.290294851  129.415733303  129.415733303  129.415733303
47.5  182.219826887  129.362246873  129.362246873  129.362246873
47.6  182.149403524  129.308817865  129.308817865  129.308817865
47.7  182.079028787  129.255448953  129.255448953  129.255448953
47.8  182.00870666  129.202142785  129.202142785  129.202142785
47.9  181.938441088  129.148901979  129.148901979  129.148901979
48.0  181.868235977  129.095729128  129.095729128  129.095729128
48.1  181.798095189  129.042626796  129.042626796  129.042626796
48.2  181.728022548  128.989597518  128.989597518  128.989597518
48.3  181.658021832  128.936643801  128.936643801  128.936643801
48.4  181.588096783  128.883768125  128.883768125  128.883768125
48.5  181.518251098  128.830972938  128.830972938  128.830972938
48.6  181.448488433  128.778260663  128.778260663  128.778260663
48.7  181.378812401  128.725633691  128.725633691  128.725633691
48.8  181.309226573  128.673094385  128.673094385  128.673094385
48.9  181.239734479  128.620645081  128.620645081  128.620645081
49.0  181.170339604  128.568288081  128.568288081  128.568288081
49.1  181.101045391  128.516025662  128.516025662  128.516025662
49.2  181.03185524  128.46386007  128.46386007  128.46386007
49.3  180.962772508  128.411793519  128.411793519  128.411793519
49.4  180.893800509  128.359828196  128.359828196  128.359828196
49.5  180.824942513  128.307966257  128.307966257  128.307966257
49.6  180.756201746  128.256209829  128.256209829  128.256209829
49.7  180.687581391  128.204561008  128.204561008  128.204561008
49.8  180.619084586  128.153021859  128.153021859  128.153021859
49.9  180.550714427  128.101594419  128.101594419  128.101594419
50.0  180.482473965  128.050280693  128.050280693  128.050280693
50.1  180.414366205  127.999082655  127.999082655  127.999082655
50.2  180.346394111  127.948002251  127.948002251  127.948002251
50.3  180.278560601  127.897041395  127.897041395  127.897041395
50.4  180.210868548  127.846201971  127.846201971  127.846201971
50.5  180.143320781  127.79548583  127.79548583  127.79548583
50.6  180.075920085  127.744894796  127.744894796  127.744894796
50.7  180.0086692  127.69443066  127.69443066  127.69443066
50.8  179.941570821  127.644095183  127.644095183  127.644095183
50.9  179.874627599  127.593890094  127.593890094  127.593890094
51.0  179.80784214  127.543817094  127.543817094  127.543817094
51.1  179.741217005  127.493877849  127.493877849  127.493877849
51.2  179.67475471  127.444073999  127.444073999  127.444073999
51.3  179.608457727  127.39440715  127.39440715  127.39440715
51.4  179.542328482  127.344878876  127.344878876  127.344878876
51.5  179.476369358  127.295490724  127.295490724  127.295490724
51.6  179.41058269  127.246244207  127.246244207  127.246244207
51.7  179.344970772  127.197140808  127.197140808  127.197140808
51.8  179.27953585  127.14818198  127.14818198  127.14818198
51.9  179.214280128  127.099369143  127.099369143  127.099369143
52.0  179.149205761  127.050703689  127.050703689  127.050703689
52.1  179.084314865  127.002186976  127.002186976  127.002186976
52.2  179.019609505  126.953820334  126.953820334  126.953820334
52.3  178.955091707  126.905605059  126.905605059  126.905605059
52.4  178.890763448  126.857542421  126.857542421  126.857542421
52.5  178.826626663  126.809633654  126.809633654  126.809633654
52.6  178.762683242  126.761879965  126.761879965  126.761879965
52.7  178.698935029  126.714282528  126.714282528  126.714282528
52.8  178.635383825  126.666842488  126.666842488  126.666842488
52.9  178.572031386  126.619560959  126.619560959  126.619560959
53.0  178.508879425  126.572439023  126.572439023  126.572439023
53.1  178.445929608  126.525477734  126.525477734  126.525477734
53.2  178.38318356  126.478678114  126.478678114  126.478678114
53.3  178.32064286  126.432041154  126.432041154  126.432041154
53.4  178.258309043  126.385567817  126.385567817  126.385567817
53.5  178.196183602  126.339259034  126.339259034  126.339259034
53.6  178.134267984  126.293115706  126.293115706  126.293115706
53.7  178.072563594  126.247138704  126.247138704  126.247138704
53.8  178.011071792  126.201328869  126.201328869  126.201328869
53.9  177.949793896  126.155687013  126.155687013  126.155687013
54.0  177.88873118  126.110213916  126.110213916  126.110213916
54.1  177.827884875  126.064910331  126.064910331  126.064910331
54.2  177.767256169  126.019776979  126.019776979  126.019776979
54.3  177.706846206  125.974814553  125.974814553  125.974814553
54.4  177.64665609  125.930023715  125.930023715  125.930023715
54.5  177.586686879  125.885405098  125.885405098  125.885405098
54.6  177.526939591  125.840959308  125.840959308  125.840959308
54.7  177.467415201  125.796686919  125.796686919  125.796686919
54.8  177.408114641  125.752588476  125.752588476  125.752588476
54.9  177.349038803  125.708664498  125.708664498  125.708664498
55.0  177.290188534  125.664915471  125.664915471  125.664915471
55.1  177.231564643  125.621341855  125.621341855  125.621341855
55.2  177.173167895  125.577944082  125.577944082  125.577944082
55.3  177.114999014  125.534722552  125.534722552  125.534722552
55.4  177.057058684  125.491677641  125.491677641  125.491677641
55.5  176.999347548  125.448809694  125.448809694  125.448809694
55.6  176.941866206  125.406119029  125.406119029  125.406119029
55.7  176.88461522  125.363605934  125.363605934  125.363605934
55.8  176.827595111  125.321270673  125.321270673  125.321270673
55.9  176.770806359  125.279113478  125.279113478  125.279113478
56.0  176.714249405  125.237134557  125.237134557  125.237134557
56.1  176.657924649  125.195334088  125.195334088  125.195334088
56.2  176.601832453  125.153712224  125.153712224  125.153712224
56.3  176.545973139  125.112269089  125.112269089  125.112269089
56.4  176.490346989  125.071004781  125.071004781  125.071004781
56.5  176.434954247  125.029919371  125.029919371  125.029919371
56.6  176.37979512  124.989012903  124.989012903  124.989012903
56.7  176.324869773  124.948285395  124.948285395  124.948285395
56.8  176.270178335  124.907736838  124.907736838  124.907736838
56.9  176.215720896  124.867367198  124.867367198  124.867367198
57.0  176.161497511  124.827176413  124.827176413  124.827176413
57.1  176.107508193  124.787164398  124.787164398  124.787164398
57.2  176.053752921  124.747331039  124.747331039  124.747331039
57.3  176.000231636  124.707676199  124.707676199  124.707676199
57.4  175.946944242  124.668199715  124.668199715  124.668199715
57.5  175.893890607  124.628901398  124.628901398  124.628901398
57.6  175.841070563  124.589781036  124.589781036  124.589781036
57.7  175.788483905  124.550838389  124.550838389  124.550838389
57.8  175.736130392  124.512073195  124.512073195  124.512073195
57.9  175.684009749  124.473485167  124.473485167  124.473485167
58.0  175.632121665  124.435073993  124.435073993  124.435073993
58.1  175.580465794  124.396839338  124.396839338  124.396839338
58.2  175.529041755  124.358780841  124.358780841  124.358780841
58.3  175.477849134  124.320898121  124.320898121  124.320898121
58.4  175.42688748  124.283190769  124.283190769  124.283190769
58.5  175.37615631  124.245658357  124.245658357  124.245658357
58.6  175.325655109  124.20830043  124.20830043  124.20830043
58.7  175.275383325  124.171116513  124.171116513  124.171116513
58.8  175.225340377  124.134106106  124.134106106  124.134106106
58.9  175.175525647  124.097268689  124.097268689  124.097268689
59.0  175.125938489  124.060603716  124.060603716  124.060603716
59.1  175.07657822  124.024110624  124.024110624  124.024110624
59.2  175.02744413  123.987788823  123.987788823  123.987788823
59.3  174.978535474  123.951637703  123.951637703  123.951637703
59.4  174.929851477  123.915656635  123.915656635  123.915656635
59.5  174.881391332  123.879844965  123.879844965  123.879844965
59.6  174.833154204  123.84420202  123.84420202  123.84420202
59.7  174.785139224  123.808727105  123.808727105  123.808727105
59.8  174.737345496  123.773419506  123.773419506  123.773419506
59.9  174.689772092  123.738278485  123.738278485  123.738278485
60.0  174.642418055  123.703303289  123.703303289  123.703303289
60.0  174.642418055  123.703303289  123.703303289  123.703303289
60.1  174.595282401  123.66849314  123.66849314  123.66849314
60.2  174.548364114  123.633847243  123.633847243  123.633847243
60.3  174.501662151  123.599364782  123.599364782  123.599364782
60.4  174.455175442  123.565044924  123.565044924  123.565044924
60.5  174.408902885  123.530886813  123.530886813  123.530886813
60.6  174.362843356  123.496889576  123.496889576  123.496889576
60.7  174.316995699  123.463052323  123.463052323  123.463052323
60.8  174.271358734  123.429374143  123.429374143  123.429374143
60.9  174.225931253  123.395854107  123.395854107  123.395854107
61.0  174.180712021  123.362491269  123.362491269  123.362491269
61.1  174.13569978  123.329284665  123.329284665  123.329284665
61.2  174.090893242  123.296233312  123.296233312  123.296233312
61.3  174.046291097  123.263336211  123.263336211  123.263336211
61.4  174.001892009  123.230592347  123.230592347  123.230592347
61.5  173.957694617  123.198000684  123.198000684  123.198000684
61.6  173.913697537  123.165560173  123.165560173  123.165560173
61.7  173.869899358  123.133269748  123.133269748  123.133269748
61.8  173.826298649  123.101128325  123.101128325  123.101128325
61.9  173.782893952  123.069134807  123.069134807  123.069134807
62.0  173.739683789  123.037288077  123.037288077  123.037288077
62.1  173.696666658  123.005587006  123.005587006  123.005587006
62.2  173.653841034  122.974030448  122.974030448  122.974030448
62.3  173.611205371  122.942617243  122.942617243  122.942617243
62.4  173.568758102  122.911346216  122.911346216  122.911346216
62.5  173.526497637  122.880216176  122.880216176  122.880216176
62.6  173.484422365  122.849225919  122.849225919  122.849225919
62.7  173.442530655  122.818374226  122.818374226  122.818374226
62.8  173.400820857  122.787659866  122.787659866  122.787659866
62.9  173.359291298  122.757081591  122.757081591  122.757081591
63.0  173.317940288  122.726638144  122.726638144  122.726638144
63.1  173.276766117  122.69632825  122.69632825  122.69632825
63.2  173.235767054  122.666150625  122.666150625  122.666150625
63.3  173.194941353  122.636103969  122.636103969  122.636103969
63.4  173.154287246  122.606186973  122.606186973  122.606186973
63.5  173.11380295  122.576398314  122.576398314  122.576398314
63.6  173.073486664  122.546736655  122.546736655  122.546736655
63.7  173.033336567  122.517200652  122.517200652  122.517200652
63.8  172.993350824  122.487788945  122.487788945  122.487788945
63.9  172.953527583  122.458500164  122.458500164  122.458500164
64.0  172.913864974  122.429332931  122.429332931  122.429332931
64.1  172.874361114  122.400285852  122.400285852  122.400285852
64.2  172.835014101  122.371357527  122.371357527  122.371357527
64.3  172.795822021  122.342546542  122.342546542  122.342546542
64.4  172.756782944  122.313851477  122.313851477  122.313851477
64.5  172.717894924  122.285270899  122.285270899  122.285270899
64.6  172.679156003  122.256803366  122.256803366  122.256803366
64.7  172.640564208  122.228447428  122.228447428  122.228447428
64.8  172.602117553  122.200201624  122.200201624  122.200201624
64.9  172.563814039  122.172064486  122.172064486  122.172064486
65.0  172.525651654  122.144034535  122.144034535  122.144034535
65.1  172.487628373  122.116110287  122.116110287  122.116110287
65.2  172.44974216  122.088290247  122.088290247  122.088290247
65.3  172.411990966  122.060572913  122.060572913  122.060572913
65.4  172.374372731  122.032956776  122.032956776  122.032956776
65.5  172.336885386  122.005440318  122.005440318  122.005440318
65.6  172.299526848  121.978022016  121.978022016  121.978022016
65.7  172.262295025  121.950700338  121.950700338  121.950700338
65.8  172.225187816  121.923473747  121.923473747  121.923473747
65.9  172.188203109  121.896340699  121.896340699  121.896340699
66.0  172.151338783  121.869299642  121.869299642  121.869299642
66.1  172.114592709  121.842349021  121.842349021  121.842349021
66.2  172.077962747  121.815487273  121.815487273  121.815487273
66.3  172.04144675  121.788712831  121.788712831  121.788712831
66.4  172.005042564  121.762024121  121.762024121  121.762024121
66.5  171.968748027  121.735419566  121.735419566  121.735419566
66.6  171.932560968  121.708897584  121.708897584  121.708897584
66.7  171.89647921  121.682456585  121.682456585  121.682456585
66.8  171.860500571  121.65609498  121.65609498  121.65609498
66.9  171.82462286  121.629811173  121.629811173  121.629811173
67.0  171.788843881  121.603603563  121.603603563  121.603603563
67.1  171.753161434  121.577470547  121.577470547  121.577470547
67.2  171.717573311  121.55141052  121.55141052  121.55141052
67.3  171.682077301  121.52542187  121.52542187  121.52542187
67.4  171.646671189  121.499502987  121.499502987  121.499502987
67.5  171.611352752  121.473652254  121.473652254  121.473652254
67.6  171.576119768  121.447868053  121.447868053  121.447868053
67.7  171.540970008  121.422148765  121.422148765  121.422148765
67.8  171.50590124  121.396492768  121.396492768  121.396492768
67.9  171.47091123  121.370898437  121.370898437  121.370898437
68.0  171.435997741  121.345364148  121.345364148  121.345364148
68.1  171.401158534  121.319888275  121.319888275  121.319888275
68.2  171.366391367  121.294469188  121.294469188  121.294469188
68.3  171.331693998  121.269105261  121.269105261  121.269105261
68.4  171.297064182  121.243794863  121.243794863  121.243794863
68.5  171.262499674  121.218536365  121.218536365  121.218536365
68.6  171.227998227  121.193328138  121.193328138  121.193328138
68.7  171.193557596  121.168168552  121.168168552  121.168168552
68.8  171.159175533  121.143055977  121.143055977  121.143055977
68.9  171.124849793  121.117988785  121.117988785  121.117988785
69.0  171.09057813  121.092965347  121.092965347  121.092965347
69.1  171.056358298  121.067984036  121.067984036  121.067984036
69.2  171.022188054  121.043043227  121.043043227  121.043043227
69.3  170.988065157  121.018141293  121.018141293  121.018141293
69.4  170.953987365  120.993276613  120.993276613  120.993276613
69.5  170.919952441  120.968447565  120.968447565  120.968447565
69.6  170.885958148  120.943652529  120.943652529  120.943652529
69.7  170.852002255  120.918889888  120.918889888  120.918889888
69.8  170.818082529  120.894158028  120.894158028  120.894158028
69.9  170.784196746  120.869455337  120.869455337  120.869455337
70.0  170.750342682  120.844780206  120.844780206  120.844780206
70.1  170.716518118  120.820131028  120.820131028  120.820131028
70.2  170.682720839  120.795506201  120.795506201  120.795506201
70.3  170.648948634  120.770904126  120.770904126  120.770904126
70.4  170.6151993  120.746323206  120.746323206  120.746323206
70.5  170.581470634  120.721761851  120.721761851  120.721761851
70.6  170.547760442  120.697218473  120.697218473  120.697218473
70.7  170.514066535  120.672691488  120.672691488  120.672691488
70.8  170.48038673  120.648179318  120.648179318  120.648179318
70.9  170.44671885  120.623680389  120.623680389  120.623680389
71.0  170.413060725  120.599193132  120.599193132  120.599193132
71.1  170.379410191  120.574715983  120.574715983  120.574715983
71.2  170.345765092  120.550247383  120.550247383  120.550247383
71.3  170.312123278  120.525785779  120.525785779  120.525785779
71.4  170.27848261  120.501329624  120.501329624  120.501329624
71.5  170.244840953  120.476877376  120.476877376  120.476877376
71.6  170.211196183  120.452427499  120.452427499  120.452427499
71.7  170.177546183  120.427978465  120.427978465  120.427978465
71.8  170.143888846  120.403528752  120.403528752  120.403528752
71.9  170.110222073  120.379076842  120.379076842  120.379076842
72.0  170.076543774  120.354621226  120.354621226  120.354621226
72.1  170.042851871  120.330160404  120.330160404  120.330160404
72.2  170.009144294  120.305692879  120.305692879  120.305692879
72.3  169.975418982  120.281217164  120.281217164  120.281217164
72.4  169.941673887  120.25673178  120.25673178  120.25673178
72.5  169.90790697  120.232235253  120.232235253  120.232235253
72.6  169.874116203  120.207726121  120.207726121  120.207726121
72.7  169.840299569  120.183202926  120.183202926  120.183202926
72.8  169.806455065  120.158664221  120.158664221  120.158664221
72.9  169.772580695  120.134108566  120.134108566  120.134108566
73.0  169.738674479  120.109534532  120.109534532  120.109534532
73.1  169.704734446  120.084940695  120.084940695  120.084940695
73.2  169.670758641  120.060325644  120.060325644  120.060325644
73.3  169.636745117  120.035687974  120.035687974  120.035687974
73.4  169.602691945  120.011026291  120.011026291  120.011026291
73.5  169.568597205  119.98633921  119.98633921  119.98633921
73.6  169.534458992  119.961625355  119.961625355  119.961625355
73.7  169.500275414  119.936883361  119.936883361  119.936883361
73.8  169.466044595  119.912111874  119.912111874  119.912111874
73.9  169.431764669  119.887309546  119.887309546  119.887309546
74.0  169.397433788  119.862475043  119.862475043  119.862475043
74.1  169.363050116  119.837607041  119.837607041  119.837607041
74.2  169.328611833  119.812704225  119.812704225  119.812704225
74.3  169.294117135  119.787765293  119.787765293  119.787765293
74.4  169.259564229  119.762788951  119.762788951  119.762788951
74.5  169.224951342  119.737773918  119.737773918  119.737773918
74.6  169.190276713  119.712718924  119.712718924  119.712718924
74.7  169.155538601  119.687622711  119.687622711  119.687622711
74.8  169.120735275  119.66248403  119.66248403  119.66248403
74.9  169.085865026  119.637301647  119.637301647  119.637301647
75.0  169.050926158  119.612074337  119.612074337  119.612074337
75.0  169.050926158  119.612074337  119.612074337  119.612074337
75.1  169.015916993  119.586800889  119.586800889  119.586800889
75.2  168.980835868  119.561480101  119.561480101  119.561480101
75.3  168.94568114  119.536110788  119.536110788  119.536110788
75.4  168.910451179  119.510691772  119.510691772  119.510691772
75.5  168.875144377  119.485221892  119.485221892  119.485221892
75.6  168.839759139  119.459699997  119.459699997  119.459699997
75.7  168.804293892  119.434124948  119.434124948  119.434124948
75.8  168.768747078  119.408495622  119.408495622  119.408495622
75.9  168.733117158  119.382810906  119.382810906  119.382810906
76.0  168.697402611  119.357069701  119.357069701  119.357069701
76.1  168.661601935  119.331270922  119.331270922  119.331270922
76.2  168.625713646  119.305413497  119.305413497  119.305413497
76.3  168.589736279  119.279496367  119.279496367  119.279496367
76.4  168.553668388  119.253518486  119.253518486  119.253518486
76.5  168.517508546  119.227478823  119.227478823  119.227478823
76.6  168.481255346  119.20137636  119.20137636  119.20137636
76.7  168.444907399  119.175210094  119.175210094  119.175210094
76.8  168.408463336  119.148979034  119.148979034  119.148979034
76.9  168.371921809  119.122682205  119.122682205  119.122682205
77.0  168.335281489  119.096318645  119.096318645  119.096318645
77.1  168.298541066  119.069887408  119.069887408  119.069887408
77.2  168.261699252  119.043387559  119.043387559  119.043387559
77.3  168.224754778  119.016818182  119.016818182  119.016818182
77.4  168.187706396  118.990178373  118.990178373  118.990178373
77.5  168.15055288  118.963467242  118.963467242  118.963467242
77.6  168.113293021  118.936683915  118.936683915  118.936683915
77.7  168.075925635  118.909827535  118.909827535  118.909827535
77.8  168.038449557  118.882897256  118.882897256  118.882897256
77.9  168.000863642  118.855892249  118.855892249  118.855892249
78.0  167.963166769  118.828811701  118.828811701  118.828811701
78.1  167.925357836  118.801654813  118.801654813  118.801654813
78.2  167.887435765  118.774420802  118.774420802  118.774420802
78.3  167.849399496  118.7471089  118.7471089  118.7471089
78.4  167.811247994  118.719718354  118.719718354  118.719718354
78.5  167.772980244  118.692248429  118.692248429  118.692248429
78.6  167.734595254  118.664698402  118.664698402  118.664698402
78.7  167.696092054  118.637067569  118.637067569  118.637067569
78.8  167.657469694  118.60935524  118.60935524  118.60935524
78.9  167.61872725  118.581560742  118.581560742  118.581560742
79.0  167.579863817  118.553683416  118.553683416  118.553683416
79.1  167.540878515  118.525722621  118.525722621  118.525722621
79.2  167.501770484  118.497677732  118.497677732  118.497677732
79.3  167.462538889  118.469548138  118.469548138  118.469548138
79.4  167.423182915  118.441333246  118.441333246  118.441333246
79.5  167.383701773  118.41303248  118.41303248  118.41303248
79.6  167.344094695  118.384645279  118.384645279  118.384645279
79.7  167.304360935  118.356171097  118.356171097  118.356171097
79.8  167.264499773  118.327609408  118.327609408  118.327609408
79.9  167.224510509  118.298959699  118.298959699  118.298959699
80.0  167.184392467  118.270221475  118.270221475  118.270221475
80.1  167.144144996  118.241394258  118.241394258  118.241394258
80.2  167.103767467  118.212477586  118.212477586  118.212477586
80.3  167.063259273  118.183471013  118.183471013  118.183471013
80.4  167.022619832  118.154374111  118.154374111  118.154374111
80.5  166.981848585  118.125186468  118.125186468  118.125186468
80.6  166.940944998  118.095907688  118.095907688  118.095907688
80.7  166.899908557  118.066537394  118.066537394  118.066537394
80.8  166.858738775  118.037075222  118.037075222  118.037075222
80.9  166.817435188  118.00752083  118.00752083  118.00752083
81.0  166.775997354  117.977873887  117.977873887  117.977873887
81.1  166.734424856  117.948134085  117.948134085  117.948134085
81.2  166.6927173  117.918301127  117.918301127  117.918301127
81.3  166.650874318  117.888374738  117.888374738  117.888374738
81.4  166.608895562  117.858354656  117.858354656  117.858354656
81.5  166.566780711  117.828240639  117.828240639  117.828240639
81.6  166.524529467  117.798032459  117.798032459  117.798032459
81.7  166.482141555  117.767729909  117.767729909  117.767729909
81.8  166.439616725  117.737332794  117.737332794  117.737332794
81.9  166.39695475  117.70684094  117.70684094  117.70684094
82.0  166.354155427  117.676254188  117.676254188  117.676254188
82.1  166.311218579  117.645572398  117.645572398  117.645572398
82.2  166.268144049  117.614795444  117.614795444  117.614795444
82.3  166.224931707  117.583923219  117.583923219  117.583923219
82.4  166.181581446  117.552955634  117.552955634  117.552955634
82.5  166.138093183  117.521892614  117.521892614  117.521892614
82.6  166.094466859  117.490734104  117.490734104  117.490734104
82.7  166.050702438  117.459480064  117.459480064  117.459480064
82.8  166.00679991  117.428130472  117.428130472  117.428130472
82.9  165.962759286  117.396685323  117.396685323  117.396685323
83.0  165.918580602  117.365144628  117.365144628  117.365144628
83.1  165.87426392  117.333508415  117.333508415  117.333508415
83.2  165.829809323  117.301776731  117.301776731  117.301776731
83.3  165.785216918  117.269949638  117.269949638  117.269949638
83.4  165.740486838  117.238027216  117.238027216  117.238027216
83.5  165.695619237  117.206009559  117.206009559  117.206009559
83.6  165.650614295  117.173896782  117.173896782  117.173896782
83.7  165.605472213  117.141689014  117.141689014  117.141689014
83.8  165.560193219  117.109386403  117.109386403  117.109386403
83.9  165.514777561  117.07698911  117.07698911  117.07698911
84.0  165.469225512  117.044497317  117.044497317  117.044497317
84.1  165.42353737  117.011911219  117.011911219  117.011911219
84.2  165.377713455  116.979231032  116.979231032  116.979231032
84.3  165.331754109  116.946456983  116.946456983  116.946456983
84.4  165.2856597  116.913589321  116.913589321  116.913589321
84.5  165.239430617  116.880628308  116.880628308  116.880628308
84.6  165.193067273  116.847574223  116.847574223  116.847574223
84.7  165.146570105  116.814427362  116.814427362  116.814427362
84.8  165.099939571  116.781188039  116.781188039  116.781188039
84.9  165.053176155  116.74785658  116.74785658  116.74785658
85.0  165.006280359  116.714433332  116.714433332  116.714433332
85.1  164.959252713  116.680918655  116.680918655  116.680918655
85.2  164.912093767  116.647312926  116.647312926  116.647312926
85.3  164.864804094  116.613616539  116.613616539  116.613616539
85.4  164.817384289  116.579829903  116.579829903  116.579829903
85.5  164.76983497  116.545953443  116.545953443  116.545953443
85.6  164.722156779  116.5119876  116.5119876  116.5119876
85.7  164.674350377  116.477932831  116.477932831  116.477932831
85.8  164.626416449  116.443789609  116.443789609  116.443789609
85.9  164.578355702  116.409558423  116.409558423  116.409558423
86.0  164.530168866  116.375239775  116.375239775  116.375239775
86.1  164.48185669  116.340834186  116.340834186  116.340834186
86.2  164.433419947  116.30634219  116.30634219  116.30634219
86.3  164.384859431  116.271764339  116.271764339  116.271764339
86.4  164.336175958  116.237101196  116.237101196  116.237101196
86.5  164.287370364  116.202353344  116.202353344  116.202353344
86.6  164.238443507  116.167521377  116.167521377  116.167521377
86.7  164.189396267  116.132605907  116.132605907  116.132605907
86.8  164.140229545  116.09760756  116.09760756  116.09760756
86.9  164.090944261  116.062526976  116.062526976  116.062526976
87.0  164.041541356  116.02736481  116.02736481  116.02736481
87.1  163.992021795  115.992121734  115.992121734  115.992121734
87.2  163.942386559  115.95679843  115.95679843  115.95679843
87.3  163.892636653  115.921395599  115.921395599  115.921395599
87.4  163.842773099  115.885913953  115.885913953  115.885913953
87.5  163.792796942  115.850354221  115.850354221  115.850354221
87.6  163.742709244  115.814717144  115.814717144  115.814717144
87.7  163.692511089  115.779003477  115.779003477  115.779003477
87.8  163.642203581  115.743213992  115.743213992  115.743213992
87.9  163.59178784  115.70734947  115.70734947  115.70734947
88.0  163.541265009  115.67141071  115.67141071  115.67141071
88.1  163.490636249  115.635398522  115.635398522  115.635398522
88.2  163.439902739  115.599313731  115.599313731  115.599313731
88.3  163.389065678  115.563157174  115.563157174  115.563157174
88.4  163.338126283  115.526929703  115.526929703  115.526929703
88.5  163.287085788  115.49063218  115.49063218  115.49063218
88.6  163.235945449  115.454265484  115.454265484  115.454265484
88.7  163.184706537  115.417830504  115.417830504  115.417830504
88.8  163.133370341  115.381328142  115.381328142  115.381328142
88.9  163.08193817  115.344759315  115.344759315  115.344759315
89.0  163.030411348  115.308124949  115.308124949  115.308124949
89.1  162.978791219  115.271425984  115.271425984  115.271425984
89.2  162.92707914  115.234663373  115.234663373  115.234663373
89.3  162.87527649  115.19783808  115.19783808  115.19783808
89.4  162.823384662  115.160951082  115.160951082  115.160951082
89.5  162.771405066  115.124003366  115.124003366  115.124003366
89.6  162.719339128  115.086995931  115.086995931  115.086995931
89.7  162.66718829  115.04992979  115.04992979  115.04992979
89.8  162.614954012  115.012805965  115.012805965  115.012805965
89.9  162.562637768  114.975625489  114.975625489  114.975625489
90.0  162.510241047  114.938389408  114.938389408  114.938389408
90.0  162.510241047  114.938389408  114.938389408  114.938389408
90.1  162.457765356  114.901098776  114.901098776  114.901098776
90.2  162.405212214  114.863754661  114.863754661  114.863754661
90.3  162.352583158  114.82635814  114.82635814  114.82635814
90.4  162.299879736  114.788910301  114.788910301  114.788910301
90.5  162.247103515  114.751412241  114.751412241  114.751412241
90.6  162.194256072  114.713865068  114.713865068  114.713865068
90.7  162.141339001  114.6762699  114.6762699  114.6762699
90.8  162.088353908  114.638627866  114.638627866  114.638627866
90.9  162.035302415  114.600940103  114.600940103  114.600940103
91.0  161.982186154  114.563207758  114.563207758  114.563207758
91.1  161.929006773  114.525431987  114.525431987  114.525431987
91.2  161.875765931  114.487613956  114.487613956  114.487613956
91.3  161.822465301  114.449754839  114.449754839  114.449754839
91.4  161.769106568  114.411855821  114.411855821  114.411855821
91.5  161.715691428  114.373918092  114.373918092  114.373918092
91.6  161.662221591  114.335942854  114.335942854  114.335942854
91.7  161.608698777  114.297931314  114.297931314  114.297931314
91.8  161.555124718  114.259884692  114.259884692  114.259884692
91.9  161.501501158  114.22180421  114.22180421  114.22180421
92.0  161.44782985  114.183691102  114.183691102  114.183691102
92.1  161.39411256  114.145546608  114.145546608  114.145546608
92.2  161.340351062  114.107371976  114.107371976  114.107371976
92.3  161.286547143  114.069168461  114.069168461  114.069168461
92.4  161.232702596  114.030937325  114.030937325  114.030937325
92.5  161.178819229  113.992679837  113.992679837  113.992679837
92.6  161.124898853  113.954397271  113.954397271  113.954397271
92.7  161.070943294  113.916090911  113.916090911  113.916090911
92.8  161.016954383  113.877762044  113.877762044  113.877762044
92.9  160.96293396  113.839411965  113.839411965  113.839411965
93.0  160.908883876  113.801041974  113.801041974  113.801041974
93.1  160.854805987  113.762653378  113.762653378  113.762653378
93.2  160.800702158  113.724247487  113.724247487  113.724247487
93.3  160.74657426  113.685825618  113.685825618  113.685825618
93.4  160.692424175  113.647389094  113.647389094  113.647389094
93.5  160.638253788  113.608939242  113.608939242  113.608939242
93.6  160.584064991  113.570477392  113.570477392  113.570477392
93.7  160.529859685  113.532004881  113.532004881  113.532004881
93.8  160.475639774  113.49352305  113.49352305  113.49352305
93.9  160.42140717  113.455033243  113.455033243  113.455033243
94.0  160.367163789  113.416536809  113.416536809  113.416536809
94.1  160.312911554  113.378035099  113.378035099  113.378035099
94.2  160.258652389  113.339529469  113.339529469  113.339529469
94.3  160.204388228  113.301021279  113.301021279  113.301021279
94.4  160.150121004  113.26251189  113.26251189  113.26251189
94.5  160.095852659  113.224002668  113.224002668  113.224002668
94.6  160.041585134  113.185494979  113.185494979  113.185494979
94.7  159.987320376  113.146990194  113.146990194  113.146990194
94.8  159.933060336  113.108489684  113.108489684  113.108489684
94.9  159.878806965  113.069994825  113.069994825  113.069994825
95.0  159.824562218  113.031506991  113.031506991  113.031506991
95.1  159.770328052  112.993027561  112.993027561  112.993027561
95.2  159.716106426  112.954557913  112.954557913  112.954557913
95.3  159.661899301  112.916099428  112.916099428  112.916099428
95.4  159.607708639  112.877653486  112.877653486  112.877653486
95.5  159.553536401  112.83922147  112.83922147  112.83922147
95.6  159.499384551  112.80080476  112.80080476  112.80080476
95.7  159.445255053  112.76240474  112.76240474  112.76240474
95.8  159.391149871  112.724022792  112.724022792  112.724022792
95.9  159.337070966  112.685660298  112.685660298  112.685660298
96.0  159.283020302  112.64731864  112.64731864  112.64731864
96.1  159.228999841  112.608999198  112.608999198  112.608999198
96.2  159.175011542  112.570703354  112.570703354  112.570703354
96.3  159.121057364  112.532432486  112.532432486  112.532432486
96.4  159.067139264  112.494187972  112.494187972  112.494187972
96.5  159.013259196  112.455971189  112.455971189  112.455971189
96.6  158.959419113  112.41778351  112.41778351  112.41778351
96.7  158.905620962  112.379626308  112.379626308  112.379626308
96.8  158.851866689  112.341500953  112.341500953  112.341500953
96.9  158.798158238  112.303408814  112.303408814  112.303408814
97.0  158.744497545  112.265351254  112.265351254  112.265351254
97.1  158.690886544  112.227329635  112.227329635  112.227329635
97.2  158.637327166  112.189345317  112.189345317  112.189345317
97.3  158.583821334  112.151399655  112.151399655  112.151399655
97.4  158.530370967  112.113494  112.113494  112.113494
97.5  158.47697798  112.0756297  112.0756297  112.0756297
97.6  158.42364428  112.037808099  112.037808099  112.037808099
97.7  158.370371768  112.000030536  112.000030536  112.000030536
97.8  158.31716234  111.962298345  111.962298345  111.962298345
97.9  158.264017884  111.924612857  111.924612857  111.924612857
98.0  158.210940279  111.886975396  111.886975396  111.886975396
98.1  158.1579314  111.849387282  111.849387282  111.849387282
98.2  158.104993112  111.811849827  111.811849827  111.811849827
98.3  158.052127272  111.774364341  111.774364341  111.774364341
98.4  157.999335728  111.736932125  111.736932125  111.736932125
98.5  157.946620319  111.699554474  111.699554474  111.699554474
98.6  157.893982877  111.662232678  111.662232678  111.662232678
98.7  157.84142522  111.62496802  111.62496802  111.62496802
98.8  157.788949161  111.587761774  111.587761774  111.587761774
98.9  157.736556499  111.550615208  111.550615208  111.550615208
99.0  157.684249024  111.513529584  111.513529584  111.513529584
99.1  157.632028514  111.476506153  111.476506153  111.476506153
99.2  157.579896738  111.439546161  111.439546161  111.439546161
99.3  157.527855449  111.402650845  111.402650845  111.402650845
99.4  157.475906393  111.365821432  111.365821432  111.365821432
99.5  157.4240513  111.329059141  111.329059141  111.329059141
99.6  157.372291889  111.292365184  111.292365184  111.292365184
99.7  157.320629866  111.255740762  111.255740762  111.255740762
99.8  157.269066921  111.219187066  111.219187066  111.219187066
99.9  157.217604735  111.182705278  111.182705278  111.182705278
100.0  157.16624497  111.146296571  111.146296571  111.146296571
100.1  157.114989277  111.109962106  111.109962106  111.109962106
100.2  157.063839291  111.073703036  111.073703036  111.073703036
100.3  157.012796631  111.037520501  111.037520501  111.037520501
100.4  156.961862903  111.001415632  111.001415632  111.001415632
100.5  156.911039694  110.965389546  110.965389546  110.965389546
100.6  156.860328577  110.929443352  110.929443352  110.929443352
100.7  156.809731109  110.893578145  110.893578145  110.893578145
100.8  156.759248828  110.857795009  110.857795009  110.857795009
100.9  156.708883256  110.822095017  110.822095017  110.822095017
101.0  156.658635897  110.786479227  110.786479227  110.783160504
101.1  156.608508239  110.750948686  110.750948686  110.751147891
101.2  156.558501749  110.715504429  110.715504429  110.719144598
101.3  156.508617878  110.680147477  110.680147477  110.687150621
101.4  156.458858055  110.644878836  110.644878836  110.655165957
101.5  156.409223694  110.609699501  110.609699501  110.623190602
101.6  156.359716185  110.574610452  110.574610452  110.591224552
101.7  156.310336901  110.539612656  110.539612656  110.559267806
101.8  156.25675825  110.501645721  110.501645721  110.527320358
101.9  156.212167196  110.470035199  110.470035199  110.495382207
102.0  156.167588866  110.438434234  110.438434234  110.463453347
102.1  156.123023258  110.406842819  110.406842819  110.431533777
102.2  156.078470368  110.375260946  110.375260946  110.399623493
102.3  156.033930191  110.34368861  110.34368861  110.367722491
102.4  155.989402725  110.312125805  110.312125805  110.335830768
102.5  155.944887966  110.280572524  110.280572524  110.303948321
102.6  155.90038591  110.24902876  110.24902876  110.272075147
102.7  155.855896554  110.217494508  110.217494508  110.240211242
102.8  155.811419894  110.185969761  110.185969761  110.208356603
102.9  155.766955926  110.154454513  110.154454513  110.176511226
103.0  155.722504646  110.122948757  110.122948757  110.144675109
103.1  155.678066052  110.091452488  110.091452488  110.112848248
103.2  155.633640139  110.059965699  110.059965699  110.08103064
103.3  155.589226904  110.028488384  110.028488384  110.049222281
103.4  155.544826343  109.997020537  109.997020537  110.017423169
103.5  155.500438453  109.965562153  109.965562153  109.9856333
103.6  155.45606323  109.934113224  109.934113224  109.953852671
103.7  155.41170067  109.902673745  109.902673745  109.922081278
103.8  155.36735077  109.871243709  109.871243709  109.890319119
103.9  155.323013526  109.839823112  109.839823112  109.85856619
104.0  155.278688935  109.808411946  109.808411946  109.826822489
104.1  155.234376993  109.777010206  109.777010206  109.795088011
104.2  155.190077695  109.745617886  109.745617886  109.763362753
104.3  155.14579104  109.714234981  109.714234981  109.731646713
104.4  155.101517023  109.682861483  109.682861483  109.699939887
104.5  155.05725564  109.651497388  109.651497388  109.668242273
104.6  155.013006888  109.620142689  109.620142689  109.636553866
104.7  154.968770763  109.588797381  109.588797381  109.604874664
104.8  154.924547263  109.557461458  109.557461458  109.573204663
104.9  154.880336382  109.526134915  109.526134915  109.541543861
105.0  154.836138117  109.494817744  109.494817744  109.509892255
105.0  154.836138117  109.494817744  109.494817744  109.509892255
105.1  154.791952466  109.463509942  109.463509942  109.47824984
105.2  154.747779423  109.432211502  109.432211502  109.446616614
105.3  154.703618987  109.400922418  109.400922418  109.414992574
105.4  154.659471152  109.369642685  109.369642685  109.383377717
105.5  154.615335916  109.338372297  109.338372297  109.35177204
105.6  154.571213275  109.307111249  109.307111249  109.320175539
105.7  154.527103226  109.275859534  109.275859534  109.288588212
105.8  154.483005763  109.244617148  109.244617148  109.257010054
105.9  154.438920885  109.213384086  109.213384086  109.225441065
106.0  154.394848588  109.18216034  109.18216034  109.193881239
106.1  154.350788867  109.150945907  109.150945907  109.162330574
106.2  154.30674172  109.11974078  109.11974078  109.130789067
106.3  154.262707143  109.088544954  109.088544954  109.099256715
106.4  154.218685132  109.057358423  109.057358423  109.067733515
106.5  154.174675683  109.026181183  109.026181183  109.036219463
106.6  154.130678793  108.995013228  108.995013228  109.004714558
106.7  154.086694459  108.963854552  108.963854552  108.973218794
106.8  154.042722676  108.932705151  108.932705151  108.941732171
106.9  153.998763442  108.901565018  108.901565018  108.910254684
107.0  153.954816753  108.870434149  108.870434149  108.87878633
107.1  153.910882604  108.839312538  108.839312538  108.847327107
107.2  153.866960993  108.80820018  108.80820018  108.815877012
107.3  153.823051916  108.777097069  108.777097069  108.78443604
107.4  153.779155369  108.746003202  108.746003202  108.753004191
107.5  153.735271349  108.714918571  108.714918571  108.721581459
107.6  153.691399853  108.683843173  108.683843173  108.690167843
107.7  153.647540876  108.652777002  108.652777002  108.658763339
107.8  153.603694415  108.621720052  108.621720052  108.627367945
107.9  153.559860466  108.59067232  108.59067232  108.595981657
108.0  153.516039026  108.559633799  108.559633799  108.564604472
108.1  153.472230092  108.528604484  108.528604484  108.533236388
108.2  153.42843366  108.497584371  108.497584371  108.501877401
108.3  153.384649725  108.466573455  108.466573455  108.470527508
108.4  153.340878286  108.43557173  108.43557173  108.439186707
108.5  153.297119337  108.404579191  108.404579191  108.407854994
108.6  153.253372876  108.373595834  108.373595834  108.376532367
108.7  153.209638899  108.342621653  108.342621653  108.345218822
108.8  153.165917402  108.311656643  108.311656643  108.313914357
108.9  153.122208382  108.2807008  108.2807008  108.282618969
109.0  153.078511835  108.249754119  108.249754119  108.251332654
109.1  153.034827758  108.218816594  108.218816594  108.22005541
109.2  152.991156147  108.187888222  108.187888222  108.188787234
109.3  152.947496999  108.156968996  108.156968996  108.157528122
109.4  152.90385031  108.126058912  108.126058912  108.126278073
109.5  152.860216076  108.095157966  108.095157966  108.095037082
109.6  152.816594294  108.064266151  108.064266151  108.063805148
109.7  152.772984961  108.033383465  108.033383465  108.032582266
109.8  152.729388072  108.002509901  108.002509901  108.001368435
109.9  152.685803625  107.971645456  107.971645456  107.970163652
110.0  152.642231615  107.940790124  107.940790124  107.938967912
110.1  152.59867204  107.9099439  107.9099439  107.907781214
110.2  152.555124895  107.87910678  107.87910678  107.876603555
110.3  152.511590177  107.84827876  107.84827876  107.845434931
110.4  152.468067882  107.817459834  107.817459834  107.81427534
110.5  152.424558008  107.786649998  107.786649998  107.78312478
110.6  152.38106055  107.755849247  107.755849247  107.751983246
110.7  152.337575505  107.725057576  107.725057576  107.720850736
110.8  152.294102869  107.694274981  107.694274981  107.689727247
110.9  152.25064264  107.663501458  107.663501458  107.658612777
111.0  152.207194812  107.632737001  107.632737001  107.627507322
111.1  152.163759383  107.601981607  107.601981607  107.59641088
111.2  152.120336349  107.57123527  107.57123527  107.565323448
111.3  152.076925707  107.540497986  107.540497986  107.534245023
111.4  152.033527453  107.50976975  107.50976975  107.503175602
111.5  151.990141584  107.479050559  107.479050559  107.472115182
111.6  151.946768096  107.448340407  107.448340407  107.44106376
111.7  151.903406985  107.41763929  107.41763929  107.410021333
111.8  151.860058248  107.386947203  107.386947203  107.3789879
111.9  151.816721882  107.356264143  107.356264143  107.347963456
112.0  151.773397882  107.325590104  107.325590104  107.316947999
112.1  151.730086246  107.294925082  107.294925082  107.285941526
112.2  151.68678697  107.264269073  107.264269073  107.254944035
112.3  151.64350005  107.233622072  107.233622072  107.223955522
112.4  151.600225483  107.202984075  107.202984075  107.192975985
112.5  151.556963265  107.172355078  107.172355078  107.16200542
112.6  151.513713393  107.141735076  107.141735076  107.131043826
112.7  151.470475863  107.111124065  107.111124065  107.100091198
112.8  151.427250672  107.08052204  107.08052204  107.069147535
112.9  151.384037816  107.049928998  107.049928998  107.038212834
113.0  151.340837292  107.019344934  107.019344934  107.007287091
113.1  151.297649096  106.988769843  106.988769843  106.976370304
113.2  151.254473224  106.958203721  106.958203721  106.945462471
113.3  151.211309674  106.927646565  106.927646565  106.914563588
113.4  151.168158441  106.89709837  106.89709837  106.883673652
113.5  151.125019522  106.866559131  106.866559131  106.852792661
113.6  151.081892914  106.836028844  106.836028844  106.821920612
113.7  151.038778613  106.805507506  106.805507506  106.791057502
113.8  150.995676616  106.774995111  106.774995111  106.760203329
113.9  150.952586918  106.744491657  106.744491657  106.729358089
114.0  150.909509517  106.713997137  106.713997137  106.69852178
114.1  150.86644441  106.68351155  106.68351155  106.667694399
114.2  150.823391591  106.653034889  106.653034889  106.636875943
114.3  150.780351059  106.622567152  106.622567152  106.60606641
114.4  150.737322809  106.592108334  106.592108334  106.575265797
114.5  150.694306838  106.561658431  106.561658431  106.5444741
114.6  150.651303142  106.531217438  106.531217438  106.513691318
114.7  150.608311719  106.500785352  106.500785352  106.482917447
114.8  150.565332564  106.470362169  106.470362169  106.452152485
114.9  150.522365674  106.439947885  106.439947885  106.421396429
115.0  150.479411045  106.409542495  106.409542495  106.390649276
115.1  150.436468675  106.379145995  106.379145995  106.359911023
115.2  150.393538559  106.348758382  106.348758382  106.329181669
115.3  150.350620694  106.318379651  106.318379651  106.298461209
115.4  150.307715076  106.288009799  106.288009799  106.267749641
115.5  150.264821703  106.257648821  106.257648821  106.237046963
115.6  150.221940569  106.227296713  106.227296713  106.206353171
115.7  150.179071673  106.196953472  106.196953472  106.175668264
115.8  150.136215011  106.166619094  106.166619094  106.144992238
115.9  150.093370578  106.136293574  106.136293574  106.11432509
116.0  150.050538372  106.105976909  106.105976909  106.083666818
116.1  150.007718389  106.075669094  106.075669094  106.053017419
116.2  149.964910626  106.045370126  106.045370126  106.022376891
116.3  149.922115078  106.015080001  106.015080001  105.99174523
116.4  149.879331744  105.984798715  105.984798715  105.961122435
116.5  149.836560618  105.954526264  105.954526264  105.930508501
116.6  149.793801698  105.924262644  105.924262644  105.899903427
116.7  149.75105498  105.894007852  105.894007852  105.869307209
116.8  149.708320461  105.863761883  105.863761883  105.838719846
116.9  149.665598137  105.833524733  105.833524733  105.808141334
117.0  149.622888004  105.8032964  105.8032964  105.777571671
117.1  149.58019006  105.773076878  105.773076878  105.747010854
117.2  149.537504301  105.742866165  105.742866165  105.71645888
117.3  149.494830722  105.712664256  105.712664256  105.685915747
117.4  149.452169322  105.682471148  105.682471148  105.655381451
117.5  149.409520096  105.652286836  105.652286836  105.624855991
117.6  149.36688304  105.622111318  105.622111318  105.594339363
117.7  149.324258152  105.591944588  105.591944588  105.563831565
117.8  149.281645428  105.561786645  105.561786645  105.533332594
117.9  149.239044865  105.531637483  105.531637483  105.502842448
118.0  149.196456458  105.501497099  105.501497099  105.472361123
118.1  149.153880205  105.471365489  105.471365489  105.441888618
118.2  149.111316101  105.44124265  105.44124265  105.411424928
118.3  149.068764145  105.411128578  105.411128578  105.380970053
118.4  149.026224331  105.381023269  105.381023269  105.350523989
118.5  148.983696657  105.350926719  105.350926719  105.320086732
118.6  148.941181119  105.320838926  105.320838926  105.289658282
118.7  148.898677714  105.290759884  105.290759884  105.259238635
118.8  148.856186438  105.260689591  105.260689591  105.228827788
118.9  148.813707287  105.230628043  105.230628043  105.198425739
119.0  148.771240259  105.200575236  105.200575236  105.168032485
119.1  148.72878535  105.170531167  105.170531167  105.137648023
119.2  148.686342556  105.140495832  105.140495832  105.107272351
119.3  148.643911875  105.110469227  105.110469227  105.076905466
119.4  148.601493301  105.080451349  105.080451349  105.046547366
119.5  148.559086833  105.050442194  105.050442194  105.016198047
119.6  148.516692466  105.020441758  105.020441758  104.985857507
119.7  148.474310197  104.990450039  104.990450039  104.955525744
119.8  148.431940023  104.960467032  104.960467032  104.925202755
119.9  148.38958194  104.930492734  104.930492734  104.894888537
120.0  148.347235945  104.900527141  104.900527141  104.864583087
120.0  148.347235945  104.900527141  104.900527141  104.864583087
120.1  148.304902034  104.87057025  104.87057025  104.834286404
120.2  148.262580204  104.840622057  104.840622057  104.803998484
120.3  148.220270451  104.810682559  104.810682559  104.773719324
120.4  148.177972773  104.780751753  104.780751753  104.743448922
120.5  148.135687165  104.750829633  104.750829633  104.713187276
120.6  148.093413624  104.720916198  104.720916198  104.682934382
120.7  148.051152146  104.691011444  104.691011444  104.652690239
120.8  148.008902729  104.661115367  104.661115367  104.622454843
120.9  147.966665368  104.631227964  104.631227964  104.592228191
121.0  147.924440061  104.601349231  104.601349231  104.562010282
121.1  147.882226803  104.571479164  104.571479164  104.531801113
121.2  147.840025592  104.541617761  104.541617761  104.501600681
121.3  147.797836424  104.511765018  104.511765018  104.471408983
121.4  147.755659296  104.481920932  104.481920932  104.441226017
121.5  147.713494203  104.452085498  104.452085498  104.411051779
121.6  147.671341144  104.422258714  104.422258714  104.380886269
121.7  147.629200113  104.392440577  104.392440577  104.350729482
121.8  147.587071109  104.362631082  104.362631082  104.320581417
121.9  147.544954126  104.332830226  104.332830226  104.29044207
122.0  147.502849163  104.303038007  104.303038007  104.260311439
122.1  147.460756215  104.27325442  104.27325442  104.230189522
122.2  147.418675279  104.243479462  104.243479462  104.200076316
122.3  147.376606352  104.21371313  104.21371313  104.169971818
122.4  147.33454943  104.183955421  104.183955421  104.139876025
122.5  147.29250451  104.154206331  104.154206331  104.109788936
122.6  147.250471588  104.124465856  104.124465856  104.079710547
122.7  147.208450661  104.094733994  104.094733994  104.049640856
122.8  147.166441726  104.065010741  104.065010741  104.01957986
122.9  147.124444779  104.035296094  104.035296094  103.989527557
123.0  147.082459817  104.00559005  104.00559005  103.959483945
123.1  147.040486835  103.975892604  103.975892604  103.929449019
123.2  146.998525832  103.946203755  103.946203755  103.899422779
123.3  146.956576803  103.916523498  103.916523498  103.86940522
123.4  146.914639745  103.88685183  103.88685183  103.839396342
123.5  146.872714655  103.857188748  103.857188748  103.809396141
123.6  146.830801529  103.827534249  103.827534249  103.779404614
123.7  146.788900363  103.79788833  103.79788833  103.749421759
123.8  146.747011155  103.768250986  103.768250986  103.719447574
123.9  146.705133901  103.738622216  103.738622216  103.689482056
124.0  146.663268598  103.709002015  103.709002015  103.659525201
124.1  146.621415241  103.67939038  103.67939038  103.629577009
124.2  146.579573829  103.649787309  103.649787309  103.599637476
124.3  146.537744356  103.620192798  103.620192798  103.569706599
124.4  146.495926821  103.590606843  103.590606843  103.539784376
124.5  146.454121219  103.561029442  103.561029442  103.509870804
124.6  146.412327547  103.531460591  103.531460591  103.479965882
124.7  146.370545801  103.501900287  103.501900287  103.450069605
124.8  146.328775979  103.472348527  103.472348527  103.420181973
124.9  146.287018077  103.442805308  103.442805308  103.390302981
125.0  146.245272092  103.413270626  103.413270626  103.360432628
125.1  146.203538019  103.383744478  103.383744478  103.330570911
125.2  146.161815856  103.354226862  103.354226862  103.300717828
125.3  146.120105599  103.324717774  103.324717774  103.270873376
125.4  146.078407246  103.29521721  103.29521721  103.241037551
125.5  146.036720791  103.265725168  103.265725168  103.211210353
125.6  145.995046233  103.236241644  103.236241644  103.181391778
125.7  145.953383568  103.206766636  103.206766636  103.151581823
125.8  145.911732791  103.17730014  103.17730014  103.121780487
125.9  145.870093901  103.147842153  103.147842153  103.091987766
126.0  145.828466893  103.118392672  103.118392672  103.062203659
126.1  145.786851764  103.088951694  103.088951694  103.032428161
126.2  145.745248511  103.059519216  103.059519216  103.002661272
126.3  145.703657131  103.030095234  103.030095234  102.972902988
126.4  145.662077619  103.000679746  103.000679746  102.943153307
126.5  145.620509973  102.971272748  102.971272748  102.913412226
126.6  145.578954189  102.941874237  102.941874237  102.883679744
126.7  145.537410264  102.91248421  102.91248421  102.853955856
126.8  145.495878194  102.883102665  102.883102665  102.824240561
126.9  145.454357976  102.853729598  102.853729598  102.794533856
127.0  145.412849607  102.824365005  102.824365005  102.764835739
127.1  145.371353083  102.795008885  102.795008885  102.735146207
127.2  145.329868401  102.765661233  102.765661233  102.705465257
127.3  145.288395558  102.736322047  102.736322047  102.675792888
127.4  145.246934549  102.706991324  102.706991324  102.646129096
127.5  145.205485373  102.67766906  102.67766906  102.616473879
127.6  145.164048025  102.648355254  102.648355254  102.586827234
127.7  145.122622501  102.6190499  102.6190499  102.557189159
127.8  145.0812088  102.589752998  102.589752998  102.527559652
127.9  145.039806916  102.560464543  102.560464543  102.49793871
128.0  144.998416848  102.531184532  102.531184532  102.46832633
128.1  144.957038591  102.501912963  102.501912963  102.438722509
128.2  144.915672142  102.472649832  102.472649832  102.409127247
128.3  144.874317498  102.443395137  102.443395137  102.379540538
128.4  144.832974655  102.414148875  102.414148875  102.349962382
128.5  144.79164361  102.384911042  102.384911042  102.320392776
128.6  144.75032436  102.355681636  102.355681636  102.290831717
128.7  144.709016902  102.326460653  102.326460653  102.261279203
128.8  144.667721231  102.29724809  102.29724809  102.231735231
128.9  144.626437345  102.268043946  102.268043946  102.202199799
129.0  144.585165239  102.238848215  102.238848215  102.172672904
129.1  144.543904912  102.209660897  102.209660897  102.143154543
129.2  144.50265636  102.180481987  102.180481987  102.113644715
129.3  144.461419578  102.151311483  102.151311483  102.084143417
129.4  144.420194564  102.122149382  102.122149382  102.054650645
129.5  144.378981315  102.09299568  102.09299568  102.025166398
129.6  144.337779826  102.063850376  102.063850376  101.995690674
129.7  144.296590095  102.034713465  102.034713465  101.966223469
129.8  144.255412119  102.005584946  102.005584946  101.936764781
129.9  144.214245893  101.976464815  101.976464815  101.907314607
130.0  144.173091416  101.947353068  101.947353068  101.877872946
130.1  144.131948682  101.918249704  101.918249704  101.848439795
130.2  144.090817689  101.88915472  101.88915472  101.819015151
130.3  144.049698434  101.860068112  101.860068112  101.789599011
130.4  144.008590914  101.830989877  101.830989877  101.760191373
130.5  143.967495124  101.801920013  101.801920013  101.730792235
130.6  143.926411061  101.772858517  101.772858517  101.701401595
130.7  143.885338723  101.743805386  101.743805386  101.672019449
130.8  143.844278105  101.714760616  101.714760616  101.642645795
130.9  143.803229205  101.685724206  101.685724206  101.613280631
131.0  143.76219202  101.656696152  101.656696152  101.583923954
131.1  143.721166545  101.627676451  101.627676451  101.554575761
131.2  143.680152777  101.598665101  101.598665101  101.525236051
131.3  143.639150714  101.569662098  101.569662098  101.495904821
131.4  143.598160351  101.54066744  101.54066744  101.466582068
131.5  143.557181686  101.511681124  101.511681124  101.43726779
131.6  143.516214714  101.482703147  101.482703147  101.407961984
131.7  143.475259434  101.453733506  101.453733506  101.378664648
131.8  143.434315841  101.424772198  101.424772198  101.349375779
131.9  143.393383932  101.395819221  101.395819221  101.320095375
132.0  143.352463704  101.366874572  101.366874572  101.290823433
132.1  143.311555153  101.337938247  101.337938247  101.261559952
132.2  143.270658277  101.309010245  101.309010245  101.232304928
132.3  143.229773071  101.280090561  101.280090561  101.203058358
132.4  143.188899533  101.251179194  101.251179194  101.173820241
132.5  143.148037658  101.22227614  101.22227614  101.144590575
132.6  143.107187445  101.193381398  101.193381398  101.115369355
132.7  143.066348889  101.164494963  101.164494963  101.086156581
132.8  143.025521987  101.135616833  101.135616833  101.05695225
132.9  142.984706735  101.106747005  101.106747005  101.027756358
133.0  142.943903132  101.077885477  101.077885477  100.998568904
133.1  142.903111172  101.049032246  101.049032246  100.969389886
133.2  142.862330853  101.020187308  101.020187308  100.9402193
133.3  142.821562172  100.991350662  100.991350662  100.911057144
133.4  142.780805125  100.962522304  100.962522304  100.881903416
133.5  142.740059709  100.933702231  100.933702231  100.852758114
133.6  142.69932592  100.904890442  100.904890442  100.823621234
133.7  142.658603755  100.876086932  100.876086932  100.794492775
133.8  142.617893212  100.8472917  100.8472917  100.765372733
133.9  142.577194286  100.818504742  100.818504742  100.736261108
134.0  142.536506974  100.789726056  100.789726056  100.707157895
134.1  142.495831273  100.760955638  100.760955638  100.678063093
134.2  142.45516718  100.732193487  100.732193487  100.648976699
134.3  142.414514691  100.7034396  100.7034396  100.61989871
134.4  142.373873804  100.674693973  100.674693973  100.590829125
134.5  142.333244513  100.645956604  100.645956604  100.56176794
134.6  142.292626818  100.617227491  100.617227491  100.532715154
134.7  142.252020713  100.588506629  100.588506629  100.503670764
134.8  142.211426196  100.559794018  100.559794018  100.474634767
134.9  142.170843264  100.531089654  100.531089654  100.445607161
135.0  142.130271913  100.502393534  100.502393534  100.416587944
135.0  142.130271913  100.502393534  100.502393534  100.416587944
135.1  142.089712139  100.473705655  100.473705655  100.387577113
135.2  142.049163941  100.445026016  100.445026016  100.358574665
135.3  142.008627313  100.416354612  100.416354612  100.329580598
135.4  141.968102254  100.387691442  100.387691442  100.300594911
135.5  141.927588759  100.359036503  100.359036503  100.271617599
135.6  141.887086825  100.330389792  100.330389792  100.242648661
135.7  141.84659645  100.301751306  100.301751306  100.213688095
135.8  141.806117629  100.273121043  100.273121043  100.184735898
135.9  141.76565036  100.244499  100.244499  100.155792067
150.0  136.173849585  96.2898417253  96.2898417253  96.1573198738
165.0  130.467050132  92.2542718339  92.2542718339  92.0787257461
180.0  124.99941231  88.3879795789  88.3879795789  88.1731314945
195.0  119.760913288  84.6837704948  84.6837704948  84.4331968391
210.0  114.741950274  81.1348169195  81.1348169195  80.851894675
225.0  109.933322912  77.7346001335  77.7346001335  77.4224963624
240.0  105.326216416  74.4768825711  74.4768825711  74.1385587516
255.0  100.91218541  71.3556908545  71.3556908545  70.9939120039
270.0  96.6831384504  68.3653029109  68.3653029109  67.9826479839
285.0  92.6313231911  65.5002368088  65.5002368088  65.0991091554
300.0  88.7493121723  62.7552404732  62.7552404732  62.3378779513
315.0  85.0299892059  60.1252819754  60.1252819754  59.693766595
330.0  81.46653633  57.60554028  57.60554028  57.161807354
345.0  78.0524213115  55.1913963978  55.1913963978  54.7372432056
360.0  74.7813856711  52.8784249147  52.8784249147  52.4155189005

#SVE monte-carlo points sigmaR (r, sigmaR_med, sigmaR_std)
9.0  210.012786098  0.0
12.5  197.763158752  0.0
15.9  192.641526556  0.0
19.4  191.18710582  0.0
22.9  191.410749961  0.0
26.4  191.928385878  0.0
29.9  191.991968974  0.0
33.3  191.333017913  0.0
36.8  189.901830365  0.0
40.3  187.860456278  0.0
43.8  185.437230699  0.0
47.2  182.941890161  0.0
50.7  180.425275669  0.0
54.2  178.105334171  0.0
57.7  176.061755781  0.0
61.1  174.357311263  0.0
64.6  172.857346694  0.0
68.1  171.544117989  0.0
71.6  170.325629737  0.0
75.0  169.142895443  0.0
78.5  167.846233542  0.0
82.0  166.412344958  0.0
85.5  164.815936932  0.0
89.0  163.066848899  0.0
92.4  161.261640146  0.0
95.9  159.359863845  0.0
99.4  157.493844012  0.0
102.9  155.812265443  0.0
106.3  154.289044086  0.0
109.8  152.736575022  0.0
113.3  151.19972703  0.0
116.8  149.678342928  0.0
120.2  148.215086823  0.0
123.7  146.723734418  0.0
127.2  145.247388123  0.0
130.7  143.785896946  0.0
134.2  142.339111413  0.0

#SVE monte-carlo points sigmaZ (r, sigmaZ_med, sigmaZ_std)
9.4  154.472151035  0.0
12.9  144.158151572  0.0
16.3  139.475688584  0.0
19.8  137.635932365  0.0
23.3  137.150894807  0.0
26.8  136.99604122  0.0
30.2  136.6400035  0.0
33.7  135.84126769  0.0
37.2  134.584828936  0.0
40.7  132.968159411  0.0
44.2  131.140256174  0.0
47.6  129.308817865  0.0
51.1  127.493877849  0.0
54.6  125.840959308  0.0
58.1  124.396839338  0.0
61.5  123.198000684  0.0
65.0  122.144034535  0.0
68.5  121.218536365  0.0
72.0  120.354621226  0.0
75.4  119.510691772  0.0
78.9  118.581560742  0.0
82.4  117.552955634  0.0
85.9  116.409558423  0.0
89.4  115.160951082  0.0
92.8  113.877762044  0.0
96.3  112.532432486  0.0
99.8  111.219187066  0.0
103.3  110.049222281  0.0
106.7  108.973218794  0.0
110.2  107.876603555  0.0
113.7  106.791057502  0.0
117.2  105.71645888  0.0
120.6  104.682934382  0.0
124.1  103.629577009  0.0
127.6  102.586827234  0.0
131.1  101.554575761  0.0
134.6  100.532715154  0.0

#SVE monte-carlo points sigmaPhi (r, sigmaPhi_med, sigmaPhi_std)
9.9  152.532329556  0.0
13.4  143.2084968  0.0
16.8  139.074388354  0.0
20.3  137.513842849  0.0
23.8  137.125711618  0.0
27.3  136.964259114  0.0
30.7  136.554919959  0.0
34.2  135.68844632  0.0
37.7  134.37275798  0.0
41.2  132.71625134  0.0
44.7  130.871082146  0.0
48.1  129.042626796  0.0
51.6  127.246244207  0.0
55.1  125.621341855  0.0
58.6  124.20830043  0.0
62.0  123.037288077  0.0
65.5  122.005440318  0.0
69.0  121.092965347  0.0
72.5  120.232235253  0.0
75.9  119.382810906  0.0
79.4  118.441333246  0.0
82.9  117.396685323  0.0
86.4  116.237101196  0.0
89.9  114.975625489  0.0
93.3  113.685825618  0.0
96.8  112.341500953  0.0
100.3  111.037520501  0.0
103.8  109.890319119  0.0
107.2  108.815877012  0.0
110.7  107.720850736  0.0
114.2  106.636875943  0.0
117.7  105.563831565  0.0
121.1  104.531801113  0.0
124.6  103.479965882  0.0
128.1  102.438722509  0.0
131.6  101.407961984  0.0
135.0  100.416587944  0.0
