#Star points (r, v, dv)
95.5  107.694916394  27.0230786525
71.1  152.402215636  8.04731386345
54.9  165.218308085  6.45772100153
35.3  147.732786604  7.15316787862
19.6  153.892458944  7.15316787862
12.5  188.96285146  3.07983616996
6.5  137.003034786  3.07983616996
1.2  9.23950850988  3.07983616996
1.2  9.23950850988  3.07983616996
6.5  137.003034786  3.07983616996
12.5  188.96285146  3.07983616996
19.6  153.892458944  7.15316787862
35.3  147.732786604  7.15316787862
54.9  165.218308085  6.45772100153
71.1  152.402215636  8.04731386345
95.5  107.694916394  27.0230786525

#Star and gas polinom (r, p_star, p_gas)
1.2  4.77560583909  22.1124736093
1.3  10.8837601904  32.643007111
1.4  16.8384718335  42.8360707952
1.5  22.6425993471  52.7005165354
1.6  28.29895993  62.2449817205
1.7  33.8103298708  71.4778941752
1.8  39.1794450131  80.407476978
1.9  44.409001217  89.0417531786
2.0  49.5016548166  97.3885504167
2.1  54.460023073  105.455505444
2.2  59.286684624  113.250068551
2.3  63.984179929  120.779507899
2.4  68.5550117107  128.050913764
2.5  73.0016453922  135.071202686
2.6  77.3265095307  141.847121531
2.7  81.531996247  148.385251471
2.8  85.6204616512  154.692011871
2.9  89.594226265  160.773664096
3.0  93.4555754394  166.63631524
3.1  97.2067597689  172.285921767
3.2  100.849995503  177.728293077
3.3  104.387464952  182.969094994
3.4  107.82131689  188.013853178
3.5  111.153666956  192.867956462
3.6  114.386598048  197.536660113
3.7  117.522160716  202.02508903
3.8  120.56237355  206.338240856
3.9  123.509223566  210.480989038
4.0  126.364666587  214.458085806
4.1  129.13062762  218.274165093
4.2  131.80900123  221.933745387
4.3  134.401651916  225.441232518
4.4  136.910414469  228.800922383
4.5  139.337094346  232.017003612
4.6  141.683468023  235.093560169
4.7  143.951283358  238.034573898
4.8  146.142259939  240.843927009
4.9  148.258089441  243.525404506
5.0  150.300435966  246.082696561
5.1  152.270936395  248.519400836
5.2  154.17120072  250.839024746
5.3  156.002812389  253.04498767
5.4  157.767328633  255.140623117
5.5  159.466280806  257.129180835
5.6  161.101174702  259.013828874
5.7  162.673490888  260.797655597
5.8  164.184685022  262.48367165
5.9  165.636188171  264.074811881
6.0  167.029407128  265.573937212
6.1  168.365724723  266.983836473
6.2  169.646500132  268.307228183
6.3  170.873069183  269.546762301
6.4  172.046744659  270.705021923
6.5  173.168816602  271.784524943
6.6  174.240552602  272.787725679
6.7  175.263198099  273.71701645
6.8  176.23797667  274.574729122
6.9  177.166090319  275.363136613
7.0  178.048719763  276.084454365
7.1  178.887024712  276.740841774
7.2  179.682144151  277.334403593
7.3  180.435196618  277.86719129
7.4  181.147280476  278.341204384
7.5  181.819474185  278.75839174
7.6  182.45283657  279.120652833
7.7  183.04840709  279.429838986
7.8  183.607206099  279.687754567
7.9  184.130235105  279.896158169
8.0  184.618477031  280.056763747
8.1  185.072896468  280.171241738
8.2  185.494439929  280.241220143
8.3  185.884036099  280.26828559
8.4  186.242596081  280.253984364
8.5  186.571013643  280.199823415
8.6  186.870165456  280.107271337
8.7  187.140911342  279.977759322
8.8  187.3840945  279.812682096
8.9  187.600541752  279.61339882
9.0  187.791063766  279.381233976
9.1  187.956455293  279.11747823
9.2  188.097495389  278.823389268
9.3  188.214947644  278.500192611
9.4  188.309560401  278.149082417
9.5  188.382066979  277.771222249
9.6  188.43318589  277.367745833
9.7  188.463621054  276.939757793
9.8  188.474062013  276.488334366
9.9  188.46518414  276.014524097
10.0  188.437648849  275.519348521
10.1  188.392103803  275.003802821
10.2  188.329183114  274.468856471
10.3  188.249507548  273.915453865
10.4  188.153684724  273.344514922
10.5  188.04230931  272.756935683
10.6  187.91596322  272.153588888
10.7  187.775215806  271.535324533
10.8  187.620624048  270.902970427
10.9  187.452732746  270.257332715
11.0  187.272074703  269.5991964
11.1  187.079170912  268.92932585
11.2  186.874530736  268.248465283
11.3  186.658652092  267.557339251
11.4  186.432021626  266.856653099
11.5  186.195114892  266.147093421
11.6  185.948396524  265.429328499
11.7  185.692320411  264.704008732
11.8  185.427329862  263.971767051
11.9  185.153857783  263.233219328
12.0  184.872326836  262.488964765
12.1  184.583149606  261.739586285
12.2  184.286728765  260.985650899
12.3  183.983457231  260.227710074
12.4  183.673718328  259.466300087
12.5  183.357885941  258.701942363
12.6  183.036324674  257.93514382
12.7  182.70939  257.166397186
12.8  182.377428416  256.396181322
12.9  182.04077759  255.624961526
13.0  181.699766511  254.853189841
13.1  181.354715632  254.081305337
13.2  181.005937017  253.309734406
13.3  180.653734484  252.538891031
13.4  180.298403744  251.769177062
13.5  179.940232541  251.000982473
13.6  179.579500789  250.234685622
13.7  179.216480708  249.470653498
13.8  178.85143696  248.709241963
13.9  178.484626779  247.950795989
14.0  178.116300103  247.195649887
14.1  177.746699701  246.444127531
14.2  177.376061305  245.696542578
14.3  177.004613732  244.953198677
14.4  176.632579011  244.214389678
14.5  176.260172505  243.480399833
14.6  175.88760303  242.751503995
14.7  175.515072979  242.027967805
14.8  175.142778438  241.310047884
14.9  174.770909302  240.597992009
15.0  174.399649392  239.892039298
15.1  174.029176566  239.192420377
15.2  173.659662836  238.499357552
15.3  173.291274474  237.813064972
15.4  172.924172125  237.133748795
15.5  172.55851091  236.461607336
15.6  172.19444054  235.796831228
15.7  171.832105414  235.139603571
15.8  171.471644728  234.490100073
15.9  171.113192572  233.848489199
16.0  170.756878038  233.214932307
16.1  170.402825311  232.589583785
16.2  170.051153777  231.972591185
16.3  169.701978112  231.364095354
16.4  169.35540838  230.764230561
16.5  169.01155013  230.173124621
16.6  168.670504486  229.590899017
16.7  168.33236824  229.017669023
16.8  167.997233943  228.453543816
16.9  167.665189992  227.898626596
17.0  167.336320721  227.353014693
17.1  167.010706487  226.816799682
17.2  166.688423753  226.290067489
17.3  166.369545175  225.772898494
17.4  166.054139687  225.265367642
17.5  165.742272576  224.767544537
17.6  165.434005573  224.279493547
17.7  165.129396921  223.801273902
17.8  164.828501465  223.332939789
17.9  164.53137072  222.874540445
18.0  164.238052954  222.426120256
18.1  163.948593258  221.987718843
18.2  163.663033624  221.559371154
18.3  163.381413016  221.141107555
18.4  163.103767442  220.732953911
18.5  162.830130025  220.334931681
18.6  162.560531072  219.947057992
18.7  162.294998146  219.569345732
18.8  162.033556128  219.201803624
18.9  161.776227289  218.844436315
19.0  161.523031352  218.497244446
19.1  161.273985557  218.16022474
19.2  161.029104729  217.833370073
19.3  160.788401334  217.516669553
19.4  160.551885545  217.210108597
19.5  160.319565301  216.913669003
19.6  160.091446368  216.627329023
19.7  159.867532396  216.351063439
19.8  159.647824979  216.084843632
19.9  159.432323711  215.828637656
20.0  159.221026239  215.582410304
20.1  159.013928326  215.34612318
20.2  158.811023894  215.11973477
20.3  158.612305089  214.903200503
20.4  158.417762325  214.696472826
20.5  158.227384338  214.499501266
20.6  158.04115824  214.312232495
20.7  157.859069564  214.134610398
20.8  157.681102314  213.966576138
20.9  157.507239018  213.808068216
21.0  157.337460769  213.659022538
21.1  157.171747276  213.519372476
21.2  157.010076906  213.38904893
21.3  156.852426733  213.26798039
21.4  156.698772581  213.156092999
21.5  156.549089064  213.053310608
21.6  156.403349634  212.959554842
21.7  156.26152662  212.874745157
21.8  156.123591267  212.798798898
21.9  155.989513784  212.731631359
22.0  155.859263373  212.673155839
22.1  155.732808277  212.623283702
22.2  155.610115815  212.581924433
22.3  155.491152418  212.548985694
22.4  155.375883668  212.52437338
22.5  155.264274333  212.507991675
22.6  155.156288403  212.499743109
22.7  155.051889125  212.49952861
22.8  154.951039037  212.507247558
22.9  154.853700001  212.522797842
23.0  154.759833236  212.546075913
23.1  154.66939935  212.576976832
23.2  154.582358374  212.61539433
23.3  154.498669788  212.661220855
23.4  154.418292555  212.714347626
23.5  154.341185152  212.774664682
23.6  154.267305594  212.842060936
23.7  154.196611467  212.916424225
23.8  154.129059953  212.997641358
23.9  154.064607862  213.085598166
24.0  154.003211651  213.180179554
24.1  153.944827457  213.281269548
24.2  153.889411121  213.388751341
24.3  153.83691821  213.502507347
24.4  153.787304046  213.622419241
24.5  153.740523728  213.748368013
24.6  153.696532152  213.88023401
24.7  153.655284041  214.017896986
24.8  153.616733962  214.161236145
24.9  153.58083635  214.310130188
25.0  153.547545528  214.464457355
25.1  153.516815731  214.624095475
25.2  153.488601121  214.788922006
25.3  153.462855815  214.958814081
25.4  153.439533895  215.133648547
25.5  153.418589433  215.313302014
25.6  153.399976511  215.497650894
25.7  153.383649232  215.686571441
25.8  153.369561744  215.879939796
25.9  153.357668256  216.077632027
26.0  153.347923052  216.279524168
26.1  153.340280509  216.485492262
26.2  153.334695115  216.695412396
26.3  153.331121479  216.909160746
26.4  153.329514352  217.126613611
26.5  153.329828638  217.347647451
26.6  153.332019409  217.57213893
26.7  153.336041919  217.799964948
26.8  153.341851618  218.031002677
26.9  153.349404164  218.265129604
27.0  153.358655435  218.502223559
27.1  153.369561544  218.742162754
27.2  153.382078849  218.984825819
27.3  153.396163963  219.230091833
27.4  153.411773769  219.47784036
27.5  153.428865428  219.72795148
27.6  153.44739639  219.980305825
27.7  153.467324405  220.234784609
27.8  153.488607531  220.491269659
27.9  153.511204147  220.749643448
28.0  153.535072957  221.009789126
28.1  153.560173003  221.271590545
28.2  153.586463672  221.534932298
28.3  153.613904704  221.799699738
28.4  153.642456201  222.065779013
28.5  153.672078633  222.333057092
28.6  153.702732847  222.601421792
28.7  153.73438007  222.870761807
28.8  153.766981923  223.14096673
28.9  153.800500421  223.411927084
29.0  153.83489798  223.683534343
29.1  153.870137427  223.955680961
29.2  153.906182  224.228260391
29.3  153.942995358  224.501167114
29.4  153.980541584  224.774296656
29.5  154.018785189  225.047545618
29.6  154.057691118  225.320811693
29.7  154.097224754  225.593993685
29.8  154.137351922  225.866991538
29.9  154.178038893  226.13970635
30.0  154.219252386  226.412040393
30.1  154.260959574  226.683897134
30.2  154.303128087  226.955181256
30.3  154.345726011  227.22579867
30.4  154.388721897  227.495656538
30.5  154.432084757  227.764663287
30.6  154.47578407  228.032728627
30.7  154.519789786  228.299763566
30.8  154.564072323  228.565680426
30.9  154.60860257  228.830392855
31.0  154.653351893  229.093815849
31.1  154.69829213  229.355865754
31.2  154.743395595  229.616460291
31.3  154.788635082  229.875518559
31.4  154.833983858  230.132961053
31.5  154.879415673  230.388709674
31.6  154.924904751  230.642687739
31.7  154.970425799  230.894819991
31.8  155.015954001  231.145032611
31.9  155.061465021  231.393253227
32.0  155.106934999  231.639410919
32.1  155.152340556  231.883436235
32.2  155.19765879  232.125261189
32.3  155.242867276  232.364819276
32.4  155.287944066  232.602045476
32.5  155.332867686  232.836876259
32.6  155.377617137  233.069249592
32.7  155.422171892  233.299104946
32.8  155.466511897  233.526383295
32.9  155.510617566  233.751027125
33.0  155.554469784  233.972980438
33.1  155.598049901  234.192188751
33.2  155.641339731  234.408599102
33.3  155.684321554  234.62216005
33.4  155.726978107  234.832821679
33.5  155.769292588  235.040535598
33.6  155.81124865  235.24525494
33.7  155.852830401  235.446934364
33.8  155.894022399  235.645530054
33.9  155.934809651  235.840999721
34.0  155.975177609  236.033302596
34.1  156.015112172  236.222399433
34.2  156.054599673  236.408252506
34.3  156.093626889  236.590825605
34.4  156.132181025  236.770084035
34.5  156.170249721  236.945994608
34.6  156.207821044  237.118525646
34.7  156.244883484  237.287646972
34.8  156.281425955  237.453329904
34.9  156.317437784  237.615547256
35.0  156.352908717  237.774273324
35.1  156.387828907  237.929483888
35.2  156.422188916  238.081156199
35.3  156.455979707  238.229268977
35.4  156.489192644  238.3738024
35.5  156.521819485  238.5147381
35.6  156.553852381  238.652059152
35.7  156.58528387  238.785750067
35.8  156.616106873  238.915796783
35.9  156.64631469  239.042186656
36.0  156.675900998  239.164908451
36.1  156.704859844  239.28395233
36.2  156.733185642  239.399309845
36.3  156.760873168  239.510973926
36.4  156.787917558  239.618938868
36.5  156.814314302  239.723200325
36.6  156.840059237  239.823755293
36.7  156.865148549  239.920602102
36.8  156.889578762  240.013740401
36.9  156.913346738  240.103171149
37.0  156.93644967  240.1888966
37.1  156.958885079  240.270920288
37.2  156.980650808  240.34924702
37.3  157.001745019  240.423882856
37.4  157.022166188  240.494835099
37.5  157.041913099  240.562112277
37.6  157.06098484  240.625724136
37.7  157.079380799  240.685681617
37.8  157.097100662  240.741996846
37.9  157.1141444  240.794683118
38.0  157.130512274  240.843754882
38.1  157.146204825  240.889227724
38.2  157.161222868  240.931118355
38.3  157.175567492  240.969444588
38.4  157.189240052  241.00422533
38.5  157.202242166  241.03548056
38.6  157.214575706  241.063231316
38.7  157.2262428  241.087499675
38.8  157.237245822  241.108308739
38.9  157.247587391  241.125682617
39.0  157.257270361  241.139646407
39.1  157.266297822  241.150226179
39.2  157.274673093  241.157448959
39.3  157.282399715  241.161342708
39.4  157.28948145  241.161936309
39.5  157.295922274  241.159259544
39.6  157.301726373  241.15334308
39.7  157.306898138  241.14421845
39.8  157.311442161  241.131918031
39.9  157.315363229  241.116475032
40.0  157.318666321  241.09792347
40.1  157.321356601  241.076298155
40.2  157.323439417  241.05163467
40.3  157.324920292  241.023969351
40.4  157.325804923  240.993339271
40.5  157.326099175  240.95978222
40.6  157.325809075  240.923336686
40.7  157.32494081  240.884041836
40.8  157.323500722  240.841937495
40.9  157.321495301  240.797064133
41.0  157.318931184  240.749462838
41.1  157.315815148  240.699175305
41.2  157.312154106  240.646243809
41.3  157.307955104  240.590711194
41.4  157.303225316  240.532620845
41.5  157.297972037  240.472016679
41.6  157.292202683  240.408943116
41.7  157.285924784  240.343445068
41.8  157.27914598  240.275567913
41.9  157.271874019  240.205357483
42.0  157.264116746  240.132860038
42.1  157.25588211  240.058122254
42.2  157.247178149  239.981191198
42.3  157.238012991  239.902114311
42.4  157.228394852  239.820939394
42.5  157.218332025  239.737714579
42.6  157.207832884  239.652488322
42.7  157.196905875  239.565309374
42.8  157.185559511  239.47622677
42.9  157.173802373  239.385289807
43.0  157.161643104  239.292548025
43.1  157.149090401  239.198051192
43.2  157.136153018  239.101849281
43.3  157.122839758  239.003992455
43.4  157.109159471  238.90453105
43.5  157.095121047  238.803515555
43.6  157.080733418  238.700996592
43.7  157.066005549  238.597024904
43.8  157.050946438  238.491651333
43.9  157.035565111  238.384926805
44.0  157.019870618  238.276902308
44.1  157.00387203  238.167628882
44.2  156.987578437  238.057157598
44.3  156.970998943  237.945539539
44.4  156.954142661  237.832825786
44.5  156.937018716  237.719067403
44.6  156.919636232  237.604315415
44.7  156.902004339  237.488620799
44.8  156.884132163  237.372034461
44.9  156.866028825  237.254607224
45.0  156.847703438  237.13638981
45.1  156.829165103  237.017432827
45.2  156.81042291  236.89778675
45.3  156.791485927  236.777501909
45.4  156.772363207  236.656628472
45.5  156.753063776  236.535216431
45.6  156.733596637  236.413315585
45.7  156.713970762  236.290975531
45.8  156.694195095  236.16824564
45.9  156.674278544  236.045175054
46.0  156.654229981  235.921812665
46.1  156.634058237  235.7982071
46.2  156.613772105  235.674406714
46.3  156.59338033  235.550459572
46.4  156.572891613  235.426413435
46.5  156.552314604  235.30231575
46.6  156.531657904  235.178213638
46.7  156.510930057  235.054153875
46.8  156.490139552  234.930182888
46.9  156.469294822  234.806346738
47.0  156.448404236  234.682691108
47.1  156.427476102  234.559261295
47.2  156.406518663  234.436102193
47.3  156.385540096  234.313258289
47.4  156.364548507  234.190773645
47.5  156.343551934  234.06869189
47.6  156.322558339  233.947056212
47.7  156.301575611  233.825909344
47.8  156.280611563  233.705293556
47.9  156.25967393  233.585250644
48.0  156.238770364  233.465821921
48.1  156.21790844  233.347048208
48.2  156.197095644  233.228969825
48.3  156.176339382  233.111626582
48.4  156.15564697  232.995057769
48.5  156.135025638  232.879302149
48.6  156.114482526  232.76439795
48.7  156.094024681  232.650382857
48.8  156.073659061  232.537294002
48.9  156.053392526  232.425167962
49.0  156.033231845  232.314040744
49.1  156.013183687  232.203947788
49.2  155.993254627  232.094923949
49.3  155.973451139  231.987003499
49.4  155.953779597  231.88022012
49.5  155.934246274  231.774606892
49.6  155.914857341  231.670196294
49.7  155.895618868  231.567020197
49.8  155.876536818  231.465109853
49.9  155.85761705  231.364495899
50.0  155.838865318  231.265208347
50.1  155.820287267  231.167276578
50.2  155.801888438  231.070729342
50.3  155.78367426  230.975594753
50.4  155.765650055  230.881900282
50.5  155.747821035  230.789672756
50.6  155.730192301  230.698938355
50.7  155.712768844  230.609722606
50.8  155.695555542  230.522050386
50.9  155.678557163  230.435945912
51.0  155.66177836  230.351432744
51.1  155.645223674  230.268533781
51.2  155.628897533  230.187271259
51.3  155.61280425  230.107666748
51.4  155.596948026  230.029741153
51.5  155.581332943  229.953514712
51.6  155.565962974  229.879006994
51.7  155.550841972  229.806236897
51.8  155.535973678  229.735222654
51.9  155.521361716  229.665981821
52.0  155.507009595  229.598531289
52.1  155.492920707  229.532887277
52.2  155.479098332  229.469065332
52.3  155.465545629  229.407080335
52.4  155.452265646  229.346946494
52.5  155.439261312  229.288677351
52.6  155.426535443  229.232285783
52.7  155.414090738  229.177783998
52.8  155.40192978  229.125183541
52.9  155.390055039  229.074495295
53.0  155.378468868  229.025729484
53.1  155.367173505  228.978895669
53.2  155.356171077  228.93400276
53.3  155.345463592  228.891059011
53.4  155.335052947  228.850072025
53.5  155.324940924  228.811048757
53.6  155.315129195  228.773995519
53.7  155.305619315  228.738917977
53.8  155.296412728  228.705821163
53.9  155.287510769  228.674709473
54.0  155.278914658  228.645586671
54.1  155.270625506  228.618455893
54.2  155.262644314  228.593319655
54.3  155.254971971  228.570179854
54.4  155.24760926  228.549037769
54.5  155.240556854  228.529894074
54.6  155.233815317  228.512748836
54.7  155.227385109  228.497601522
54.8  155.22126658  228.484451004
54.9  155.215459978  228.473295565
55.0  155.209965442  228.464132903
55.1  155.20478301  228.456960138
55.2  155.199912616  228.451773817
55.3  155.195354089  228.448569917
55.4  155.19110716  228.44734386
55.5  155.187171457  228.448090503
55.6  155.183546507  228.450804162
55.7  155.180231741  228.455478606
55.8  155.177226489  228.462107072
55.9  155.174529985  228.47068226
56.0  155.172141367  228.481196352
56.1  155.170059677  228.493641014
56.2  155.168283863  228.508007398
56.3  155.16681278  228.52428616
56.4  155.16564519  228.542467454
56.5  155.164779765  228.56254095
56.6  155.164215086  228.584495836
56.7  155.163949646  228.608320827
56.8  155.163981848  228.634004171
56.9  155.164310011  228.661533661
57.0  155.164932367  228.690896636
57.1  155.165847063  228.722079991
57.2  155.167052163  228.75507019
57.3  155.168545649  228.789853268
57.4  155.170325423  228.826414842
57.5  155.172389305  228.864740118
57.6  155.174735039  228.904813895
57.7  155.17736029  228.946620586
57.8  155.180262647  228.990144208
57.9  155.183439626  229.03536841
58.0  155.186888667  229.08227646
58.1  155.190607138  229.130851277
58.2  155.194592339  229.181075417
58.3  155.198841497  229.232931102
58.4  155.203351773  229.286400208
58.5  155.208120258  229.341464292
58.6  155.21314398  229.398104589
58.7  155.218419902  229.456302026
58.8  155.223944923  229.516037231
58.9  155.229715882  229.577290535
59.0  155.235729556  229.64004199
59.1  155.241982664  229.704271375
59.2  155.248471866  229.769958197
59.3  155.255193769  229.837081713
59.4  155.262144921  229.905620931
59.5  155.269321819  229.975554613
59.6  155.276720908  230.046861301
59.7  155.284338581  230.119519314
59.8  155.292171184  230.193506754
59.9  155.300215012  230.268801517
60.0  155.308466317  230.345381318
60.1  155.316921303  230.423223675
60.2  155.325576132  230.502305927
60.3  155.334426924  230.582605258
60.4  155.343469756  230.664098681
60.5  155.352700669  230.746763067
60.6  155.362115663  230.830575138
60.7  155.371710704  230.915511489
60.8  155.381481721  231.001548592
60.9  155.39142461  231.088662799
61.0  155.401535235  231.176830357
61.1  155.411809429  231.266027421
61.2  155.422242995  231.356230051
61.3  155.43283171  231.447414226
61.4  155.443571321  231.539555857
61.5  155.454457553  231.632630793
61.6  155.465486106  231.726614821
61.7  155.476652658  231.821483689
61.8  155.487952866  231.917213105
61.9  155.499382366  232.01377874
62.0  155.51093678  232.111156256
62.1  155.522611708  232.20932129
62.2  155.534402739  232.308249489
62.3  155.546305445  232.407916484
62.4  155.558315388  232.508297932
62.5  155.570428117  232.6093695
62.6  155.582639173  232.71110689
62.7  155.594944087  232.813485829
62.8  155.607338383  232.916482098
62.9  155.619817581  233.020071518
63.0  155.632377194  233.124229976
63.1  155.645012735  233.228933415
63.2  155.657719714  233.33415786
63.3  155.670493639  233.439879414
63.4  155.683330022  233.546074259
63.5  155.696224377  233.652718687
63.6  155.709172218  233.75978908
63.7  155.722169068  233.867261932
63.8  155.735210455  233.975113855
63.9  155.748291914  234.083321578
64.0  155.761408989  234.191861964
64.1  155.774557234  234.300712017
64.2  155.787732214  234.409848873
64.3  155.800929508  234.519249824
64.4  155.814144707  234.628892314
64.5  155.827373418  234.73875395
64.6  155.840611263  234.848812507
64.7  155.853853884  234.959045941
64.8  155.867096938  235.069432366
64.9  155.880336105  235.179950114
65.0  155.893567084  235.290577683
65.1  155.906785596  235.401293779
65.2  155.919987387  235.512077306
65.3  155.933168225  235.622907384
65.4  155.946323906  235.733763336
65.5  155.959450251  235.84462471
65.6  155.972543108  235.955471273
65.7  155.985598355  236.066283033
65.8  155.9986119  236.177040223
65.9  156.011579681  236.287723301
66.0  156.024497669  236.398312996
66.1  156.037361866  236.508790268
66.2  156.05016831  236.619136322
66.3  156.062913073  236.729332636
66.4  156.075592262  236.839360933
66.5  156.088202023  236.949203219
66.6  156.100738539  237.058841746
66.7  156.11319803  237.168259054
66.8  156.125576758  237.277437955
66.9  156.137871025  237.386361539
67.0  156.150077175  237.495013176
67.1  156.162191592  237.603376525
67.2  156.174210706  237.711435544
67.3  156.18613099  237.819174455
67.4  156.197948961  237.926577812
67.5  156.209661184  238.03363044
67.6  156.221264269  238.140317475
67.7  156.232754874  238.246624356
67.8  156.244129703  238.352536826
67.9  156.255385512  238.45804094
68.0  156.266519104  238.563123056
68.1  156.277527335  238.667769848
68.2  156.288407109  238.771968315
68.3  156.299155383  238.875705753
68.4  156.309769167  238.978969789
68.5  156.320245523  239.081748366
68.6  156.330581568  239.184029753
68.7  156.340774471  239.28580252
68.8  156.350821458  239.387055593
68.9  156.36071981  239.487778204
69.0  156.370466862  239.587959904
69.1  156.380060009  239.687590591
69.2  156.3894967  239.78666047
69.3  156.398774443  239.885160089
69.4  156.407890804  239.983080313
69.5  156.416843408  240.080412343
69.6  156.425629938  240.177147713
69.7  156.434248137  240.27327826
69.8  156.442695808  240.368796192
69.9  156.450970815  240.463694012
70.0  156.459071081  240.557964573
70.1  156.466994591  240.651601029
70.2  156.474739391  240.744596901
70.3  156.482303591  240.836946008
70.4  156.489685359  240.928642499
70.5  156.49688293  241.019680864
70.6  156.503894598  241.110055905
70.7  156.510718721  241.199762754
70.8  156.517353721  241.288796863
70.9  156.523798082  241.377154003
71.0  156.530050355  241.464830281
71.1  156.53610915  241.551822097
71.2  156.541973144  241.63812619
71.3  156.547641078  241.723739613
71.4  156.553111756  241.80865973
71.5  156.558384049  241.892884194
71.6  156.563456889  241.976411017
71.7  156.568329275  242.05923848
71.8  156.573000271  242.141365192
71.9  156.577469004  242.222790047
72.0  156.581734668  242.303512243
72.1  156.585796519  242.383531305
72.2  156.58965388  242.462847032
72.3  156.593306138  242.541459508
72.4  156.596752746  242.619369125
72.5  156.59999322  242.696576565
72.6  156.603027141  242.77308278
72.7  156.605854156  242.848889022
72.8  156.608473975  242.923996809
72.9  156.610886372  242.998407952
73.0  156.613091187  243.072124521
73.1  156.615088323  243.145148851
73.2  156.616877747  243.217483566
73.3  156.61845949  243.289131526
73.4  156.619833645  243.360095882
73.5  156.621000371  243.430380019
73.6  156.621959889  243.499987578
73.7  156.622712481  243.568922448
73.8  156.623258494  243.63718877
73.9  156.623598337  243.704790923
74.0  156.623732479  243.771733526
74.1  156.623661454  243.838021413
74.2  156.623385853  243.903659676
74.3  156.622906333  243.968653595
74.4  156.622223608  244.033008717
74.5  156.621338453  244.096730776
74.6  156.620251703  244.15982572
74.7  156.618964255  244.222299705
74.8  156.61747706  244.284159097
74.9  156.615791133  244.34541045
75.0  156.613907543  244.406060532
75.1  156.611827419  244.466116284
75.2  156.609551947  244.525584833
75.3  156.60708237  244.584473493
75.4  156.604419985  244.642789747
75.5  156.601566148  244.700541269
75.6  156.598522269  244.757735862
75.7  156.595289811  244.814381521
75.8  156.591870293  244.870486391
75.9  156.588265288  244.92605878
76.0  156.584476421  244.9811071
76.1  156.580505367  245.035639949
76.2  156.576353858  245.089666042
76.3  156.572023673  245.143194247
76.4  156.567516644  245.196233519
76.5  156.562834649  245.248792977
76.6  156.557979621  245.30088184
76.7  156.552953536  245.352509411
76.8  156.547758421  245.403685159
76.9  156.54239635  245.454418612
77.0  156.536869443  245.504719382
77.1  156.531179864  245.554597211
77.2  156.525329825  245.604061909
77.3  156.51932158  245.653123391
77.4  156.513157428  245.701791574
77.5  156.50683971  245.75007653
77.6  156.500370809  245.797988344
77.7  156.49375315  245.845537194
77.8  156.486989197  245.892733284
77.9  156.480081455  245.939586889
78.0  156.473032467  245.986108352
78.1  156.465844815  246.032307936
78.2  156.458521117  246.078196124
78.3  156.451064028  246.123783268
78.4  156.443476239  246.169079829
78.5  156.435760475  246.214096262
78.6  156.427919494  246.258843029
78.7  156.41995609  246.303330648
78.8  156.411873085  246.347569521
78.9  156.403673336  246.391570187
79.0  156.395359727  246.43534312
79.1  156.386935175  246.478898768
79.2  156.378402622  246.522247555
79.3  156.36976504  246.565399938
79.4  156.361025428  246.608366289
79.5  156.352186808  246.651156988
79.6  156.34325223  246.693782356
79.7  156.334224766  246.736252657
79.8  156.325107513  246.778578168
79.9  156.315903588  246.820769045
80.0  156.306616129  246.86283544
80.1  156.297248297  246.904787424
80.2  156.287803271  246.94663498
80.3  156.278284245  246.988388072
80.4  156.268694436  247.030056498
80.5  156.259037073  247.07165013
80.6  156.249315402  247.113178622
80.7  156.239532684  247.154651559
80.8  156.229692193  247.196078501
80.9  156.219797214  247.237468818
81.0  156.209851047  247.278831852
81.1  156.199856999  247.320176841
81.2  156.189818388  247.36151282
81.3  156.179738541  247.402848837
81.4  156.169620792  247.444193716
81.5  156.159468482  247.485556229
81.6  156.149284958  247.526944988
81.7  156.13907357  247.568368483
81.8  156.128837674  247.609835056
81.9  156.118580626  247.651352926
82.0  156.108305786  247.692930153
82.1  156.098016513  247.73457469
82.2  156.087716168  247.776294319
82.3  156.077408108  247.818096615
82.4  156.067095688  247.859989083
82.5  156.056782263  247.90197904
82.6  156.046471181  247.944073593
82.7  156.036165783  247.986279736
82.8  156.025869409  248.028604291
82.9  156.015585387  248.071053866
83.0  156.00531704  248.113634915
83.1  155.99506768  248.15635376
83.2  155.984840609  248.199216414
83.3  155.97463912  248.242228864
83.4  155.964466491  248.285396757
83.5  155.95432599  248.328725693
83.6  155.944220869  248.372220958
83.7  155.934154366  248.415887716
83.8  155.924129703  248.459730894
83.9  155.914150085  248.503755181
84.0  155.9042187  248.547965208
84.1  155.894338717  248.592365254
84.2  155.884513284  248.636959436
84.3  155.874745532  248.681751629
84.4  155.865038568  248.726745587
84.5  155.855395477  248.771944802
84.6  155.845819321  248.817352472
84.7  155.836313139  248.862971674
84.8  155.826879943  248.908805205
84.9  155.81752272  248.954855742
85.0  155.808244432  249.001125613
85.1  155.79904801  249.047616982
85.2  155.78993636  249.094331796
85.3  155.780912357  249.141271708
85.4  155.771978846  249.188438273
85.5  155.76313864  249.235832649
85.6  155.754394522  249.283455924
85.7  155.745749241  249.33130882
85.8  155.737205514  249.379391922
85.9  155.728766023  249.427705476
86.0  155.720433414  249.476249633
86.1  155.712210298  249.525024223
86.2  155.70409925  249.574028873
86.3  155.696102807  249.623262896
86.4  155.688223467  249.672725489
86.5  155.680463691  249.722415491
86.6  155.672825901  249.772331571
86.7  155.665312474  249.822472197
86.8  155.657925752  249.87283556
86.9  155.650668031  249.923419548
87.0  155.643541566  249.974221864
87.1  155.63654857  250.025240058
87.2  155.62969121  250.07647135
87.3  155.622971612  250.127912681
87.4  155.616391853  250.179560867
87.5  155.609953966  250.231412413
87.6  155.603659939  250.28346365
87.7  155.597511711  250.335710608
87.8  155.591511175  250.388149092
87.9  155.585660176  250.440774725
88.0  155.579960508  250.493582837
88.1  155.57441392  250.546568614
88.2  155.569022106  250.599726891
88.3  155.563786715  250.653052402
88.4  155.558709343  250.706539546
88.5  155.553791533  250.760182615
88.6  155.549034779  250.813975498
88.7  155.544440521  250.867912071
88.8  155.540010147  250.921985719
88.9  155.535744992  250.976190012
89.0  155.531646337  251.030517856
89.1  155.52771541  251.084962293
89.2  155.523953384  251.13951589
89.3  155.520361377  251.194171191
89.4  155.516940451  251.248920412
89.5  155.513691616  251.303755637
89.6  155.510615822  251.358668713
89.7  155.507713966  251.413651267
89.8  155.504986886  251.468694669
89.9  155.502435365  251.523790296
90.0  155.500060129  251.578929083
90.1  155.497861846  251.634101929
90.2  155.495841128  251.689299457
90.3  155.493998526  251.744512152
90.4  155.492334537  251.799730286
90.5  155.490849597  251.854943976
90.6  155.489544085  251.910143183
90.7  155.488418322  251.96531751
90.8  155.487472568  252.020456616
90.9  155.486707027  252.07554984
91.0  155.486121842  252.130586496
91.1  155.485717099  252.185555531
91.2  155.485492824  252.240445916
91.3  155.485448983  252.295246378
91.4  155.485585483  252.34994543
91.5  155.485902175  252.404531577
91.6  155.486398846  252.458993043
91.7  155.487075227  252.513317913
91.8  155.487930989  252.567494349
91.9  155.488965742  252.621510024
92.0  155.490179042  252.675352722
92.1  155.491570379  252.729009957
92.2  155.493139191  252.782469328
92.3  155.494884851  252.83571802
92.4  155.496806678  252.88874333
92.5  155.49890393  252.941532323
92.6  155.501175808  252.994071931
92.7  155.503621454  253.046349115
92.8  155.506239951  253.098350578
92.9  155.509030326  253.150062988
93.0  155.511991548  253.201472925
93.1  155.515122528  253.252566983
93.2  155.51842212  253.303331259
93.3  155.521889121  253.353752411
93.4  155.525522273  253.403816399
93.5  155.529320261  253.453509382
93.6  155.533281713  253.502817595
93.7  155.537405203  253.551726987
93.8  155.541689249  253.600223455
93.9  155.546132316  253.648292867
94.0  155.55073281  253.695921108
94.1  155.555489089  253.743094001
94.2  155.560399454  253.789797129
94.3  155.565462154  253.836016278
94.4  155.570675385  253.881737076
94.5  155.57603729  253.92694527
94.6  155.581545963  253.971626218
94.7  155.587199445  254.015765635
94.8  155.592995726  254.059349093
94.9  155.598932748  254.102362082
95.0  155.605008403  254.144790092
95.1  155.611220531  254.186618653
95.2  155.617566929  254.227833399
95.3  155.624045341  254.268419674
95.4  155.630653469  254.308363029

#Gas points (r, v, dv)
1.01  174.16  40.45
2.18  163.96  35.62
3.31  229.83  27.21
4.51  276.37  11.28
5.68  273.69  11.81
6.75  265.81  15.93
7.89  267.96  11.81
9.06  277.63  11.81
10.22  271.54  12.17
11.36  261.69  11.46
12.46  242.54  8.59
13.57  244.87  10.02
14.8  228.22  9.67
15.94  261.34  5.37
18.21  233.59  8.95
19.31  217.12  18.62
20.51  209.79  3.76
21.62  218.56  15.21
29.85  219.27  8.77
36.48  253.46  7.16
37.62  230.01  6.62
39.86  227.15  7.52
39.95  229.47  9.13
40.96  245.58  3.76
42.16  230.91  3.4
43.33  235.2  4.47
44.4  239.14  1.79
45.73  236.28  2.51
49.86  226.79  2.51
52.51  231.98  3.58
53.68  236.46  2.68
54.75  232.7  3.94
55.76  224.28  2.86
57.02  227.68  6.26
58.19  231.09  7.52
59.83  229.65  1.25
62.67  235.56  13.42
66.08  227.15  6.98
67.06  242.72  2.68
68.45  243.97  2.33
69.58  243.62  3.58
70.66  244.51  5.73
71.79  239.32  3.4
73.05  252.03  9.67
79.78  246.66  0.72
86.78  232.7  9.13
87.79  238.07  7.52
89.65  251.49  0.72
99.38  254.87  1.25
109.75  248.24  1.79
120.12  239.1  3.22
129.57  224.6  1.79
139.55  220.48  3.58
149.39  220.3  1.07
159.5  219.76  0.54
169.08  222.81  1.61
179.19  227.82  2.15
189.17  233.01  2.68
199.14  237.67  3.04
208.86  242.33  3.22
219.23  248.06  3.94
6  274  5
7  274  5
8  274  5
9  274  5
10  274  5
190  240  5
191  240  5
192  240  5
193  240  5
194  240  5
