#SVE points (r, sigmaR, sigmaZ, sigmaPhi, sigmaMajRestored)
10.0  127.218042268  63.6090211339  110.397394619  97.5336139007
10.1  126.710865303  63.3554326517  109.921348179  97.1169942426
10.2  126.19686135  63.0984306749  109.439726803  96.6954123794
10.3  125.676164727  62.8380823633  108.952651947  96.2689750532
10.4  125.14891186  62.5744559301  108.460246728  95.837790488
10.5  124.615241163  62.3076205814  107.962635809  95.4019682958
10.6  124.075292913  62.0376464565  107.459945298  94.9616193834
10.7  123.529209139  61.7646045694  106.952302646  94.5168558614
10.8  122.977133504  61.488566752  106.439836542  94.0677909557
10.9  122.419211195  61.2096055976  105.922676818  93.6145389207
11.0  121.855588813  60.9277944065  105.400954352  93.1572149539
11.1  121.286414264  60.6432071322  104.874800972  92.6959351136
11.2  120.711836657  60.3559183287  104.344349367  92.2308162368
11.3  120.132006198  60.0660030991  103.809732995  91.7619758609
11.4  119.547074091  59.7735370454  103.271085996  91.2895321454
11.5  118.957192438  59.4785962192  102.728543106  90.8136037965
11.6  118.362514147  59.1812570734  102.182239574  90.3343099933
11.7  117.76319283  58.8815964151  101.632311077  89.8517703156
11.8  117.15938272  58.5796913598  101.078893648  89.3661046733
11.9  116.551238573  58.2756192863  100.522123587  88.8774332378
12.0  115.938915585  57.9694577925  99.9621373976  88.3858763749
12.1  115.322569305  57.6612846526  99.3990717022  87.8915545795
12.2  114.70235555  57.3511777751  98.8330631765  87.3945884118
12.3  114.078430324  57.039215162  98.2642484771  86.8950984353
12.4  113.450949737  56.7254748684  97.6927641729  86.3932051558
12.5  112.820069928  56.4100349638  97.1187466791  85.889028963
12.6  112.185946988  56.0929734939  96.542332192  85.3826900727
12.7  111.548736887  55.7743684437  95.9636566256  84.874308471
12.8  110.908595401  55.4542977005  95.3828555509  84.3640038601
12.9  110.26567804  55.1328390198  94.8000641355  83.8518956049
13.0  109.620139979  54.8100699897  94.2154170857  83.338102682
13.1  108.972135996  54.4860679982  93.6290485904  82.8227436294
13.2  108.321820401  54.1609102003  93.0410922659  82.305936498
13.3  107.669346973  53.8346734863  92.4516811027  81.7877988044
13.4  107.014868901  53.5074344506  91.8609474143  81.268447485
13.5  106.358538724  53.1792693621  91.2690227863  80.7479988518
13.6  105.70050827  52.8502541348  90.6760380288  80.2265685486
13.7  105.040928599  52.5204642993  90.0821231285  79.70427151
13.8  104.379949951  52.1899749753  89.4874072033  79.1812219203
13.9  103.717721689  51.8588608446  88.8920184585  78.6575331744
14.0  103.054392251  51.5271961257  88.2960841437  78.1333178399
14.1  102.390109095  51.1950545477  87.6997305114  77.6086876202
14.2  101.725018653  50.8625093267  87.1030827775  77.0837533191
14.3  101.059266283  50.5296331416  86.5062650825  76.5586248062
14.4  100.392996222  50.1964981111  85.909400454  76.0334109842
14.5  99.7263515437  49.8631757718  85.3126107714  75.5082197565
14.6  99.0594741133  49.5297370566  84.7160167307  74.9831579964
14.7  98.3925045477  49.1962522738  84.1197378116  74.4583315174
14.8  97.7255821743  48.8627910871  83.5238922453  73.9338450449
14.9  97.0588449925  48.5294224962  82.9285969833  73.409802188
15.0  96.3924296364  48.1962148182  82.3339676686  72.8863054138
15.0  96.3924296364  48.1962148182  82.3339676686  72.8863054138
15.1  95.7264713388  47.8632356694  81.7401186066  72.3634560213
15.2  95.0611038961  47.530551948  81.1471627381  71.8413541176
15.3  94.3964596353  47.1982298176  80.5552116132  71.3200985941
15.4  93.7326693816  46.8663346908  79.9643753664  70.7997871044
15.5  93.0698624278  46.5349312139  79.3747626928  70.2805160429
15.6  92.4081665042  46.2040832521  78.7864808252  69.7623805244
15.7  91.7477077507  45.8738538754  78.1996355128  69.2454743647
15.8  91.0886106895  45.5443053448  77.6143310003  68.7298900619
15.9  90.4309981988  45.2154990994  77.0306700083  68.2157187791
16.0  89.7749914881  44.8874957441  76.4487537153  67.7030503274
16.1  89.1207100749  44.5603550375  75.8686817397  67.1919731505
16.2  88.4682717616  44.2341358808  75.2905521234  66.6825743094
16.3  87.8177926144  43.9088963072  74.7144613163  66.1749394685
16.4  87.1693869428  43.5846934714  74.1405041617  65.6691528823
16.5  86.5231672804  43.2615836402  73.5687738828  65.1652973833
16.6  85.8792443667  42.9396221833  72.9993620695  64.66345437
16.7  85.23772713  42.618863565  72.4323586672  64.1637037962
16.8  84.5987226712  42.2993613356  71.8678519652  63.6661241613
16.9  83.9623362485  41.9811681243  71.3059285872  63.1707925006
17.0  83.3286712637  41.6643356319  70.7466734814  62.6777843771
17.1  82.6978292485  41.3489146243  70.1901699128  62.1871738738
17.2  82.0699098527  41.0349549264  69.6364994552  61.6990335863
17.3  81.4450108328  40.7225054164  69.0857419843  61.2134346169
17.4  80.8232280414  40.4116140207  68.537975672  60.7304465687
17.5  80.2046554183  40.1023277091  67.9932769812  60.2501375408
17.6  79.5893849812  39.7946924906  67.451720661  59.7725741238
17.7  78.9775068189  39.4887534094  66.9133797432  59.2978213965
17.8  78.3691090835  39.1845545418  66.3783255391  58.8259429227
17.9  77.7642779854  38.8821389927  65.8466276376  58.3570007487
18.0  77.1630977872  38.5815488936  65.318353903  57.8910554021
18.1  76.5656508  38.2828254  64.7935704745  57.4281658899
18.2  75.9720173795  37.9860086897  64.2723417658  56.9683896987
18.3  75.3822759235  37.6911379617  63.7547304656  56.5117827941
18.4  74.7965028695  37.3982514347  63.2407975382  56.0583996218
18.5  74.2147726937  37.1073863468  62.7306022258  55.6082931084
18.6  73.6371579104  36.8185789552  62.22420205  55.1615146633
18.7  73.0637290721  36.531864536  61.7216528155  54.7181141805
18.8  72.4945547705  36.2472773852  61.2230086126  54.2781400419
18.9  71.9297016378  35.9648508189  60.7283218219  53.8416391204
19.0  71.3692343494  35.6846171747  60.2376431184  53.408656783
19.1  70.8132156263  35.4066078132  59.751021477  52.9792368961
19.2  70.261706239  35.1308531195  59.2685041776  52.5534218289
19.3  69.7147650114  34.8573825057  58.7901368118  52.1312524598
19.4  69.1724488258  34.5862244129  58.3159632889  51.712768181
19.5  68.6348126284  34.3174063142  57.8460258437  51.2980069049
19.6  68.1019094348  34.0509547174  57.3803650435  50.8870050708
19.7  67.5737903372  33.7868951686  56.9190197964  50.4797976511
19.8  67.0505045109  33.5252522554  56.4620273599  50.0764181593
19.9  66.5320992225  33.2660496112  56.0094233498  49.6768986571
20.0  66.0186198379  33.0093099189  55.5612417495  49.2812697627
20.1  65.510109831  32.7550549155  55.11751492  48.889560659
20.2  65.0066107931  32.5033053965  54.6782736097  48.5017991026
20.3  64.5081624424  32.2540812212  54.2435469655  48.1180114331
20.4  64.0148026345  32.0074013173  53.8133625435  47.7382225818
20.5  63.5265673731  31.7632836865  53.3877463205  47.3624560824
20.6  63.0434908209  31.5217454105  52.9667227054  46.9907340807
20.7  62.5656053117  31.2828026559  52.5503145519  46.6230773448
20.8  62.0929413621  31.046470681  52.1385431703  46.2595052766
20.9  61.6255276839  30.8127638419  51.7314283404  45.9000359218
21.0  61.1633911974  30.5816955987  51.3289883249  45.5446859823
21.1  60.7065570447  30.3532785224  50.9312398824  45.1934708271
21.2  60.2550486029  30.1275243015  50.5381982812  44.8464045043
21.3  59.8088874987  29.9044437494  50.1498773133  44.5034997533
21.4  59.3680936228  29.6840468114  49.7662893085  44.1647680175
21.5  58.9326851443  29.4663425721  49.3874451491  43.8302194564
21.6  58.5026785264  29.2513392632  49.0133542847  43.4998629586
21.7  58.0780885416  29.0390442708  48.6440247468  43.1737061551
21.8  57.6589282878  28.8294641439  48.2794631647  42.8517554327
21.9  57.2452092039  28.6226046019  47.9196747806  42.5340159471
22.0  56.8369410868  28.4184705434  47.5646634654  42.2204916368
22.1  56.4341321081  28.217066054  47.2144317344  41.9111852371
22.2  56.0367888307  28.0183944154  46.868980764  41.6060982942
22.3  55.6449162266  27.8224581133  46.5283104077  41.3052311796
22.4  55.2585176942  27.6292588471  46.1924192124  41.008583104
22.5  54.8775950763  27.4387975381  45.8613044356  40.7161521326
22.6  54.5021486779  27.2510743389  45.5349620619  40.4279351994
22.7  54.1321772848  27.0660886424  45.2133868202  40.1439281226
22.8  53.7676781821  26.883839091  44.896572201  39.8641256189
22.9  53.4086471727  26.7043235864  44.5845104735  39.5885213195
23.0  53.0550785968  26.5275392984  44.2771927032  39.3171077849
23.1  52.7069653503  26.3534826751  43.9746087695  39.0498765207
23.2  52.3642989049  26.1821494524  43.6767473837  38.7868179928
23.3  52.0270693272  26.0135346636  43.3835961063  38.5279216434
23.4  51.6952652986  25.8476326493  43.0951413656  38.2731759066
23.5  51.368874135  25.6844370675  42.8113684753  38.0225682241
23.6  51.047881807  25.5239409035  42.5322616529  37.7760850616
23.7  50.7322729602  25.3661364801  42.2578040379  37.5337119244
23.8  50.4220309351  25.2110154675  41.9879777101  37.2954333739
23.9  50.1171377878  25.0585688939  41.7227637081  37.0612330434
24.0  49.8175743108  24.9087871554  41.4621420476  36.8310936546
24.1  49.5233200534  24.7616600267  41.2060917402  36.6049970337
24.2  49.2343533423  24.6171766711  40.9545908118  36.3829241281
24.3  48.950651303  24.4753256515  40.7076163214  36.1648550224
24.4  48.6721898807  24.3360949403  40.4651443794  35.9507689552
24.5  48.3989438608  24.1994719304  40.227150167  35.7406443353
24.6  48.1308868909  24.0654434454  39.9936079543  35.5344587584
24.7  47.8679915013  23.9339957507  39.7644911194  35.3321890235
24.8  47.6102291269  23.8051145634  39.5397721671  35.1338111495
24.9  47.3575701278  23.6787850639  39.3194227479  34.939300392
25.0  47.1099838116  23.5549919058  39.1034136763  34.7486312596
25.1  46.867438454  23.433719227  38.8917149503  34.5617775304
25.2  46.6299013208  23.3149506604  38.6842957697  34.378712269
25.3  46.3973386892  23.1986693446  38.4811245552  34.1994078427
25.4  46.1697158694  23.0848579347  38.2821689668  34.0238359382
25.5  45.9469972259  22.973498613  38.0873959231  33.8519675784
25.6  45.7291461995  22.8645730997  37.8967716195  33.6837731384
25.7  45.5161253283  22.7580626641  37.7102615473  33.5192223627
25.8  45.3078962697  22.6539481348  37.5278305124  33.3582843809
25.9  45.1044198217  22.5522099109  37.3494426533  33.200927725
26.0  44.9056559447  22.4528279723  37.1750614607  33.0471203452
26.1  44.7115637824  22.3557818912  37.004649795  32.8968296265
26.2  44.5221016841  22.261050842  36.8381699057  32.7500224052
26.3  44.3372272254  22.1686136127  36.6755834491  32.6066649848
26.4  44.15689723  22.078448615  36.5168515072  32.4667231526
26.5  43.9810677912  21.9905338956  36.3619346055  32.3301621959
26.6  43.8096942928  21.9048471464  36.2107927318  32.1969469176
26.7  43.6427314306  21.8213657153  36.0633853539  32.067041653
26.8  43.4801332337  21.7400666168  35.9196714379  31.9404102854
26.9  43.3218530854  21.6609265427  35.7796094658  31.8170162618
27.0  43.1678437446  21.5839218723  35.6431574542  31.6968226094
27.1  43.0180573664  21.5090286832  35.5102729714  31.5797919507
27.2  42.8724455232  21.4362227616  35.3809131552  31.4658865197
27.3  42.7309592259  21.365479613  35.2550347308  31.3550681772
27.4  42.5935489441  21.296774472  35.1325940284  31.2472984264
27.5  42.4601646269  21.2300823135  35.0135470002  31.1425384284
27.6  42.3307557238  21.1653778619  34.8978492377  31.0407490176
27.7  42.2052712047  21.1026356024  34.7854559896  30.9418907168
27.8  42.0836595807  21.0418297903  34.676322178  30.8459237524
27.9  41.9658689239  20.982934462  34.570402416  30.7528080695
28.0  41.8518468881  20.925923444  34.467651024  30.6625033467
28.1  41.7415407281  20.8707703641  34.3680220472  30.5749690113
28.2  41.6348973204  20.8174486602  34.2714692712  30.4901642536
28.3  41.5318631824  20.7659315912  34.1779462393  30.4080480416
28.4  41.4323844921  20.716192246  34.0874062685  30.3285791359
28.5  41.336407108  20.668203554  33.9998024656  30.2517161035
28.6  41.2438765881  20.621938294  33.9150877434  30.1774173326
28.7  41.1547382093  20.5773691046  33.8332148368  30.1056410463
28.8  41.0689369864  20.5344684932  33.754136318  30.036345317
28.9  40.9864176913  20.4932088457  33.677804613  29.9694880801
29.0  40.9071248716  20.4535624358  33.6041720161  29.9050271477
29.1  40.8310028691  20.4155014346  33.5331907062  29.8429202226
29.2  40.7579958387  20.3789979194  33.4648127612  29.7831249113
29.3  40.6880477665  20.3440238832  33.3989901736  29.7255987377
29.4  40.6211024879  20.310551244  33.335674865  29.6702991566
29.5  40.5571037059  20.278551853  33.2748187012  29.6171835661
29.6  40.4959950087  20.2479975043  33.2163735063  29.5662093211
29.7  40.4377198874  20.2188599437  33.1602910776  29.5173337461
29.8  40.3822217536  20.1911108768  33.1065231994  29.4705141476
29.9  40.3294439569  20.1647219785  33.0550216573  29.4257078269
30.0  40.2793298017  20.1396649008  33.0057382522  29.3828720926
30.0  40.2793298017  20.1396649008  33.0057382522  29.3828720926
30.1  40.2318225642  20.1159112821  32.9586248138  29.3419642724
30.2  40.1868655097  20.0934327548  32.9136332146  29.3029417255
30.3  40.1444019085  20.0722009543  32.8707153826  29.2657618548
30.4  40.104375053  20.0521875265  32.8298233152  29.2303821181
30.5  40.0667282734  20.0333641367  32.790909092  29.1967600403
30.6  40.0314049541  20.0157024771  32.7539248877  29.1648532245
30.7  39.9983485494  19.9991742747  32.7188229848  29.1346193638
30.8  39.9675025991  19.9837512995  32.685555786  29.106016252
30.9  39.9388107443  19.9694053721  32.654075827  29.0790017949
31.0  39.9122167422  19.9561083711  32.624335788  29.0535340211
31.1  39.8876644815  19.9438322408  32.5962885064  29.0295710928
31.2  39.8650979974  19.9325489987  32.5698869882  29.0070713164
31.3  39.8444614856  19.9222307428  32.5450844197  28.9859931526
31.4  39.8256993177  19.9128496588  32.5218341789  28.9662952271
31.5  39.8087560546  19.9043780273  32.5000898471  28.9479363402
31.6  39.7935764611  19.8967882306  32.4798052193  28.930875477
31.7  39.7801055197  19.8900527599  32.460934316  28.9150718172
31.8  39.7682884439  19.8841442219  32.4434313932  28.9004847445
31.9  39.7580706919  19.8790353459  32.4272509532  28.8870738562
32.0  39.7493979798  19.8746989899  32.4123477549  28.8747989724
32.1  39.7422162947  19.8711081473  32.3986768242  28.8636201448
32.2  39.736471907  19.8682359535  32.3861934633  28.8534976663
32.3  39.7321113836  19.8660556918  32.3748532615  28.8443920792
32.4  39.7290816  19.8645408  32.3646121036  28.836264184
32.5  39.7273297524  19.8636648762  32.3554261805  28.8290750477
32.6  39.7268033694  19.8634016847  32.3472519973  28.8227860125
32.7  39.7274503244  19.8637251622  32.3400463834  28.8173587033
32.8  39.7292188464  19.8646094232  32.3337665003  28.812755036
32.9  39.7320575316  19.8660287658  32.3283698512  28.8089372253
33.0  39.7359153543  19.8679576771  32.3238142886  28.8058677921
33.1  39.740741678  19.870370839  32.3200580233  28.8035095711
33.2  39.7464862658  19.8732431329  32.317059632  28.8018257181
33.3  39.7530992907  19.8765496454  32.3147780654  28.8007797167
33.4  39.7605313461  19.880265673  32.3131726559  28.8003353858
33.5  39.7687334554  19.8843667277  32.3122031249  28.8004568861
33.6  39.777657082  19.888828541  32.3118295906  28.8011087265
33.7  39.7872541387  19.8936270694  32.3120125746  28.8022557711
33.8  39.797476997  19.8987384985  32.3127130092  28.8038632448
33.9  39.8082784961  19.9041392481  32.313892244  28.8058967398
34.0  39.8196119519  19.909805976  32.3155120526  28.8083222215
34.1  39.8314311655  19.9157155827  32.3175346388  28.8111060342
34.2  39.8436904315  19.9218452158  32.3199226431  28.8142149067
34.3  39.8563445467  19.9281722733  32.3226391484  28.8176159577
34.4  39.8693488172  19.9346744086  32.3256476859  28.8212767013
34.5  39.882659067  19.9413295335  32.3289122411  28.8251650517
34.6  39.896231645  19.9481158225  32.3323972586  28.8292493288
34.7  39.9100234325  19.9550117162  32.336067648  28.8334982621
34.8  39.9239918501  19.961995925  32.3398887888  28.8378809961
34.9  39.9380948649  19.9690474324  32.343826535  28.8423670944
35.0  39.9522909967  19.9761454983  32.3478472203  28.8469265441
35.1  39.9665393248  19.9832696624  32.3519176623  28.8515297597
35.2  39.980799494  19.990399747  32.3560051671  28.8561475875
35.3  39.9950317208  19.9975158604  32.3600775334  28.860751309
35.4  40.0091967989  20.0045983994  32.3641030563  28.865312645
35.5  40.0232561047  20.0116280524  32.3680505316  28.8698037587
35.6  40.0371716032  20.0185858016  32.3718892589  28.874197259
35.7  40.0509058525  20.0254529263  32.3755890457  28.8784662042
35.8  40.064422009  20.0322110045  32.3791202101  28.8825841045
35.9  40.0776838321  20.038841916  32.3824535843  28.8865249251
36.0  40.0906556886  20.0453278443  32.3855605174  28.8902630892
36.1  40.103302557  20.0516512785  32.3884128783  28.8937734797
36.2  40.1155900318  20.0577950159  32.3909830581  28.8970314428
36.3  40.127484327  20.0637421635  32.3932439729  28.9000127892
36.4  40.1389522798  20.0694761399  32.3951690658  28.9026937968
36.5  40.1499613543  20.0749806771  32.3967323089  28.9050512126
36.6  40.1604796446  20.0802398223  32.3979082055  28.9070622545
36.7  40.1704758777  20.0852379388  32.3986717919  28.9087046126
36.8  40.1799194165  20.0899597082  32.3989986388  28.9099564515
36.9  40.1887802624  20.0943901312  32.3988648527  28.9107964107
37.0  40.1970290577  20.0985145289  32.3982470776  28.9112036068
37.1  40.2046370878  20.1023185439  32.3971224956  28.9111576338
37.2  40.2115762831  20.1057881415  32.3954688281  28.9106385645
37.3  40.2178192212  20.1089096106  32.3932643369  28.9096269513
37.4  40.2233391282  20.1116695641  32.3904878241  28.9081038265
37.5  40.2281098803  20.1140549402  32.3871186335  28.9060507032
37.6  40.2321060049  20.1160530024  32.3831366503  28.9034495757
37.7  40.2353026817  20.1176513409  32.3785223014  28.9002829193
37.8  40.2376757438  20.1188378719  32.3732565556  28.896533691
37.9  40.239201678  20.119600839  32.3673209236  28.8921853291
38.0  40.2398576255  20.1199288128  32.3606974571  28.8872217532
38.1  40.2396213822  20.1198106911  32.3533687492  28.8816273638
38.2  40.2384713987  20.1192356993  32.3453179334  28.8753870422
38.3  40.2363867803  20.1181933901  32.336528683  28.8684861495
38.4  40.2333472868  20.1166736434  32.3269852101  28.8609105262
38.5  40.2293333321  20.1146666661  32.3166722649  28.8526464916
38.6  40.2243259834  20.1121629917  32.3055751345  28.8436808424
38.7  40.2183069606  20.1091534803  32.2936796415  28.8340008521
38.8  40.2112586351  20.1056293176  32.2809721427  28.8235942695
38.9  40.2031640292  20.1015820146  32.2674395275  28.8124493177
39.0  40.1940068141  20.0970034071  32.2530692165  28.8005546925
39.1  40.1837713091  20.0918856545  32.2378491594  28.7878995612
39.2  40.1724424793  20.0862212396  32.2217678331  28.7744735603
39.3  40.1600059344  20.0800029672  32.2048142399  28.7602667945
39.4  40.1464479263  20.0732239631  32.1869779051  28.7452698344
39.5  40.1317553473  20.0658776736  32.1682488748  28.7294737146
39.6  40.1159157275  20.0579578638  32.1486177134  28.7128699317
39.7  40.0989172327  20.0494586163  32.1280755012  28.6954504421
39.8  40.0807486614  20.0403743307  32.1066138316  28.6772076595
39.9  40.0613994424  20.0306997212  32.0842248082  28.6581344527
40.0  40.0408596316  20.0204298158  32.0609010422  28.6382241431
40.1  40.0191199092  20.0095599546  32.0366356493  28.6174705018
40.2  39.9961715763  19.9980857881  32.0114222463  28.5958677475
40.3  39.9720065516  19.9860032758  31.9852549484  28.5734105428
40.4  39.9466173681  19.9733086841  31.9581283653  28.550093992
40.5  39.9199971691  19.9599985845  31.930037598  28.5259136379
40.6  39.8921397045  19.9460698523  31.9009782352  28.5008654584
40.7  39.8630393273  19.9315196636  31.8709463498  28.4749458639
40.8  39.8326909889  19.9163454944  31.839938495  28.4481516933
40.9  39.8010902354  19.9005451177  31.8079517002  28.4204802111
41.0  39.768233203  19.8841166015  31.7749834675  28.3919291037
41.1  39.7341166139  19.8670583069  31.7410317672  28.3624964762
41.2  39.6987377712  19.8493688856  31.7060950341  28.3321808481
41.3  39.6620945545  19.8310472773  31.6701721629  28.3009811502
41.4  39.6241854153  19.8120927076  31.6332625038  28.2688967204
41.5  39.5850093715  19.7925046858  31.5953658584  28.2359273002
41.6  39.5445660029  19.7722830014  31.5564824751  28.2020730301
41.7  39.5028554454  19.7514277227  31.5166130441  28.1673344461
41.8  39.4598783863  19.7299391932  31.4757586934  28.1317124755
41.9  39.4156360587  19.7078180293  31.4339209835  28.0952084324
42.0  39.3701302356  19.6850651178  31.3911019025  28.0578240139
42.1  39.3233632248  19.6616816124  31.3473038617  28.019561295
42.2  39.275337863  19.6376689315  31.3025296901  27.9804227253
42.3  39.2260575095  19.6130287548  31.2567826297  27.9404111232
42.4  39.1755260412  19.5877630206  31.2100663298  27.8995296726
42.5  39.1237478456  19.5618739228  31.1623848424  27.8577819175
42.6  39.0707278151  19.5353639076  31.1137426165  27.8151717574
42.7  39.016471341  19.5082356705  31.064144493  27.7717034429
42.8  38.9609843066  19.4804921533  31.0135956991  27.7273815707
42.9  38.9042730814  19.4521365407  30.9621018427  27.6822110787
43.0  38.8463445139  19.423172257  30.9096689073  27.6361972411
43.1  38.7872059257  19.3936029628  30.8563032458  27.5893456637
43.2  38.7268651044  19.3634325522  30.8020115753  27.5416622783
43.3  38.6653302969  19.3326651485  30.7468009712  27.4931533384
43.4  38.6026102028  19.3013051014  30.6906788613  27.4438254134
43.5  38.5387139672  19.2693569836  30.6336530204  27.3936853837
43.6  38.4736511736  19.2368255868  30.5757315637  27.3427404356
43.7  38.4074318376  19.2037159188  30.5169229415  27.290998056
43.8  38.3400663986  19.1700331993  30.457235933  27.2384660269
43.9  38.2715657138  19.1357828569  30.3966796403  27.1851524201
44.0  38.20194105  19.100970525  30.3352634822  27.1310655922
44.1  38.1312040767  19.0656020384  30.2729971882  27.0762141785
44.2  38.0593668589  19.0296834294  30.2098907925  27.0206070882
44.3  37.986441849  18.9932209245  30.1459546275  26.9642534984
44.4  37.9124418801  18.95622094  30.0811993178  26.9071628492
44.5  37.8373801578  18.9186900789  30.015635774  26.8493448372
44.6  37.7612702529  18.8806351265  29.949275186  26.7908094108
44.7  37.6841260939  18.8420630469  29.8821290172  26.7315667641
44.8  37.6059619585  18.8029809793  29.8142089978  26.6716273314
44.9  37.5267924672  18.7633962336  29.7455271188  26.6110017816
45.0  37.4466325741  18.723316287  29.6760956249  26.5497010122
45.0  37.4466325741  18.723316287  29.6760956249  26.5497010122
45.1  37.3654975599  18.6827487799  29.6059270089  26.4877361439
45.2  37.2834030239  18.6417015119  29.5350340047  26.4251185148
45.3  37.2003648759  18.600182438  29.4634295809  26.3618596745
45.4  37.1163993285  18.5581996643  29.3911269346  26.2979713786
45.5  37.0315228888  18.5157614444  29.3181394845  26.2334655825
45.6  36.9457523507  18.4728761754  29.2444808649  26.168354436
45.7  36.8591047867  18.4295523933  29.1701649185  26.1026502772
45.8  36.7715975399  18.3857987699  29.0952056904  26.0363656267
45.9  36.6832482158  18.3416241079  29.0196174213  25.9695131819
46.0  36.5940746745  18.2970373373  28.943414541  25.9021058113
46.1  36.5040950223  18.2520475112  28.8666116618  25.834156548
46.2  36.4133276036  18.2066638018  28.789223572  25.7656785846
46.3  36.3217909927  18.1608954964  28.7112652293  25.6966852669
46.4  36.2295039859  18.114751993  28.632751754  25.6271900879
46.5  36.1364855931  18.0682427965  28.553698423  25.5572066826
46.6  36.0427550294  18.0213775147  28.4741206624  25.4867488214
46.7  35.9483317077  17.9741658538  28.3940340418  25.4158304044
46.8  35.8532352293  17.9266176147  28.3134542669  25.344465456
46.9  35.7574853771  17.8787426885  28.2323971736  25.2726681184
47.0  35.6611021061  17.830551053  28.1508787211  25.2004526463
47.1  35.564105536  17.782052768  28.0689149856  25.1278334006
47.2  35.4665159429  17.7332579715  27.9865221534  25.0548248428
47.3  35.368353751  17.6841768755  27.9037165148  24.9814415293
47.4  35.2696395242  17.6348197621  27.8205144572  24.9076981053
47.5  35.1703939586  17.5851969793  27.736932459  24.8336092991
47.6  35.0706378735  17.5353189367  27.6529870828  24.7591899164
47.7  34.970392204  17.485196102  27.5686949693  24.6844548346
47.8  34.8696779924  17.4348389962  27.4840728304  24.6094189967
47.9  34.7685163805  17.3842581903  27.3991374433  24.534097406
48.0  34.6669286011  17.3334643005  27.3139056437  24.4585051201
48.1  34.5649359701  17.2824679851  27.2283943197  24.3826572452
48.2  34.4625598788  17.2312799394  27.1426204054  24.3065689306
48.3  34.3598217852  17.1799108926  27.0566008745  24.2302553632
48.4  34.2567432069  17.1283716034  26.9703527342  24.1537317613
48.5  34.1533457121  17.0766728561  26.8838930189  24.0770133695
48.6  34.0496509128  17.0248254564  26.7972387838  24.0001154532
48.7  33.945680456  16.972840228  26.7104070989  23.9230532927
48.8  33.8414560165  16.9207280082  26.6234150431  23.8458421779
48.9  33.7369992885  16.8684996443  26.5362796974  23.7684974027
49.0  33.6323319785  16.8161659893  26.4490181396  23.6910342598
49.1  33.527475797  16.7637378985  26.3616474379  23.6134680352
49.2  33.4224524511  16.7112262255  26.2741846446  23.5358140026
49.3  33.3172836366  16.6586418183  26.186646791  23.4580874183
49.4  33.211991031  16.6059955155  26.0990508806  23.3803035159
49.5  33.1065962852  16.5532981426  26.0114138839  23.3024775011
49.6  33.0011210165  16.5005605083  25.923752732  23.2246245461
49.7  32.8955868009  16.4477934005  25.8360843115  23.1467597849
49.8  32.790015166  16.395007583  25.7484254581  23.0688983079
49.9  32.6844275832  16.3422137916  25.6607929515  22.9910551568
50.0  32.5788454608  16.2894227304  25.5732035095  22.9132453199
50.1  32.4732901369  16.2366450685  25.4856737823  22.8354837264
50.2  32.3677828717  16.1838914358  25.3982203473  22.7577852422
50.3  32.2623448407  16.1311724204  25.3108597035  22.6801646644
50.4  32.156997128  16.078498564  25.2236082659  22.6026367169
50.5  32.0517607184  16.0258803592  25.1364823605  22.5252160453
50.6  31.9466564918  15.9733282459  25.0494982188  22.4479172121
50.7  31.841705215  15.9208526075  24.9626719724  22.3707546923
50.8  31.7369275358  15.8684637679  24.8760196484  22.2937428684
50.9  31.6323439762  15.8161719881  24.7895571636  22.2168960261
51.0  31.5279749255  15.7639874627  24.7033003198  22.1402283493
51.1  31.4238406336  15.7119203168  24.6172647987  22.0637539163
51.2  31.3199612052  15.6599806026  24.5314661571  21.9874866947
51.3  31.2163565928  15.6081782964  24.4459198219  21.9114405373
51.4  31.1130465906  15.5565232953  24.3606410855  21.8356291778
51.5  31.0100508279  15.5050254139  24.2756451006  21.7600662265
51.6  30.9073887635  15.4536943818  24.1909468761  21.684765166
51.7  30.8050796793  15.4025398397  24.1065612722  21.6097393471
51.8  30.7031426744  15.3515713372  24.0225029959  21.5350019851
51.9  30.6015966587  15.3007983293  23.9387865964  21.4605661548
52.0  30.5004603477  15.2502301739  23.855426461  21.3864447878
52.1  30.3997522567  15.1998761284  23.7724368108  21.3126506676
52.2  30.2994906946  15.1497453473  23.6898316959  21.2391964262
52.3  30.1996937588  15.0998468794  23.6076249919  21.1660945402
52.4  30.1003793294  15.0501896647  23.5258303954  21.0933573273
52.5  30.0015650642  15.0007825321  23.4444614202  21.0209969425
52.6  29.9032683929  14.9516341964  23.3635313931  20.9490253744
52.7  29.8055065123  14.9027532561  23.2830534501  20.877454442
52.8  29.7082963809  14.8541481905  23.203040533  20.8062957911
52.9  29.6116547143  14.8058273571  23.123505385  20.7355608909
53.0  29.5155979794  14.7577989897  23.0444605475  20.6652610306
53.1  29.4201423906  14.7100711953  22.9659183565  20.5954073168
53.2  29.3253039045  14.6626519522  22.8878909388  20.5260106693
53.3  29.231098215  14.6155491075  22.810390209  20.4570818188
53.4  29.1375407498  14.5687703749  22.7334278663  20.388631304
53.5  29.0446466646  14.5223233323  22.6570153903  20.3206694678
53.6  28.9524308397  14.4762154199  22.5811640392  20.2532064553
53.7  28.8609078757  14.4304539378  22.5058848454  20.1862522105
53.8  28.7700920889  14.3850460445  22.4311886137  20.1198164739
53.9  28.6799975077  14.3399987538  22.3570859172  20.0539087796
54.0  28.5906378684  14.2953189342  22.2835870956  19.9885384527
54.1  28.5020266117  14.2510133059  22.2107022516  19.9237146072
54.2  28.4141768787  14.2070884393  22.1384412486  19.859446143
54.3  28.3271015073  14.1635507537  22.0668137083  19.7957417443
54.4  28.240813029  14.1204065145  21.9958290077  19.7326098764
54.5  28.1553236651  14.0776618325  21.925496277  19.6700587842
54.6  28.0706453237  14.0353226618  21.8558243974  19.6080964899
54.7  27.9867895965  13.9933947983  21.7868219987  19.546730791
54.8  27.9037677557  13.9518838778  21.718497457  19.4859692581
54.9  27.8215907509  13.9107953754  21.6508588929  19.4258192332
55.0  27.7402692064  13.8701346032  21.5839141695  19.366287828
55.1  27.6598134186  13.8299067093  21.5176708902  19.307381922
55.2  27.5802333531  13.7901166765  21.4521363974  19.2491081609
55.3  27.5015386424  13.7507693212  21.3873177703  19.191472955
55.4  27.4237385834  13.7118692917  21.3232218237  19.1344824778
55.5  27.3468421351  13.6734210676  21.259855106  19.0781426643
55.6  27.2708579165  13.6354289583  21.1972238981  19.0224592101
55.7  27.1957942045  13.5978971022  21.135334212  18.9674375699
55.8  27.1216589319  13.560829466  21.0741917894  18.9130829563
55.9  27.0484596858  13.5242298429  21.0138021007  18.8594003387
56.0  26.9762037057  13.4881018529  20.9541703436  18.8063944426
56.1  26.9048978816  13.4524489408  20.8953014424  18.7540697479
56.2  26.8345487532  13.4172743766  20.837200047  18.702430489
56.3  26.7651625078  13.3825812539  20.7798705318  18.6514806532
56.4  26.6967449797  13.3483724898  20.7233169954  18.6012239808
56.5  26.6293016486  13.3146508243  20.6675432597  18.5516639635
56.6  26.5628376388  13.2814188194  20.6125528695  18.5028038449
56.7  26.4973577179  13.248678859  20.5583490916  18.454646619
56.8  26.4328662967  13.2164331484  20.504934915  18.407195031
56.9  26.3693674278  13.1846837139  20.4523130501  18.3604515758
57.0  26.3068648055  13.1534324027  20.4004859289  18.3144184985
57.1  26.245361765  13.1226808825  20.3494557045  18.2690977943
57.2  26.1848612825  13.0924306413  20.2992242515  18.2244912079
57.3  26.1253659745  13.0626829873  20.2497931656  18.1806002341
57.4  26.066878098  13.033439049  20.201163764  18.1374261174
57.5  26.0093995503  13.0046997752  20.1533370856  18.0949698527
57.6  25.9529318694  12.9764659347  20.1063138915  18.053232185
57.7  25.8974762338  12.9487381169  20.0600946647  18.0122136102
57.8  25.8430334633  12.9215167316  20.0146796117  17.971914375
57.9  25.7896040192  12.8948020096  19.9700686622  17.9323344781
58.0  25.7371880048  12.8685940024  19.9262614699  17.8934736699
58.1  25.6857851662  12.8428925831  19.8832574136  17.855331454
58.2  25.6353948934  12.8176974467  19.8410555978  17.8179070872
58.3  25.5860162207  12.7930081103  19.7996548537  17.7811995808
58.4  25.5376478277  12.7688239139  19.7590537398  17.7452077011
58.5  25.4902880411  12.7451440205  19.7192505438  17.7099299707
58.6  25.4439348353  12.7219674176  19.6802432832  17.6753646692
58.7  25.3985858337  12.6992929168  19.6420297064  17.6415098343
58.8  25.3542383109  12.6771191554  19.6046072947  17.6083632636
58.9  25.3108891935  12.6554445967  19.567973263  17.5759225149
59.0  25.2685350621  12.634267531  19.5321245619  17.544184908
59.1  25.2271721531  12.6135860765  19.4970578788  17.5131475262
59.2  25.1867963605  12.5933981802  19.4627696399  17.4828072177
59.3  25.1474032381  12.5737016191  19.4292560118  17.453160597
59.4  25.1089880015  12.5544940007  19.3965129036  17.4242040465
59.5  25.07154553  12.535772765  19.364535968  17.3959337183
59.6  25.0350703694  12.5175351847  19.3333206045  17.3683455359
59.7  24.9995567346  12.4997783673  19.3028619604  17.3414351963
59.8  24.9649985111  12.4824992556  19.2731549335  17.3151981713
59.9  24.9313892588  12.4656946294  19.2441941741  17.2896297098
60.0  24.8987222141  12.4493611071  19.2159740874  17.2647248402
60.0  24.8987222141  12.4493611071  19.2159740874  17.2647248402
60.1  24.866990293  12.4334951465  19.188488836  17.2404783718
60.2  24.8361860936  12.4180930468  19.1617323417  17.2168848973
60.3  24.8063018998  12.4031509499  19.1356982889  17.1939387952
60.4  24.7773296842  12.3886648421  19.1103801269  17.171634232
60.5  24.7492611107  12.3746305554  19.0857710719  17.1499651641
60.6  24.722087539  12.3610437695  19.0618641107  17.1289253411
60.7  24.6958000269  12.3479000134  19.0386520029  17.1085083076
60.8  24.6703893347  12.3351946674  19.0161272841  17.088707406
60.9  24.6458459281  12.322922964  18.9942822683  17.0695157789
61.0  24.6221599825  12.3110799913  18.9731090519  17.0509263725
61.1  24.5993213867  12.2996606933  18.9525995158  17.0329319384
61.2  24.577319746  12.288659873  18.9327453288  17.0155250369
61.3  24.5561443876  12.2780721938  18.9135379513  16.9986980399
61.4  24.5357843637  12.2678921818  18.8949686381  16.9824431339
61.5  24.5162284552  12.2581142276  18.8770284415  16.9667523221
61.6  24.4974651777  12.2487325888  18.8597082156  16.9516174291
61.7  24.4794827839  12.2397413919  18.8429986188  16.9370301023
61.8  24.4622692691  12.2311346346  18.8268901179  16.9229818161
61.9  24.4458123758  12.2229061879  18.8113729916  16.9094638747
62.0  24.4300995975  12.2150497987  18.7964373339  16.8964674155
62.1  24.4151181841  12.207559092  18.7820730583  16.8839834122
62.2  24.4008551459  12.2004275729  18.7682699006  16.8720026784
62.3  24.3872972596  12.1936486298  18.7550174242  16.8605158712
62.4  24.3744310716  12.1872155358  18.7423050222  16.8495134938
62.5  24.3622429046  12.1811214523  18.7301219231  16.8389859001
62.6  24.3507188614  12.1753594307  18.7184571933  16.8289232976
62.7  24.3398448306  12.1699224153  18.707299742  16.819315751
62.8  24.3296064919  12.1648032459  18.6966383251  16.8101531863
62.9  24.3199893207  12.1599946604  18.686461549  16.8014253939
63.0  24.3109785943  12.1554892971  18.6767578753  16.7931220331
63.1  24.3025593964  12.1512796982  18.6675156245  16.7852326348
63.2  24.2947166234  12.1473583117  18.6587229807  16.7777466065
63.3  24.2874349895  12.1437174948  18.6503679957  16.7706532355
63.4  24.280699032  12.140349516  18.6424385933  16.7639416928
63.5  24.2744931177  12.1372465589  18.634922574  16.7576010373
63.6  24.2688014476  12.1344007238  18.6278076188  16.7516202195
63.7  24.2636080637  12.1318040318  18.6210812947  16.7459880859
63.8  24.2588968541  12.1294484271  18.6147310581  16.7406933827
63.9  24.2546515593  12.1273257796  18.6087442601  16.73572476
64.0  24.2508557778  12.1254278889  18.6031081512  16.7310707763
64.1  24.247492972  12.123746486  18.5978098849  16.7267199016
64.2  24.2445464748  12.1222732374  18.5928365238  16.7226605231
64.3  24.2419994951  12.1209997475  18.5881750428  16.7188809478
64.4  24.2398351242  12.1199175621  18.5838123354  16.7153694082
64.5  24.2380363419  12.1190181709  18.5797352173  16.7121140657
64.6  24.2365860223  12.1182930111  18.575930431  16.7091030148
64.7  24.2354669412  12.1177334706  18.5723846521  16.7063242884
64.8  24.2346617808  12.1173308904  18.5690844923  16.7037658607
64.9  24.2341531373  12.1170765686  18.5660165056  16.7014156528
65.0  24.2339235268  12.1169617634  18.5631671927  16.6992615367
65.1  24.2339553916  12.1169776958  18.5605230059  16.6972913396
65.2  24.2342311065  12.1171155533  18.5580703536  16.695492848
65.3  24.2347329858  12.1173664929  18.5557956062  16.693853813
65.4  24.2354432891  12.1177216446  18.5536851002  16.6923619537
65.5  24.2363442288  12.1181721144  18.5517251441  16.6910049632
65.6  24.2374179752  12.1187089876  18.549902022  16.6897705113
65.7  24.2386466642  12.1193233321  18.5482019998  16.68864625
65.8  24.2400124035  12.1200062017  18.5466113299  16.6876198181
65.9  24.2414972794  12.1207486397  18.5451162561  16.6866788455
66.0  24.2430833627  12.1215416813  18.5437030184  16.6858109573
66.1  24.2447527166  12.1223763583  18.5423578587  16.6850037794
66.2  24.246487402  12.123243701  18.5410670254  16.6842449418
66.3  24.248269485  12.1241347425  18.5398167783  16.6835220842
66.4  24.2500810431  12.1250405216  18.5385933941  16.6828228597
66.5  24.2519041727  12.1259520863  18.5373831713  16.6821349404
66.6  24.2537209942  12.1268604971  18.5361724348  16.6814460205
66.7  24.2555136603  12.1277568302  18.5349475417  16.6807438222
66.8  24.2572643621  12.128632181  18.5336948861  16.6800160999
66.9  24.2589553351  12.1294776675  18.5324009035  16.679250644
67.0  24.2605688669  12.1302844334  18.5310520768  16.6784352864
67.1  24.2620873034  12.1310436517  18.5296349411  16.6775579048
67.2  24.2634930553  12.1317465277  18.528136088  16.6766064265
67.3  24.2647686053  12.1323843027  18.5265421716  16.6755688344
67.4  24.2658965142  12.1329482571  18.524839913  16.6744331699
67.5  24.2668594279  12.1334297139  18.5230161052  16.6731875385
67.6  24.2676400831  12.1338200416  18.5210576181  16.6718201136
67.7  24.268221316  12.134110658  18.518951404  16.6703191418
67.8  24.2685860664  12.1342930332  18.5166845019  16.6686729464
67.9  24.2687173858  12.1343586929  18.5142440424  16.6668699325
68.0  24.2685984437  12.1342992219  18.5116172533  16.6648985912
68.1  24.2682125337  12.1341062668  18.5087914635  16.6627475039
68.2  24.2675430804  12.1337715402  18.505754109  16.6604053471
68.3  24.2665736458  12.1332868229  18.5024927365  16.6578608961
68.4  24.2652879353  12.1326439676  18.498995009  16.65510303
68.5  24.2636698045  12.1318349022  18.4952487104  16.6521207353
68.6  24.2617032656  12.1308516328  18.4912417501  16.648903111
68.7  24.2593724935  12.1296862468  18.4869621678  16.6454393723
68.8  24.2566618325  12.1283309163  18.4823981383  16.6417188549
68.9  24.2535558019  12.126777901  18.4775379761  16.6377310195
69.0  24.2500391021  12.125019551  18.4723701391  16.633465455
69.1  24.2460966222  12.1230483111  18.4668832354  16.6289118844
69.2  24.241713444  12.120856722  18.461066025  16.624060167
69.3  24.2368748497  12.1184374249  18.4549074264  16.6189003035
69.4  24.2315663271  12.1157831636  18.4483965201  16.61342244
69.5  24.2257735759  12.112886788  18.4415225534  16.6076168715
69.6  24.2194825131  12.1097412566  18.4342749442  16.6014740464
69.7  24.2126792797  12.1063396399  18.4266432861  16.5949845699
69.8  24.2053502453  12.1026751227  18.4186173518  16.5881392081
69.9  24.1974820151  12.0987410076  18.4101870979  16.5809288918
70.0  24.1890614344  12.0945307172  18.401342669  16.5733447204
70.1  24.1800755947  12.0900377974  18.3920744013  16.5653779649
70.2  24.1705118395  12.0852559198  18.3823728274  16.5570200729
70.3  24.1603577687  12.0801788844  18.3722286794  16.5482626704
70.4  24.1496012456  12.0748006228  18.3616328937  16.5390975674
70.5  24.1382304005  12.0691152002  18.3505766144  16.5295167597
70.6  24.126233637  12.0631168185  18.3390511971  16.5195124333
70.7  24.1135996366  12.0567998183  18.3270482128  16.5090769675
70.8  24.1003173641  12.0501586821  18.3145594514  16.4982029382
70.9  24.0863760726  12.0431880363  18.3015769257  16.4868831214
71.0  24.0717653072  12.0358826536  18.2880928739  16.4751104958
71.1  24.0564749126  12.0282374563  18.2740997654  16.4628782475
71.2  24.040495034  12.020247517  18.2595903009  16.4501797708
71.3  24.0238161251  12.0119080626  18.2445574187  16.4370086731
71.4  24.0064289506  12.0032144753  18.2289942962  16.4233587772
71.5  23.9883245914  11.9941622957  18.2128943538  16.4092241242
71.6  23.969494449  11.9847472245  18.1962512583  16.3945989764
71.7  23.9499302491  11.9749651246  18.1790589248  16.37947782
71.8  23.9296240465  11.9648120233  18.161311521  16.3638553678
71.9  23.9085682288  11.9542841144  18.1430034692  16.347726562
72.0  23.8867555201  11.94337776  18.1241294495  16.3310865767
72.1  23.8641789852  11.9320894926  18.1046844025  16.3139308202
72.2  23.8408320328  11.9204160164  18.0846635312  16.2962549371
72.3  23.8167084201  11.9083542101  18.0640623052  16.2780548119
72.4  23.791802255  11.8959011275  18.0428764615  16.2593265697
72.5  23.7661080002  11.8830540001  18.0211020076  16.2400665791
72.6  23.7396204772  11.8698102386  17.9987352244  16.2202714551
72.7  23.7123348672  11.8561674336  17.9757726667  16.1999380591
72.8  23.6842467166  11.8421233583  17.9522111671  16.1790635028
72.9  23.6553519385  11.8276759693  17.9280478372  16.157645149
73.0  23.6256468159  11.812823408  17.9032800694  16.1356806137
73.1  23.5951280041  11.797564002  17.877905539  16.1131677676
73.2  23.5637925333  11.7818962666  17.8519222059  16.0901047377
73.3  23.5316378117  11.7658189059  17.8253283165  16.0664899095
73.4  23.4986616266  11.7493308133  17.7981224044  16.042321927
73.5  23.4648621475  11.7324310738  17.7703032929  16.0175996954
73.6  23.4302379278  11.7151189639  17.7418700957  15.9923223819
73.7  23.3947879057  11.6973939529  17.712822218  15.9664894159
73.8  23.3585114082  11.6792557041  17.6831593584  15.940100492
73.9  23.3214081502  11.6607040751  17.6528815089  15.9131555689
74.0  23.2834782383  11.6417391191  17.6219889571  15.8856548721
74.1  23.2447221698  11.6223610849  17.5904822856  15.857598893
74.2  23.2051408358  11.6025704179  17.5583623738  15.8289883908
74.3  23.164735521  11.5823677605  17.525630398  15.7998243924
74.4  23.1235079057  11.5617539529  17.4922878322  15.7701081935
74.5  23.0814600658  11.5407300329  17.4583364484  15.7398413586
74.6  23.0385944723  11.5192972361  17.423778316  15.7090257202
74.7  22.9949139952  11.4974569976  17.3886158041  15.6776633819
74.8  22.9504219  11.47521095  17.3528515793  15.6457567152
74.9  22.9051218495  11.4525609247  17.3164886064  15.6133083612
75.0  22.859017905  11.4295089525  17.2795301494  15.580321231
75.0  22.8590179049  11.4295089524  17.2795301493  15.5803212308
75.1  22.8121145233  11.4060572617  17.241979769  15.5467985033
75.2  22.7644165594  11.3822082797  17.2038413244  15.5127436267
75.3  22.7159292642  11.3579646321  17.1651189716  15.4781603175
75.4  22.666658284  11.333329142  17.1258171625  15.4430525595
75.5  22.6166096608  11.3083048304  17.0859406452  15.4074246039
75.6  22.56578983  11.282894915  17.0454944621  15.3712809677
75.7  22.5142056199  11.2571028099  17.0044839493  15.3346264334
75.8  22.4618642512  11.2309321256  16.9629147359  15.2974660481
75.9  22.4087733351  11.2043866675  16.9207927429  15.2598051225
76.0  22.3549408701  11.177470435  16.8781241799  15.2216492286
76.1  22.3003752431  11.1501876215  16.8349155465  15.1830041998
76.2  22.2450852255  11.1225426127  16.7911736285  15.143876129
76.3  22.189079972  11.094539986  16.7469054973  15.1042713666
76.4  22.1323690182  11.0661845091  16.7021185081  15.06419652
76.5  22.0749622777  11.0374811389  16.656820297  15.0236584503
76.6  22.0168700404  11.0084350202  16.6110187797  14.9826642718
76.7  21.9581029688  10.9790514844  16.5647221491  14.9412213493
76.8  21.8986720961  10.9493360481  16.517938873  14.8993372962
76.9  21.8385888229  10.9192944114  16.4706776919  14.8570199726
77.0  21.777864913  10.8889324565  16.4229476157  14.8142774825
77.1  21.7165124915  10.8582562458  16.3747579218  14.7711181719
77.2  21.6545440396  10.8272720198  16.3261181512  14.7275506254
77.3  21.5919723927  10.7959861963  16.2770381073  14.6835836649
77.4  21.5288107351  10.7644053675  16.2275278511  14.6392263456
77.5  21.4650725963  10.7325362981  16.1775976989  14.5944879539
77.6  21.4007718461  10.7003859231  16.127258218  14.5493780034
77.7  21.3359226925  10.6679613463  16.0765202253  14.5039062338
77.8  21.2705396747  10.6352698373  16.0253947816  14.4580826059
77.9  21.2046376577  10.6023188288  15.9738931881  14.4119172976
78.0  21.138231831  10.5691159155  15.9220269842  14.3654207035
78.1  21.0713377002  10.5356688501  15.8698079422  14.3186034286
78.2  21.0039710823  10.5019855412  15.8172480627  14.2714762852
78.3  20.9361481024  10.4680740512  15.7643595727  14.2240502906
78.4  20.8678851848  10.4339425924  15.7111549184  14.1763366608
78.5  20.7991990494  10.3995995247  15.6576467626  14.1283468085
78.6  20.7301067047  10.3650533523  15.603847979  14.0800923375
78.7  20.6606254446  10.3303127223  15.5497716503  14.0315850411
78.8  20.5907728358  10.2953864179  15.4954310581  13.9828368932
78.9  20.5205667182  10.2602833591  15.440839683  13.9338600485
79.0  20.4500251937  10.2250125968  15.3860111967  13.8846668348
79.1  20.3791666233  10.1895833116  15.3309594593  13.8352697512
79.2  20.3080096145  10.1540048072  15.2756985098  13.7856814592
79.3  20.2365730194  10.1182865097  15.2202425646  13.7359147816
79.4  20.1648759259  10.0824379629  15.1646060108  13.6859826962
79.5  20.0929376499  10.0464688249  15.1088034004  13.6358983308
79.6  20.0207777259  10.010388863  15.052849443  13.5856749564
79.7  19.9484159033  9.97420795163  14.996759003  13.5353259849
79.8  19.8758721347  9.93793606733  14.9405470909  13.4848649611
79.9  19.8031665693  9.90158328463  14.884228858  13.4343055581
80.0  19.7303195451  9.86515977257  14.8278195907  13.3836615721
80.1  19.6573515809  9.82867579043  14.7713347042  13.3329469165
80.2  19.5842833643  9.79214168215  14.714789734  13.2821756146
80.3  19.511135748  9.75556787401  14.6582003324  13.231361796
80.4  19.4379297378  9.71896486889  14.6015822598  13.1805196894
80.5  19.3646864822  9.68234324109  14.5449513769  13.1296636148
80.6  19.2914272687  9.64571363434  14.4883236416  13.0788079815
80.7  19.2181735083  9.60908675415  14.4317150979  13.0279672773
80.8  19.1449467298  9.57247336488  14.3751418707  12.9771560643
80.9  19.0717685693  9.53588428467  14.318620159  12.9263889728
81.0  18.9986607604  9.4993303802  14.2621662274  12.8756806935
81.1  18.9256451227  9.46282256136  14.2057963987  12.8250459702
81.2  18.8527435554  9.42637177769  14.1495270477  12.7744995958
81.3  18.7799780244  9.38998901218  14.0933745928  12.7240564028
81.4  18.7073705507  9.35368527533  14.0373554864  12.6737312563
81.5  18.6349432049  9.31747160245  13.9814862114  12.6235390495
81.6  18.5627180914  9.2813590457  13.9257832689  12.5734946933
81.7  18.4907173401  9.24535867006  13.8702631721  12.5236131112
81.8  18.3882229999  9.19411149995  13.7918861648  12.4504221737
81.9  18.3566691045  9.17833455224  13.7667308939  12.4280308715
82.0  18.325169355  9.16258467752  13.7416240728  12.4056820069
82.1  18.2937236587  9.14686182934  13.7165655999  12.3833754919
82.2  18.2623319226  9.13116596131  13.6915553738  12.3611112385
82.3  18.2309940543  9.11549702713  13.6665932933  12.3388891588
82.4  18.1997099612  9.0998549806  13.6416792575  12.3167091653
82.5  18.1684795511  9.08423977557  13.6168131658  12.2945711707
82.6  18.1373027319  9.06865136597  13.5919949177  12.2724750879
82.7  18.1061794117  9.05308970584  13.5672244131  12.2504208299
82.8  18.0751094985  9.03755474927  13.5425015519  12.22840831
82.9  18.0440929009  9.02204645043  13.5178262344  12.2064374416
83.0  18.0131295272  9.00656476359  13.4931983612  12.1845081384
83.1  17.9822192861  8.99110964307  13.4686178329  12.1626203144
83.2  17.9513620866  8.97568104329  13.4440845506  12.1407738835
83.3  17.9205578375  8.96027891874  13.4195984153  12.1189687602
83.4  17.889806448  8.94490322399  13.3951593286  12.0972048588
83.5  17.8591078274  8.92955391368  13.3707671921  12.0754820941
83.6  17.8284618851  8.91423094255  13.3464219077  12.053800381
83.7  17.7978685308  8.89893426538  13.3221233774  12.0321596346
83.8  17.7673276741  8.88366383707  13.2978715037  12.01055977
83.9  17.7368392251  8.86841961257  13.273666189  11.989000703
84.0  17.7064030938  8.85320154691  13.2495073363  11.9674823491
84.1  17.6760191904  8.83800959521  13.2253948484  11.9460046242
84.2  17.6456874253  8.82284371265  13.2013286287  11.9245674444
84.3  17.615407709  8.80770385451  13.1773085806  11.903170726
84.4  17.5851799522  8.79258997612  13.1533346078  11.8818143856
84.5  17.5550040658  8.7775020329  13.1294066143  11.8604983396
84.6  17.5248799607  8.76243998035  13.1055245041  11.8392225052
84.7  17.4948075481  8.74740377404  13.0816881816  11.8179867992
84.8  17.4647867392  8.73239336961  13.0578975515  11.796791139
84.9  17.4348174456  8.71740872281  13.0341525185  11.775635442
85.0  17.4048995788  8.70244978941  13.0104529876  11.7545196259
85.1  17.3750330506  8.6875165253  12.9867988641  11.7334436085
85.2  17.3452177729  8.67260888644  12.9631900536  11.7124073078
85.3  17.3154536577  8.65772682884  12.9396264615  11.6914106422
85.4  17.2857406172  8.64287030862  12.916107994  11.6704535299
85.5  17.2560785639  8.62803928195  12.892634557  11.6495358896
85.6  17.2264674102  8.61323370508  12.869206057  11.6286576402
85.7  17.1969070687  8.59845353434  12.8458224004  11.6078187006
85.8  17.1673974523  8.58369872614  12.8224834942  11.5870189899
85.9  17.1379384739  8.56896923695  12.7991892452  11.5662584276
86.0  17.1085300467  8.55426502333  12.7759395606  11.5455369332
86.1  17.0791720838  8.5395860419  12.7527343479  11.5248544265
86.2  17.0498644987  8.52493224937  12.7295735148  11.5042108273
86.3  17.020607205  8.51030360251  12.706456969  11.4836060559
86.4  16.9914001164  8.49570005818  12.6833846187  11.4630400324
86.5  16.9622431466  8.48112157329  12.6603563721  11.4425126775
86.6  16.9331362097  8.46656810485  12.6373721377  11.4220239117
86.7  16.9040792199  8.45203960993  12.6144318241  11.401573656
86.8  16.8750720913  8.43753604567  12.5915353404  11.3811618314
86.9  16.8461147386  8.42305736929  12.5686825956  11.3607883591
87.0  16.8172070762  8.4086035381  12.545873499  11.3404531605
87.1  16.7883490189  8.39417450944  12.5231079603  11.3201561572
87.2  16.7595404815  8.37977024076  12.5003858891  11.2998972711
87.3  16.7307813792  8.36539068958  12.4777071954  11.279676424
87.4  16.702071627  8.35103581348  12.4550717893  11.2594935381
87.5  16.6734111402  8.33670557011  12.4324795813  11.2393485357
87.6  16.6447998344  8.32239991721  12.4099304818  11.2192413394
87.7  16.6162376252  8.30811881259  12.3874244018  11.1991718718
87.8  16.5877244282  8.29386221411  12.3649612521  11.1791400557
87.9  16.5592601594  8.27963007972  12.3425409441  11.1591458143
88.0  16.5308447349  8.26542236744  12.3201633889  11.1391890707
88.1  16.5024780708  8.25123903538  12.2978284984  11.1192697484
88.2  16.4741600834  8.23708004168  12.2755361842  11.0993877708
88.3  16.4458906892  8.22294534459  12.2532863585  11.0795430619
88.4  16.4176698048  8.20883490241  12.2310789333  11.0597355454
88.5  16.3894973471  8.19474867353  12.2089138211  11.0399651455
88.6  16.3613732328  8.18068661638  12.1867909346  11.0202317865
88.7  16.333297379  8.1666486895  12.1647101865  11.0005353929
88.8  16.305269703  8.15263485148  12.1426714899  10.9808758892
88.9  16.277290122  8.13864506098  12.1206747579  10.9612532003
89.0  16.2493585535  8.12467927674  12.0987199041  10.9416672511
89.1  16.2214749151  8.11073745755  12.0768068419  10.9221179669
89.2  16.1936391246  8.09681956231  12.0549354852  10.9026052729
89.3  16.1658510999  8.08292554995  12.0331057481  10.8831290946
89.4  16.138110759  8.06905537949  12.0113175447  10.8636893577
89.5  16.11041802  8.05520901002  11.9895707894  10.844285988
89.6  16.0827728014  8.0413864007  11.9678653969  10.8249189117
89.7  16.0551750215  8.02758751075  11.9462012819  10.8055880547
89.8  16.027624599  8.01381229948  11.9245783594  10.7862933436
89.9  16.0001214525  8.00006072625  11.9029965446  10.7670347047
90.0  15.972665501  7.9863327505  11.8814557529  10.7478120649
90.0  15.972665501  7.9863327505  11.8814557529  10.7478120649
90.1  15.9452566635  7.97262833173  11.8599558999  10.7286253509
90.2  15.9178948591  7.95894742953  11.8384969013  10.7094744899
90.3  15.8905800071  7.94529000354  11.817078673  10.6903594089
90.4  15.8633120269  7.93165601347  11.7957011313  10.6712800354
90.5  15.8360908382  7.9180454191  11.7743641925  10.6522362969
90.6  15.8089163606  7.9044581803  11.7530677731  10.633228121
90.7  15.781788514  7.89089425698  11.7318117899  10.6142554358
90.8  15.7547072183  7.87735360914  11.7105961597  10.5953181691
90.9  15.7276723937  7.86383619683  11.6894207997  10.5764162492
91.0  15.7006839604  7.85034198018  11.6682856271  10.5575496044
91.1  15.6737418388  7.8368709194  11.6471905595  10.5387181634
91.2  15.6468459495  7.82342297473  11.6261355145  10.5199218546
91.3  15.6199962131  7.80999810653  11.60512041  10.5011606071
91.4  15.5931925504  7.79659627518  11.584145164  10.4824343498
91.5  15.5664348823  7.78321744116  11.5632096948  10.4637430119
91.6  15.53972313  7.769861565  11.5423139208  10.4450865228
91.7  15.5130572146  7.75652860732  11.5214577605  10.4264648119
91.8  15.4864370575  7.74321852877  11.5006411329  10.4078778089
91.9  15.4598625802  7.72993129011  11.4798639568  10.3893254436
92.0  15.4333337043  7.71666685213  11.4591261514  10.3708076461
92.1  15.4068503514  7.70342517571  11.4384276361  10.3523243464
92.2  15.3804124436  7.69020622181  11.4177683305  10.3338754749
92.3  15.3540199028  7.67700995141  11.3971481541  10.315460962
92.4  15.3276726512  7.6638363256  11.3765670269  10.2970807384
92.5  15.301370611  7.65068530552  11.3560248691  10.2787347348
92.6  15.2751137048  7.63755685238  11.3355216008  10.2604228822
92.7  15.2489018549  7.62445092746  11.3150571425  10.2421451117
92.8  15.2227349842  7.61136749209  11.2946314148  10.2239013545
92.9  15.1966130154  7.59830650768  11.2742443386  10.2056915421
93.0  15.1705358714  7.58526793572  11.2538958347  10.1875156059
93.1  15.1445034755  7.57225173774  11.2335858244  10.1693734778
93.2  15.1185157507  7.55925787534  11.2133142291  10.1512650896
93.3  15.0925726204  7.5462863102  11.1930809701  10.1331903733
93.4  15.0666740081  7.53333700406  11.1728859693  10.1151492612
93.5  15.0408198375  7.52040991873  11.1527291485  10.0971416855
93.6  15.0150100321  7.50750501606  11.1326104298  10.0791675788
93.7  14.989244516  7.494622258  11.1125297353  10.0612268738
93.8  14.9635232131  7.48176160654  11.0924869876  10.0433195031
93.9  14.9378460475  7.46892302376  11.0724821091  10.0254453999
94.0  14.9122129435  7.45610647177  11.0525150227  10.0076044971
94.1  14.8866238256  7.44331191279  11.0325856512  9.98979672807
94.2  14.8610786181  7.43053930906  11.0126939178  9.97202202621
94.3  14.8355772458  7.41778862292  10.9928397458  9.95428032508
94.4  14.8101196335  7.40505981675  10.9730230586  9.93657155839
94.5  14.784705706  7.392352853  10.9532437798  9.91889566
94.6  14.7593353884  7.3796676942  10.9335018333  9.90125256393
94.7  14.7340086059  7.36700430293  10.913797143  9.88364220434
94.8  14.7087252837  7.35436264184  10.8941296331  9.86606451554
94.9  14.6834853473  7.34174267363  10.8744992278  9.84851943199
95.0  14.6582887222  7.32914436109  10.8549058517  9.83100688831
95.1  14.6331353341  7.31656766705  10.8353494294  9.81352681926
95.2  14.6080251088  7.30401255441  10.8158298858  9.79607915973
95.3  14.5829579723  7.29147898614  10.7963471459  9.77866384478
95.4  14.5579338506  7.27896692528  10.7769011347  9.76128080961
95.5  14.5329526698  7.26647633491  10.7574917777  9.74392998956
95.6  14.5080143564  7.2540071782  10.7381190004  9.72661132013
95.7  14.4831188367  7.24155941836  10.7187827285  9.70932473696
95.8  14.4582660373  7.22913301867  10.6994828877  9.69207017582
95.9  14.433455885  7.21672794249  10.6802194041  9.67484757265
96.0  14.4086883064  7.20434415321  10.6609922038  9.65765686351
96.1  14.3839632287  7.19198161433  10.6418012133  9.64049798463
96.2  14.3592805787  7.17964028935  10.6226463589  9.62337087236
96.3  14.3346402838  7.1673201419  10.6035275675  9.60627546321
96.4  14.3100422712  7.15502113562  10.5844447658  9.58921169382
96.5  14.2854864685  7.14274323424  10.5653978808  9.57217950099
96.6  14.2609728031  7.13048640154  10.5463868397  9.55517882164
96.7  14.2365012027  7.11825060136  10.5274115698  9.53820959285
96.8  14.2120715953  7.10603579763  10.5084719986  9.52127175184
96.9  14.1876839086  7.0938419543  10.4895680538  9.50436523595
97.0  14.1633380708  7.08166903541  10.4706996632  9.48748998269
97.1  14.1390340101  7.06951700505  10.4518667548  9.4706459297
97.2  14.1147716548  7.05738582738  10.4330692566  9.45383301475
97.3  14.0905509332  7.04527546662  10.4143070972  9.43705117575
97.4  14.0663717741  7.03318588705  10.3955802048  9.42030035078
97.5  14.042234106  7.02111705299  10.3768885081  9.40358047802
97.6  14.0181378577  7.00906892887  10.3582319359  9.3868914958
97.7  13.9940829583  6.99704147913  10.3396104172  9.37023334261
97.8  13.9700693366  6.9850346683  10.321023881  9.35360595705
97.9  13.9460969219  6.97304846096  10.3024722567  9.33700927786
98.0  13.9221656435  6.96108282177  10.2839554736  9.32044324394
98.1  13.8982754308  6.94913771542  10.2654734613  9.30390779431
98.2  13.8744262134  6.93721310668  10.2470261496  9.28740286812
98.3  13.8506179208  6.92530896038  10.2286134684  9.27092840468
98.4  13.8268504828  6.9134252414  10.2102353476  9.25448434341
98.5  13.8031238294  6.90156191469  10.1918917177  9.23807062387
98.6  13.7794378905  6.88971894526  10.1735825088  9.22168718578
98.7  13.7557925964  6.87789629818  10.1553076515  9.20533396896
98.8  13.7321878771  6.86609393857  10.1370670765  9.18901091339
98.9  13.7086236632  6.85431183162  10.1188607147  9.17271795917
99.0  13.6850998851  6.84254994257  10.1006884969  9.15645504654
99.1  13.6616164735  6.83080823674  10.0825503545  9.14022211587
99.2  13.638173359  6.81908667948  10.0644462186  9.12401910767
99.3  13.6147704725  6.80738523623  10.0463760207  9.10784596257
99.4  13.5914077449  6.79570387247  10.0283396924  9.09170262135
99.5  13.5680851075  6.78404255374  10.0103371655  9.07558902491
99.6  13.5448024913  6.77240124565  9.9923683718  9.05950511427
99.7  13.5215598277  6.76077991386  9.97443324348  9.04345083061
99.8  13.4983570482  6.74917852408  9.9565317127  9.02742611522
99.9  13.4751940842  6.7375970421  9.93866371183  9.01143090953
100.0  13.4520708675  6.72603543376  9.92082917337  8.99546515509
100.1  13.4289873299  6.71449366495  9.90302803  8.9795287936
100.2  13.4059434033  6.70297170164  9.88526021452  8.96362176686
100.3  13.3829390197  6.69146950983  9.8675256599  8.94774401682
100.4  13.3599741112  6.67998705559  9.84982429926  8.93189548557
100.5  13.3370486101  6.66852430506  9.83215606584  8.91607611529
100.6  13.3141624489  6.65708122443  9.81452089308  8.90028584833
100.7  13.2913155599  6.64565777994  9.79691871451  8.88452462715
100.8  13.2685078758  6.6342539379  9.77934946386  8.86879239433
100.9  13.2457393293  6.62286966466  9.76181307497  8.85308909258
101.0  13.2230098533  6.61150492666  9.74430948184  8.83741466475
101.1  13.2003193807  6.60015969036  9.72683861862  8.82176905381
101.2  13.1776678446  6.58883392231  9.70940041961  8.80615220285
101.3  13.1550551782  6.5775275891  9.69199481925  8.7905640551
101.4  13.1324813147  6.56624065737  9.67462175211  8.77500455389
101.5  13.1099461877  6.55497309383  9.65728115294  8.75947364271
101.6  13.0874497305  6.54372486525  9.63997295661  8.74397126515
101.7  13.0649918769  6.53249593846  9.62269709814  8.72849736493
101.8  13.0425725606  6.52128628031  9.60545351268  8.71305188589
101.9  13.0201917155  6.51009585777  9.58824213557  8.69763477202
102.0  12.9978492756  6.49892463781  9.57106290223  8.6822459674
102.1  12.975545175  6.48777258748  9.55391574828  8.66688541625
102.2  12.9532793478  6.47663967389  9.53680060944  8.65155306291
102.3  12.9310517284  6.46552586421  9.51971742159  8.63624885185
102.4  12.9088622513  6.45443112564  9.50266612077  8.62097272766
102.5  12.8867108509  6.44335542546  9.48564664313  8.60572463503
102.6  12.864597462  6.43229873101  9.46865892498  8.59050451881
102.7  12.8425220193  6.42126100967  9.45170290276  8.57531232394
102.8  12.8204844578  6.41024222888  9.43477851307  8.5601479955
102.9  12.7984847123  6.39924235615  9.41788569262  8.54501147869
103.0  12.776522718  6.38826135901  9.4010243783  8.52990271881
103.1  12.7545984102  6.3772992051  9.38419450709  8.51482166131
103.2  12.7327117241  6.36635586206  9.36739601616  8.49976825174
103.3  12.7108625952  6.35543129762  9.35062884278  8.48474243578
103.4  12.6890509591  6.34452547956  9.33389292438  8.46974415922
103.5  12.6672767514  6.33363837571  9.31718819852  8.45477336797
103.6  12.6455399079  6.32276995396  9.3005146029  8.43983000807
103.7  12.6238403645  6.31192018224  9.28387207535  8.42491402568
103.8  12.6021780571  6.30108902855  9.26726055386  8.41002536705
103.9  12.5805529219  6.29027646095  9.25067997654  8.39516397858
104.0  12.5589648951  6.27948244755  9.23413028162  8.38032980678
104.1  12.537413913  6.2687069565  9.2176114075  8.36552279827
104.2  12.515899912  6.25794995601  9.20112329269  8.35074289978
104.3  12.4944228287  6.24721141437  9.18466587586  8.33599005818
104.4  12.4729825998  6.23649129989  9.16823909579  8.32126422044
104.5  12.4515791619  6.22578958096  9.1518428914  8.30656533364
104.6  12.430212452  6.21510622601  9.13547720176  8.291893345
104.7  12.408882407  6.20444120352  9.11914196607  8.27724820183
104.8  12.3875889641  6.19379448203  9.10283712364  8.26262985158
104.9  12.3663320603  6.18316603015  9.08656261394  8.24803824178
105.0  12.3451116331  6.17255581653  9.07031837657  8.23347332012
105.0  12.3451116331  6.17255581653  9.07031837657  8.23347332012
105.1  12.3239276197  6.16196380986  9.05410435126  8.21893503436
105.2  12.3027799578  6.1513899789  9.03792047785  8.20442333241
105.3  12.2816685849  6.14083429247  9.02176669635  8.18993816227
105.4  12.2605934388  6.13029671942  9.00564294689  8.17547947207
105.5  12.2395544574  6.11977722869  8.9895491697  8.16104721003
105.6  12.2185515785  6.10927578923  8.9734853052  8.14664132452
105.7  12.1975847401  6.09879237007  8.95745129388  8.13226176399
105.8  12.1766538806  6.08832694029  8.9414470764  8.11790847701
105.9  12.155758938  6.07787946901  8.92547259354  8.10358141227
120.0  9.54141193423  4.77070596711  6.94457155792  6.32328460913
135.0  7.37446079101  3.6872303955  5.32910116763  4.86531260149
150.0  5.69964616694  2.84982308347  4.09656916627  3.74860895446
165.0  4.40519888151  2.20259944076  3.15329928628  2.89107754894
180.0  3.40473366544  1.70236683272  2.42968196397  2.23131585397

#SVE monte-carlo points sigmaR (r, sigmaR_med, sigmaR_std)
10.1  126.539996562  0.0
13.6  105.686534803  0.0
17.0  83.4060783692  0.0
20.5  63.6475228323  0.0
24.0  49.9554209497  0.0
27.5  42.6098371631  0.0
30.9  40.1052525143  0.0
34.4  40.0582826264  0.0
37.9  40.4494828764  0.0
41.4  39.8474650053  0.0
44.9  37.7509291628  0.0
48.3  34.5741708295  0.0
51.8  30.901278961  0.0
55.3  27.6834449386  0.0
58.8  25.5247970633  0.0
62.2  24.5666532943  0.0
65.7  24.4041042662  0.0
69.2  24.4071169922  0.0
72.7  23.8733313657  0.0
76.1  22.4504887706  0.0
79.6  20.153889468  0.0
83.1  18.0974450762  0.0
86.6  17.0433400263  0.0
90.0  16.0781765929  0.0
93.5  15.141685996  0.0
97.0  14.2597422959  0.0
100.5  13.4291683501  0.0
104.0  12.6469720724  0.0

#SVE monte-carlo points sigmaZ (r, sigmaZ_med, sigmaZ_std)
10.5  62.2326698791  0.0
14.0  51.5271279466  0.0
17.4  40.4538954383  0.0
20.9  30.8746415351  0.0
24.4  24.4056679058  0.0
27.9  21.0585835008  0.0
31.3  20.0066454653  0.0
34.8  20.0577860211  0.0
38.3  20.2243441154  0.0
41.8  19.841946633  0.0
45.2  18.7535245922  0.0
48.7  17.0791890954  0.0
52.2  15.2478297056  0.0
55.7  13.6880461695  0.0
59.2  12.6782404528  0.0
62.6  12.2581548312  0.0
66.1  12.2051419278  0.0
69.6  12.1923385481  0.0
73.1  11.8775983231  0.0
76.5  11.1116871485  0.0
80.0  9.9306435827  0.0
83.5  8.98687484291  0.0
87.0  8.4634247031  0.0
90.4  7.98414141518  0.0
93.9  7.51909655664  0.0
97.4  7.08113873341  0.0
100.9  6.66869023214  0.0
104.4  6.28026523509  0.0

#SVE monte-carlo points sigmaPhi (r, sigmaPhi_med, sigmaPhi_std)
11.0  105.436272787  0.0
14.5  85.3080384525  0.0
17.9  65.8197975198  0.0
21.4  49.7291448972  0.0
24.9  39.2777863352  0.0
28.4  34.041565439  0.0
31.8  32.3916206725  0.0
35.3  32.3008432479  0.0
38.8  32.2151814772  0.0
42.3  31.187378863  0.0
45.7  29.1009059368  0.0
49.2  26.2082431386  0.0
52.7  23.2219810426  0.0
56.2  20.7806176516  0.0
59.7  19.2490399219  0.0
63.1  18.6144698993  0.0
66.6  18.4827906531  0.0
70.1  18.3386887691  0.0
73.6  17.6902184502  0.0
77.0  16.3751993299  0.0
80.5  14.5028865404  0.0
84.0  13.2104402894  0.0
87.5  12.3990176745  0.0
90.9  11.661122409  0.0
94.4  10.9497159779  0.0
97.9  10.2838064026  0.0
101.4  9.66023642054  0.0
104.9  9.07609514394  0.0
