# UGC 5253 = NGC 2985
# N08
# PA=
# "    major
# inclination =  37 deg (adopted by N08)
# data are make manually not corrected for inclination
# reff  v    dv		sig		dsig
# "
-99.1  -134.144568661  18.7766287223  62.1  23.2
-79.8  -130.052226503  7.5226877894  58.8  6.9
-62.0  -132.519668098  6.49960225004  62.3  4.7
-44.7  -131.917853075  6.3190577431  70.6  3.7
-29.0  -126.441336364  6.43942074773  71.9  3.3
-20.4  -120.663912142  6.80050976162  78.8  2.8
-13.8  -98.336574783  8.00413980792  110.4  3.4
-8.1  -109.650697218  5.11542769679  128.2  3.1
-3.8  -61.6258583708  4.99506469216  137.5  2.2
-1.3  -18.1748136992  5.17560919911  141.5  2.0
1.3  18.1748136992  5.17560919911  141.5  2.0
3.8  61.6258583708  4.99506469216  137.5  2.2
8.1  109.650697218  5.11542769679  128.2  3.1
13.8  98.336574783  8.00413980792  110.4  3.4
20.4  120.663912142  6.80050976162  78.8  2.8
29.0  126.441336364  6.43942074773  71.9  3.3
44.7  131.917853075  6.3190577431  70.6  3.7
62.0  132.519668098  6.49960225004  62.3  4.7
79.8  130.052226503  7.5226877894  58.8  6.9
99.1  134.144568661  18.7766287223  62.1  23.2
