#SVE points (r, sigmaR, sigmaZ, sigmaPhi, sigmaMajRestored)
8.9  211.664224018  105.832112009  157.493950759  152.358033097
9.0  211.116469095  105.558234547  157.046237136  151.927049182
9.1  210.578890459  105.28944523  156.606500884  151.503761777
9.2  210.051354735  105.025677367  156.174634564  151.088067364
9.3  209.533729713  104.766864857  155.750531773  150.679863424
9.4  209.025884346  104.512942173  155.334087145  150.279048426
9.5  208.527688742  104.263844371  154.925196335  149.885521824
9.6  208.039014159  104.01950708  154.523756019  149.499184048
9.7  207.559732999  103.779866499  154.129663881  149.119936497
9.8  207.0897188  103.5448594  153.74281861  148.747681534
9.9  206.628846235  103.314423118  153.363119892  148.382322476
10.0  206.176991101  103.088495551  152.990468402  148.023763592
10.1  205.734030315  102.867015158  152.624765796  147.671910092
10.2  205.299841909  102.649920955  152.265914708  147.326668123
10.3  204.874305023  102.437152511  151.913818737  146.987944762
10.4  204.457299897  102.228649949  151.568382448  146.655648007
10.5  204.048707871  102.024353936  151.229511356  146.329686775
10.6  203.648411373  101.824205686  150.897111928  146.009970891
10.7  203.256293915  101.628146957  150.571091568  145.696411084
10.8  202.872240089  101.436120044  150.251358617  145.38891898
10.9  202.496135559  101.248067779  149.937822343  145.087407096
11.0  202.127867055  101.063933527  149.630392935  144.791788833
11.1  201.767322368  100.883661184  149.328981493  144.501978469
11.2  201.414390344  100.707195172  149.03350003  144.217891155
11.3  201.068960878  100.534480439  148.743861454  143.939442906
11.4  200.730924908  100.365462454  148.459979571  143.666550598
11.5  200.400174408  100.200087204  148.181769074  143.399131956
11.6  200.076602384  100.038301192  147.909145536  143.137105557
11.7  199.760102867  99.8800514334  147.642025407  142.880390814
11.8  199.450570907  99.7252854535  147.380326003  142.628907975
11.9  199.147902569  99.5739512843  147.123965502  142.382578119
12.0  198.851994923  99.4259974613  146.872862939  142.141323144
12.1  198.562746042  99.281373021  146.626938199  141.905065767
12.2  198.280054996  99.140027498  146.386112005  141.673729512
12.3  198.003821843  99.0019109215  146.150305923  141.447238709
12.4  197.733947626  98.8669738131  145.919442345  141.225518487
12.5  197.470334366  98.7351671832  145.693444489  141.008494766
12.6  197.212885057  98.6064425286  145.47223639  140.796094252
12.7  196.961503659  98.4807518294  145.255742895  140.588244433
12.8  196.716095092  98.3580475459  145.043889658  140.384873572
12.9  196.476565232  98.238282616  144.836603131  140.185910699
13.0  196.242820904  98.1214104522  144.63381056  139.991285609
13.1  196.014769877  98.0073849384  144.43543998  139.800928854
13.2  195.792320855  97.8961604275  144.241420206  139.614771737
13.3  195.575383476  97.7876917381  144.051680828  139.432746308
13.4  195.363868304  97.681934152  143.866152209  139.254785358
13.5  195.157686822  97.5788434109  143.684765473  139.080822412
13.6  194.956751427  97.4783757136  143.507452502  138.910791724
13.7  194.760975427  97.3804877137  143.334145932  138.744628272
13.8  194.570273031  97.2851365157  143.164779144  138.582267752
13.9  194.384559346  97.1922796731  142.99928626  138.423646575
14.0  194.20375037  97.1018751851  142.837602138  138.268701855
14.1  194.027762987  97.0138814937  142.679662362  138.117371412
14.2  193.856514962  96.928257481  142.525403244  137.969593759
14.3  193.689924933  96.8449624663  142.37476181  137.825308102
14.4  193.527912407  96.7639562034  142.2276758  137.684454333
14.5  193.370397755  96.6851988776  142.084083662  137.546973022
14.6  193.217302206  96.6086511028  141.943924542  137.412805416
14.7  193.068547838  96.534273919  141.807138285  137.281893432
14.8  192.924057578  96.4620287892  141.673665423  137.15417965
14.9  192.783755193  96.3918775967  141.543447175  137.02960731
15.0  192.647565285  96.3237826423  141.41642544  136.908120307
15.0  192.647565285  96.3237826423  141.41642544  136.908120307
15.1  192.515413283  96.2577066417  141.292542787  136.789663184
15.2  192.387225444  96.1936127222  141.171742457  136.674181127
15.3  192.262928841  96.1314644206  141.053968354  136.561619962
15.4  192.14245136  96.0712256798  140.939165038  136.45192615
15.5  192.025721693  96.0128608464  140.827277723  136.345046777
15.6  191.912669336  95.956334668  140.71825227  136.240929555
15.7  191.80322458  95.90161229  140.612035183  136.139522815
15.8  191.697318507  95.8486592535  140.5085736  136.0407755
15.9  191.594882984  95.797441492  140.407815294  135.944637163
16.0  191.495850658  95.747925329  140.309708663  135.85105796
16.1  191.40015495  95.7000774752  140.214202727  135.759988646
16.2  191.307730051  95.6538650256  140.121247123  135.67138057
16.3  191.218510914  95.6092554571  140.030792098  135.585185671
16.4  191.132433251  95.5662166256  139.942788507  135.501356471
16.5  191.049433527  95.5247167634  139.857187804  135.419846074
16.6  190.969448953  95.4847244765  139.773942042  135.340608155
16.7  190.892417484  95.4462087418  139.693003865  135.263596963
16.8  190.818277809  95.4091389046  139.614326502  135.188767311
16.9  190.746969352  95.3734846759  139.537863765  135.116074571
17.0  190.678432259  95.3392161296  139.463570042  135.045474674
17.1  190.6126074  95.3063037001  139.391400294  134.976924101
17.2  190.549436359  95.2747181796  139.321310049  134.910379879
17.3  190.48886143  95.2444307151  139.253255397  134.84579958
17.4  190.430825613  95.2154128065  139.187192985  134.783141311
17.5  190.375272607  95.1876363033  139.123080015  134.722363714
17.6  190.322146805  95.1610734023  139.060874235  134.663425959
17.7  190.27139329  95.1356966451  139.000533939  134.60628774
17.8  190.222957831  95.1114789154  138.942017957  134.550909273
17.9  190.176786872  95.0883934362  138.885285657  134.497251285
18.0  190.132827535  95.0664137676  138.830296933  134.445275019
18.1  190.091027608  95.0455138042  138.777012207  134.394942221
18.2  190.051335545  95.0256677723  138.725392421  134.346215142
18.3  190.013700455  95.0068502274  138.675399033  134.299056529
18.4  189.978072104  94.9890360518  138.626994012  134.253429623
18.5  189.944400905  94.9722004523  138.580139836  134.209298155
18.6  189.912637914  94.9563189571  138.534799484  134.166626342
18.7  189.882734827  94.9413674137  138.490936434  134.12537888
18.8  189.854643973  94.9273219863  138.448514659  134.085520944
18.9  189.828318307  94.9141591534  138.407498621  134.047018178
19.0  189.80371141  94.9018557052  138.367853267  134.009836699
19.1  189.780777482  94.890388741  138.329544026  133.973943085
19.2  189.759471334  94.8797356671  138.292536802  133.939304375
19.3  189.739748388  94.8698741942  138.256797975  133.905888065
19.4  189.721564669  94.8607823347  138.22229439  133.873662103
19.5  189.704876801  94.8524384006  138.188993357  133.842594884
19.6  189.689642002  94.844821001  138.156862647  133.812655247
19.7  189.675818079  94.8379090394  138.125870487  133.783812473
19.8  189.663363424  94.8316817119  138.095985553  133.756036276
19.9  189.652237008  94.826118504  138.067176973  133.729296806
20.0  189.642398378  94.8211991891  138.039414314  133.703564637
20.1  189.63380765  94.8169038252  138.012667585  133.678810771
20.2  189.626425507  94.8132127534  137.98690723  133.655006629
20.3  189.62021319  94.8101065949  137.962104125  133.632124047
20.4  189.615132498  94.8075662489  137.938229574  133.610135278
20.5  189.611145781  94.8055728905  137.915255301  133.58901298
20.6  189.608215935  94.8041079677  137.893153454  133.568730218
20.7  189.6063064  94.8031532  137.871896594  133.549260458
20.8  189.60538115  94.8026905751  137.851457695  133.530577565
20.9  189.605404695  94.8027023474  137.831810139  133.512655796
21.0  189.606342071  94.8031710354  137.812927711  133.4954698
21.1  189.608158839  94.8040794193  137.794784597  133.478994612
21.2  189.610821078  94.805410539  137.777355381  133.463205651
21.3  189.614295383  94.8071476915  137.760615037  133.448078713
21.4  189.618548858  94.809274429  137.744538929  133.433589974
21.5  189.623549113  94.8117745564  137.729102809  133.419715978
21.6  189.629264259  94.8146321293  137.714282807  133.406433641
21.7  189.635662903  94.8178314516  137.700055432  133.393720241
21.8  189.642714146  94.8213570732  137.686397568  133.381553421
21.9  189.650387576  94.8251937881  137.673286469  133.36991118
22.0  189.658653264  94.8293266321  137.660699758  133.358771873
22.1  189.667481761  94.8337408803  137.648615418  133.348114204
22.2  189.676844091  94.8384220455  137.637011795  133.337917229
22.3  189.686711751  94.8433558756  137.625867589  133.328160345
22.4  189.697056703  94.8485283516  137.615161856  133.31882329
22.5  189.707851371  94.8539256855  137.604873999  133.309886143
22.6  189.719068636  94.859534318  137.594983766  133.301329313
22.7  189.730681833  94.8653409166  137.585471251  133.293133544
22.8  189.742664747  94.8713323733  137.576316885  133.285279905
22.9  189.754991606  94.8774958028  137.567501433  133.277749791
23.0  189.76763708  94.8838185399  137.559005996  133.270524918
23.1  189.780576276  94.8902881381  137.550812001  133.263587319
23.2  189.793784733  94.8968923667  137.542901201  133.256919344
23.3  189.807238419  94.9036192096  137.535255674  133.250503651
23.4  189.820913725  94.9104568625  137.527857813  133.244323211
23.5  189.834787463  94.9173937317  137.520690329  133.238361296
23.6  189.848836862  94.924418431  137.513736245  133.232601482
23.7  189.863039561  94.9315197807  137.506978893  133.227027645
23.8  189.87737361  94.9386868049  137.500401912  133.221623956
23.9  189.89181746  94.94590873  137.493989243  133.216374879
24.0  189.906349964  94.9531749822  137.487725127  133.211265166
24.1  189.920950372  94.9604751861  137.4815941  133.206279858
24.2  189.935598324  94.9677991622  137.475580994  133.20140428
24.3  189.950273851  94.9751369253  137.469670929  133.196624037
24.4  189.964957365  94.9824786824  137.463849315  133.191925011
24.5  189.979629661  94.9898148307  137.458101842  133.187293359
24.6  189.994271912  94.997135956  137.452414485  133.182715511
24.7  190.008865661  95.0044328304  137.446773495  133.178178166
24.8  190.023392821  95.0116964106  137.441165398  133.173668287
24.9  190.037835672  95.0189178359  137.435576994  133.169173104
25.0  190.052176853  95.0260884264  137.42999535  133.164680103
25.1  190.066399363  95.0331996813  137.4244078  133.160177031
25.2  190.080486553  95.0402432765  137.418801941  133.155651887
25.3  190.094422127  95.0472110634  137.413165632  133.151092925
25.4  190.108190133  95.0540950667  137.407486986  133.146488645
25.5  190.121774965  95.0608874823  137.401754374  133.141827794
25.6  190.135161352  95.0675806762  137.395956417  133.137099365
25.7  190.148334364  95.0741671822  137.390081986  133.132292589
25.8  190.1612794  95.0806396999  137.384120197  133.127396938
25.9  190.173982187  95.0869910936  137.37806041  133.122402116
26.0  190.18642878  95.0932143898  137.371892225  133.117298062
26.1  190.198605552  95.0993027759  137.365605481  133.112074945
26.2  190.210499196  95.1052495982  137.359190251  133.106723162
26.3  190.222096721  95.1110483604  137.352636842  133.101233334
26.4  190.233385443  95.1166927214  137.345935787  133.095596304
26.5  190.244352988  95.1221764941  137.339077851  133.089803136
26.6  190.254987287  95.1274936434  137.33205402  133.08384511
26.7  190.265276569  95.1326382845  137.324855502  133.077713722
26.8  190.275209363  95.1376046813  137.317473726  133.071400678
26.9  190.284774489  95.1423872446  137.309900336  133.064897897
27.0  190.293961061  95.1469805304  137.30212719  133.058197501
27.1  190.302758477  95.1513792384  137.294146357  133.051291819
27.2  190.31115642  95.1555782102  137.285950117  133.044173382
27.3  190.319144856  95.1595724279  137.277530955  133.036834922
27.4  190.326714024  95.1633570118  137.268881558  133.029269364
27.5  190.33385444  95.1669272198  137.259994818  133.021469834
27.6  190.340556889  95.1702784447  137.250863822  133.013429645
27.7  190.346812427  95.1734062135  137.241481856  133.005142303
27.8  190.35261237  95.1763061852  137.231842401  132.996601502
27.9  190.357948299  95.1789741495  137.221939125  132.987801121
28.0  190.36281205  95.1814060251  137.21176589  132.978735221
28.1  190.367195716  95.1835978581  137.201316743  132.969398045
28.2  190.371091642  95.1855458208  137.190585913  132.959784016
28.3  190.374492419  95.1872462097  137.179567816  132.949887729
28.4  190.377390888  95.188695444  137.168257043  132.939703959
28.5  190.379780129  95.1898900644  137.156648366  132.929227647
28.6  190.381653463  95.1908267314  137.144736729  132.918453907
28.7  190.383004448  95.1915022238  137.132517252  132.90737802
28.8  190.383826874  95.1919134369  137.119985223  132.895995432
28.9  190.384114764  95.1920573818  137.107136101  132.884301752
29.0  190.383862366  95.1919311829  137.093965507  132.872292749
29.1  190.383064155  95.1915320774  137.08046923  132.859964352
29.2  190.381714826  95.1908574131  137.066643219  132.847312646
29.3  190.379809295  95.1899046475  137.052483583  132.834333872
29.4  190.377342692  95.1886713458  137.037986588  132.821024421
29.5  190.37431036  95.1871551802  137.023148655  132.807380835
29.6  190.370707855  95.1853539275  137.007966358  132.793399807
29.7  190.366530938  95.1832654689  136.992436424  132.779078172
29.8  190.361775575  95.1808877875  136.976555726  132.764412913
29.9  190.356437935  95.1782189676  136.960321286  132.749401153
30.0  190.350514386  95.1752571929  136.94373027  132.734040156
30.0  190.350514386  95.1752571929  136.94373027  132.734040156
30.1  190.344001491  95.1720007454  136.926779986  132.718327325
30.2  190.336896008  95.1684480042  136.909467884  132.702260197
30.3  190.329194887  95.1645974435  136.891791553  132.685836446
30.4  190.320895264  95.1604476319  136.873748716  132.669053877
30.5  190.311994462  95.1559972308  136.855337233  132.651910426
30.6  190.302489986  95.1512449932  136.836555097  132.634404157
30.7  190.292379524  95.1461897621  136.81740043  132.616533262
30.8  190.281660939  95.1408304695  136.797871485  132.598296057
30.9  190.27033227  95.1351661351  136.777966639  132.579690979
31.0  190.258391729  95.1291958647  136.757684398  132.560716591
31.1  190.245837699  95.1229188495  136.737023388  132.541371571
31.2  190.232668728  95.116334364  136.715982357  132.521654715
31.3  190.218883531  95.1094417656  136.694560172  132.501564938
31.4  190.204480986  95.1022404928  136.67275582  132.481101264
31.5  190.189460128  95.0947300642  136.6505684  132.460262834
31.6  190.173820155  95.0869100773  136.627997128  132.439048897
31.7  190.157560414  95.0787802069  136.60504133  132.417458809
31.8  190.140680409  95.0703402046  136.581700444  132.395492036
31.9  190.123179794  95.0615898968  136.557974016  132.373148148
32.0  190.105058368  95.0525291841  136.533861698  132.350426818
32.1  190.08631608  95.0431580398  136.509363248  132.327327821
32.2  190.066953018  95.0334765089  136.484478527  132.303851034
32.3  190.046969414  95.0234847069  136.459207498  132.27999643
32.4  190.026365637  95.0131828186  136.433550223  132.25576408
32.5  190.005142194  95.002571097  136.407506863  132.231154149
32.6  189.983299724  94.9916498619  136.381077676  132.206166899
32.7  189.960838999  94.9804194993  136.354263015  132.18080268
32.8  189.93776092  94.9688804599  136.327063324  132.155061935
32.9  189.914066516  94.957033258  136.299479141  132.128945194
33.0  189.889756941  94.9448784706  136.271511094  132.102453077
33.1  189.864833472  94.9324167362  136.243159899  132.075586287
33.2  189.839297507  94.9196487534  136.214426358  132.048345613
33.3  189.813150561  94.9065752805  136.18531136  132.020731926
33.4  189.786394268  94.893197134  136.155815877  131.992746177
33.5  189.759030375  94.8795151873  136.125940962  131.9643894
33.6  189.731060741  94.8655303704  136.09568775  131.935662704
33.7  189.702487336  94.8512436681  136.065057455  131.906567276
33.8  189.673312239  94.8366561195  136.03405137  131.877104378
33.9  189.643537633  94.8217688165  136.002670861  131.847275347
34.0  189.613165807  94.8065829033  135.970917372  131.817081592
34.1  189.58219915  94.7910995751  135.938792418  131.786524591
34.2  189.550640154  94.7753200771  135.906297586  131.755605894
34.3  189.518491407  94.7592457036  135.873434535  131.724327119
34.4  189.485755594  94.7428777969  135.840204992  131.692689949
34.5  189.452435493  94.7262177466  135.806610751  131.660696136
34.6  189.418533976  94.7092669882  135.772653672  131.628347491
34.7  189.384054005  94.6920270027  135.738335682  131.595645894
34.8  189.34899863  94.6744993151  135.703658768  131.56259328
34.9  189.313370988  94.6566854939  135.668624981  131.52919165
35.0  189.2771743  94.6385871499  135.633236434  131.49544306
35.1  189.24041187  94.6202059352  135.597495297  131.461349625
35.2  189.203087086  94.6015435429  135.561403798  131.426913516
35.3  189.165203411  94.5826017053  135.524964223  131.392136959
35.4  189.126764388  94.5633821938  135.488178914  131.357022235
35.5  189.087773635  94.5438868173  135.451050266  131.321571674
35.6  189.048234844  94.5241174221  135.413580727  131.285787662
35.7  189.008151781  94.5040758904  135.375772795  131.249672633
35.8  188.967528279  94.4837641396  135.337629023  131.213229067
35.9  188.926368243  94.4631841216  135.299152008  131.176459497
36.0  188.884675644  94.4423378219  135.260344399  131.139366499
36.1  188.842454517  94.4212272586  135.221208889  131.101952694
36.2  188.799708963  94.3998544817  135.181748217  131.06422075
36.3  188.756443145  94.3782215723  135.141965168  131.026173375
36.4  188.712661284  94.3563306419  135.101862568  130.987813322
36.5  188.668367662  94.334183831  135.061443287  130.949143381
36.6  188.623566618  94.3117833092  135.020710234  130.910166385
36.7  188.578262547  94.2891312737  134.979666359  130.870885203
36.8  188.532459898  94.2662299488  134.93831465  130.831302743
36.9  188.48616317  94.2430815851  134.896658133  130.79142195
37.0  188.439376917  94.2196884586  134.854699871  130.751245801
37.1  188.392105741  94.1960528704  134.81244296  130.710777312
37.2  188.34435429  94.1721771452  134.769890531  130.670019529
37.3  188.296127262  94.1480636311  134.727045751  130.628975529
37.4  188.247429397  94.1237146987  134.683911816  130.587648425
37.5  188.198265481  94.0991327405  134.640491952  130.546041354
37.6  188.14864034  94.0743201699  134.59678942  130.504157488
37.7  188.098558842  94.0492794208  134.552807504  130.462000022
37.8  188.048025893  94.0240129465  134.508549521  130.419572182
37.9  187.997046439  93.9985232194  134.464018812  130.376877218
38.0  187.94562546  93.9728127302  134.419218744  130.333918405
38.1  187.893767974  93.946883987  134.374152711  130.290699045
38.2  187.84147903  93.9207395148  134.328824129  130.24722246
38.3  187.78876371  93.894381855  134.283236438  130.203491996
38.4  187.735627128  93.8678135641  134.2373931  130.15951102
38.5  187.682074428  93.8410372139  134.191297599  130.115282921
38.6  187.628110781  93.8140553903  134.144953437  130.070811105
38.7  187.573741385  93.7868706927  134.098364137  130.026098998
38.8  187.518971467  93.7594857334  134.051533241  129.981150045
38.9  187.463806275  93.7319031373  134.004464307  129.935967707
39.0  187.408251081  93.7041255406  133.957160911  129.890555461
39.1  187.352311182  93.6761555909  133.909626643  129.8449168
39.2  187.295991892  93.6479959462  133.86186511  129.79905523
39.3  187.239298548  93.6196492742  133.813879931  129.752974272
39.4  187.182236504  93.591118252  133.765674741  129.70667746
39.5  187.124811131  93.5624055654  133.717253184  129.660168339
39.6  187.067027817  93.5335139083  133.668618917  129.613450465
39.7  187.008891964  93.5044459821  133.619775609  129.566527406
39.8  186.95040899  93.4752044951  133.570726938  129.519402739
39.9  186.891584324  93.4457921621  133.52147659  129.472080049
40.0  186.832423407  93.4162117037  133.47202826  129.424562929
40.1  186.772931692  93.3864658458  133.422385652  129.37685498
40.2  186.713114638  93.3565573191  133.372552474  129.328959811
40.3  186.652977717  93.3264888584  133.322532443  129.280881035
40.4  186.592526405  93.2962632024  133.27232928  129.232622269
40.5  186.531766185  93.2658830927  133.22194671  129.184187138
40.6  186.470702548  93.2353512738  133.171388462  129.135579268
40.7  186.409340985  93.2046704923  133.120658269  129.086802288
40.8  186.347686992  93.1738434962  133.069759865  129.03785983
40.9  186.28574607  93.142873035  133.018696988  128.988755529
41.0  186.223523717  93.1117618587  132.967473373  128.939493019
41.1  186.161025435  93.0805127175  132.91609276  128.890075935
41.2  186.098256722  93.0491283612  132.864558886  128.840507911
41.3  186.035223078  93.0176115389  132.812875487  128.790792582
41.4  185.971929997  92.9859649986  132.761046297  128.740933578
41.5  185.908382973  92.9541914865  132.70907505  128.69093453
41.6  185.844587493  92.9222937465  132.656965474  128.640799065
41.7  185.78054904  92.89027452  132.604721296  128.590530806
41.8  185.716273091  92.8581365457  132.552346237  128.540133373
41.9  185.651765116  92.8258825582  132.499844013  128.489610379
42.0  185.587030578  92.7935152888  132.447218337  128.438965435
42.1  185.522074928  92.7610374642  132.394472913  128.388202143
42.2  185.456903613  92.7284518063  132.34161144  128.337324102
42.3  185.391522064  92.695761032  132.288637609  128.2863349
42.4  185.325935705  92.6629678526  132.235555105  128.235238121
42.5  185.260149947  92.6300749735  132.182367603  128.184037338
42.6  185.194170187  92.5970850937  132.129078768  128.132736119
42.7  185.128001811  92.5640009055  132.075692259  128.081338019
42.8  185.061650188  92.5308250941  132.022211722  128.029846586
42.9  184.995120674  92.4975603371  131.968640795  127.978265356
43.0  184.928418609  92.4642093045  131.914983102  127.926597856
43.1  184.861549316  92.4307746578  131.861242258  127.874847601
43.2  184.7945181  92.3972590502  131.807421865  127.823018094
43.3  184.727330251  92.3636651256  131.753525512  127.771112826
43.4  184.659991038  92.329995519  131.699556776  127.719135277
43.5  184.592505711  92.2962528555  131.64551922  127.66708891
43.6  184.524879501  92.2624397505  131.591416393  127.61497718
43.7  184.457117618  92.2285588088  131.537251831  127.562803522
43.8  184.38922525  92.1946126249  131.483029051  127.510571362
43.9  184.321207564  92.1606037822  131.42875156  127.458284107
44.0  184.253069705  92.1265348527  131.374422846  127.40594515
44.1  184.184816794  92.0924083971  131.32004638  127.353557871
44.2  184.116453928  92.0582269642  131.26562562  127.301125629
44.3  184.047986181  92.0239930905  131.211164003  127.248651769
44.4  183.9794186  91.9897093  131.156664952  127.196139621
44.5  183.910756208  91.9553781042  131.102131868  127.143592493
44.6  183.842004003  91.9210020013  131.047568138  127.09101368
44.7  183.773166953  91.8865834764  130.992977128  127.038406456
44.8  183.704250002  91.8521250008  130.938362186  126.985774076
44.9  183.635258064  91.8176290321  130.883726638  126.933119779
45.0  183.566196028  91.7830980138  130.829073795  126.880446782
45.0  183.566196028  91.7830980138  130.829073795  126.880446782
45.1  183.49706875  91.7485343748  130.774406942  126.827758285
45.2  183.427881059  91.7139405297  130.719729349  126.775057466
45.3  183.358637756  91.6793188778  130.665044261  126.722347482
45.4  183.289343607  91.6446718036  130.610354905  126.669631473
45.5  183.220003352  91.6100016762  130.555664483  126.616912556
45.6  183.150621698  91.575310849  130.500976178  126.564193825
45.7  183.081203319  91.5406016595  130.446293151  126.511478355
45.8  183.011752859  91.5058764293  130.391618537  126.458769199
45.9  182.942274927  91.4711374636  130.336955453  126.406069386
46.0  182.872774102  91.4363870512  130.282306988  126.353381926
46.1  182.803254928  91.4016274641  130.227676212  126.300709801
46.2  182.733721915  91.3668609576  130.173066168  126.248055976
46.3  182.664179539  91.3320897695  130.118479878  126.195423388
46.4  182.594632241  91.2973161206  130.063920336  126.142814953
46.5  182.525084428  91.2625422141  130.009390515  126.090233563
46.6  182.455540471  91.2277702355  129.954893362  126.037682084
46.7  182.386004705  91.1930023524  129.900431797  125.985163361
46.8  182.316481429  91.1582407144  129.846008719  125.932680211
46.9  182.246974906  91.1234874528  129.791626997  125.880235428
47.0  182.177489361  91.0887446805  129.737289477  125.827831782
47.1  182.108028984  91.0540144919  129.682998979  125.775472015
47.2  182.038597925  91.0192989626  129.628758294  125.723158847
47.3  181.969200299  90.9846001493  129.57457019  125.670894969
47.4  181.899840179  90.9499200896  129.520437407  125.618683047
47.5  181.830521604  90.9152608021  129.466362657  125.566525724
47.6  181.761248572  90.8806242858  129.412348626  125.514425612
47.7  181.692025041  90.8460125204  129.358397974  125.462385299
47.8  181.622854932  90.811427466  129.304513331  125.410407347
47.9  181.553742125  90.7768710627  129.250697301  125.358494289
48.0  181.484690462  90.742345231  129.19695246  125.306648634
48.1  181.415703742  90.7078518712  129.143281355  125.254872861
48.2  181.346785727  90.6733928636  129.089686507  125.203169423
48.3  181.277940136  90.6389700681  129.036170406  125.151540744
48.4  181.209170649  90.6045853244  128.982735515  125.099989224
48.5  181.140480903  90.5702404515  128.929384268  125.048517232
48.6  181.071874496  90.5359372482  128.876119072  124.997127108
48.7  181.003354984  90.5016774922  128.822942302  124.945821169
48.8  180.934925881  90.4674629406  128.769856305  124.894601698
48.9  180.866590659  90.4332953297  128.716863401  124.843470954
49.0  180.79835275  90.3991763748  128.663965878  124.792431164
49.1  180.73021554  90.3651077701  128.611165996  124.74148453
49.2  180.662182377  90.3310911886  128.558465984  124.690633224
49.3  180.594256564  90.2971282822  128.505868043  124.639879387
49.4  180.526441363  90.2632206814  128.453374344  124.589225133
49.5  180.458739991  90.2293699956  128.400987028  124.538672549
49.6  180.391155625  90.1955778124  128.348708204  124.488223689
49.7  180.323691396  90.1618456982  128.296539955  124.43788058
49.8  180.256350395  90.1281751976  128.24448433  124.387645221
49.9  180.189135667  90.0945678337  128.192543351  124.337519578
50.0  180.122050216  90.061025108  128.140719007  124.287505591
50.1  180.055097  90.0275485001  128.089013258  124.237605169
50.2  179.988278936  89.994139468  128.037428034  124.187820192
50.3  179.921598896  89.9607994478  127.985965233  124.13815251
50.4  179.855059707  89.9275298537  127.934626725  124.088603944
50.5  179.788664156  89.894332078  127.883414346  124.039176284
50.6  179.722414982  89.8612074912  127.832329905  123.989871292
50.7  179.656314883  89.8281574416  127.781375177  123.940690699
50.8  179.590366511  89.7951832557  127.730551909  123.891636207
50.9  179.524572476  89.7622862379  127.679861816  123.842709487
51.0  179.458935341  89.7294676706  127.629306583  123.793912181
51.1  179.393457628  89.6967288141  127.578887862  123.745245901
51.2  179.328141813  89.6640709066  127.528607276  123.69671223
51.3  179.262990328  89.6314951642  127.478466419  123.648312719
51.4  179.198005562  89.5990027809  127.42846685  123.60004889
51.5  179.133189858  89.5665949288  127.3786101  123.551922236
51.6  179.068545515  89.5342727574  127.328897668  123.503934219
51.7  179.004074789  89.5020373946  127.279331023  123.456086271
51.8  178.939779892  89.4698899459  127.229911603  123.408379794
51.9  178.87566299  89.4378314948  127.180640815  123.360816162
52.0  178.811726205  89.4058631025  127.131520034  123.313396716
52.1  178.747971617  89.3739858083  127.082550606  123.266122769
52.2  178.684401259  89.3422006294  127.033733846  123.218995603
52.3  178.621017122  89.3105085609  126.985071037  123.172016472
52.4  178.557821152  89.2789105759  126.936563431  123.125186598
52.5  178.494815251  89.2474076253  126.888212252  123.078507175
52.6  178.432001276  89.2160006382  126.840018692  123.031979366
52.7  178.369381043  89.1846905217  126.791983909  122.985604304
52.8  178.306956321  89.1534781607  126.744109037  122.939383094
52.9  178.244728837  89.1223644186  126.696395173  122.893316809
53.0  178.182700273  89.0913501366  126.648843388  122.847406494
53.1  178.120872268  89.0604361341  126.601454721  122.801653165
53.2  178.059246418  89.0296232088  126.554230179  122.756057807
53.3  177.997824273  88.9989121365  126.507170742  122.710621375
53.4  177.936607343  88.9683036715  126.460277357  122.665344798
53.5  177.875597092  88.9377985462  126.413550942  122.620228972
53.6  177.814794943  88.9073974715  126.366992384  122.575274765
53.7  177.754202273  88.8771011366  126.320602542  122.530483017
53.8  177.693820419  88.8469102093  126.274382243  122.485854537
53.9  177.633650672  88.8168253359  126.228332285  122.441390107
54.0  177.573694283  88.7868471414  126.182453436  122.397090478
54.1  177.513952458  88.7569762291  126.136746433  122.352956374
54.2  177.454426363  88.7272131815  126.091211987  122.308988488
54.3  177.395117119  88.6975585596  126.045850775  122.265187487
54.4  177.336025806  88.6680129032  126.000663448  122.221554008
54.5  177.277153463  88.6385767313  125.955650626  122.178088658
54.6  177.218501083  88.6092505415  125.910812901  122.13479202
54.7  177.160069622  88.5800348108  125.866150833  122.091664643
54.8  177.10185999  88.5509299952  125.821664956  122.048707053
54.9  177.04387306  88.5219365299  125.777355775  122.005919745
55.0  176.986109659  88.4930548295  125.733223764  121.963303186
55.1  176.928570576  88.4642852879  125.689269371  121.920857817
55.2  176.871256557  88.4356282785  125.645493013  121.878584049
55.3  176.814168308  88.4070841541  125.601895079  121.836482267
55.4  176.757306495  88.3786532475  125.558475933  121.794552829
55.5  176.700671742  88.3503358708  125.515235905  121.752796063
55.6  176.644264632  88.3221323162  125.472175302  121.711212272
55.7  176.588085712  88.2940428558  125.429294401  121.669801732
55.8  176.532135483  88.2660677415  125.386593452  121.628564691
55.9  176.476414411  88.2382072056  125.344072675  121.587501371
56.0  176.420922921  88.2104614604  125.301732265  121.546611965
56.1  176.365661397  88.1828306986  125.25957239  121.505896643
56.2  176.310630186  88.1553150932  125.217593189  121.465355546
56.3  176.255829596  88.1279147978  125.175794774  121.42498879
56.4  176.201259893  88.1006299467  125.134177232  121.384796463
56.5  176.14692131  88.0734606548  125.092740621  121.34477863
56.6  176.092814036  88.0464070179  125.051484974  121.304935327
56.7  176.038938225  88.0194691126  125.010410296  121.265266568
56.8  175.985293994  87.9926469968  124.969516568  121.225772337
56.9  175.931881419  87.9659407095  124.928803742  121.186452596
57.0  175.878700542  87.9393502708  124.888271747  121.14730728
57.1  175.825751365  87.9128756825  124.847920484  121.1083363
57.2  175.773033855  87.8865169277  124.807749828  121.069539542
57.3  175.720547942  87.8602739712  124.767759632  121.030916867
57.4  175.668293519  87.8341467597  124.727949719  120.992468111
57.5  175.616270443  87.8081352216  124.688319891  120.954193086
57.6  175.564478535  87.7822392675  124.648869923  120.91609158
57.7  175.51291758  87.75645879  124.609599565  120.878163357
57.8  175.461587328  87.730793664  124.570508543  120.840408156
57.9  175.410487494  87.7052437468  124.531596559  120.802825694
58.0  175.359617757  87.6798088783  124.49286329  120.765415664
58.1  175.308977762  87.6544888809  124.454308389  120.728177734
58.2  175.25856712  87.62928356  124.415931486  120.69111155
58.3  175.208385408  87.6041927038  124.377732186  120.654216737
58.4  175.158432167  87.5792160836  124.339710073  120.617492894
58.5  175.108706907  87.5543534537  124.301864705  120.580939598
58.6  175.059209104  87.5296045522  124.264195618  120.544556406
58.7  175.0099382  87.5049691001  124.226702325  120.508342851
58.8  174.960893605  87.4804468025  124.189384316  120.472298442
58.9  174.912074696  87.4560373479  124.15224106  120.436422671
59.0  174.863480818  87.431740409  124.115272002  120.400715003
59.1  174.815111285  87.4075556423  124.078476566  120.365174885
59.2  174.766965377  87.3834826885  124.041854154  120.329801743
59.3  174.719042345  87.3595211727  124.005404145  120.294594979
59.4  174.671341409  87.3356707046  123.969125897  120.259553977
59.5  174.623861757  87.3119308783  123.933018749  120.224678099
59.6  174.576602545  87.2883012727  123.897082017  120.189966686
59.7  174.529562904  87.2647814518  123.861314995  120.155419061
59.8  174.482741929  87.2413709644  123.825716959  120.121034524
59.9  174.436138689  87.2180693447  123.790287162  120.086812358
60.0  174.389752225  87.1948761124  123.75502484  120.052751824
60.0  174.389752225  87.1948761124  123.75502484  120.052751824
60.1  174.343581545  87.1717907723  123.719929206  120.018852165
60.2  174.29762563  87.1488128152  123.684999454  119.985112604
60.3  174.251883436  87.1259417178  123.650234759  119.951532345
60.4  174.206353885  87.1031769425  123.615634276  119.918110575
60.5  174.161035876  87.0805179381  123.581197143  119.884846459
60.6  174.115928279  87.0579641394  123.546922475  119.851739147
60.7  174.071029936  87.035514968  123.512809373  119.818787769
60.8  174.026339664  87.013169832  123.478856916  119.785991438
60.9  173.981856252  86.9909281261  123.445064166  119.753349248
61.0  173.937578464  86.9687892321  123.411430167  119.720860277
61.1  173.893505038  86.9467525189  123.377953946  119.688523584
61.2  173.849634685  86.9248173426  123.34463451  119.656338212
61.3  173.805966093  86.9029830467  123.311470853  119.624303189
61.4  173.762497924  86.8812489622  123.278461947  119.592417522
61.5  173.719228816  86.8596144081  123.24560675  119.560680205
61.6  173.676157382  86.8380786911  123.212904202  119.529090216
61.7  173.633282212  86.816641106  123.180353229  119.497646514
61.8  173.590601872  86.7953009358  123.147952738  119.466348045
61.9  173.548114904  86.774057452  123.115701621  119.43519374
62.0  173.505819829  86.7529099146  123.083598755  119.404182511
62.1  173.463715144  86.7318575722  123.051643001  119.373313259
62.2  173.421799325  86.7108996625  123.019833203  119.342584868
62.3  173.380070824  86.6900354122  122.988168194  119.311996207
62.4  173.338528074  86.6692640371  122.956646789  119.281546134
62.5  173.297169485  86.6485847426  122.925267789  119.251233488
62.6  173.255993447  86.6279967235  122.894029981  119.221057098
62.7  173.214998329  86.6074991644  122.862932138  119.191015777
62.8  173.174182479  86.5870912397  122.83197302  119.161108325
62.9  173.133544228  86.5667721141  122.801151371  119.13133353
63.0  173.093081884  86.5465409422  122.770465924  119.101690166
63.1  173.052793739  86.5263968693  122.739915399  119.072176994
63.2  173.012678062  86.5063390311  122.709498499  119.042792762
63.3  172.972733108  86.4863665542  122.679213921  119.013536209
63.4  172.932957112  86.4664785559  122.649060344  118.984406057
63.5  172.89334829  86.4466741448  122.619036437  118.95540102
63.6  172.853904841  86.4269524205  122.589140857  118.926519798
63.7  172.814624949  86.4073124744  122.55937225  118.897761081
63.8  172.775506778  86.3877533891  122.529729249  118.869123548
63.9  172.736548478  86.3682742392  122.500210477  118.840605866
64.0  172.697748183  86.3488740913  122.470814545  118.812206693
64.1  172.659104008  86.3295520038  122.441540054  118.783924673
64.2  172.620614055  86.3103070277  122.412385595  118.755758445
64.3  172.582276412  86.2911382062  122.383349748  118.727706634
64.4  172.544089151  86.2720445754  122.354431082  118.699767856
64.5  172.506050328  86.253025164  122.325628158  118.671940719
64.6  172.468157987  86.2340789937  122.296939527  118.644223821
64.7  172.430410159  86.2152050793  122.268363731  118.61661575
64.8  172.392804858  86.196402429  122.239899301  118.589115085
64.9  172.355340089  86.1776700445  122.211544762  118.5617204
65.0  172.318013842  86.159006921  122.183298628  118.534430255
65.1  172.280824095  86.1404120476  122.155159406  118.507243207
65.2  172.243768815  86.1218844075  122.127125596  118.480157803
65.3  172.206845956  86.1034229779  122.099195686  118.453172581
65.4  172.170053461  86.0850267305  122.071368162  118.426286074
65.5  172.133389263  86.0666946313  122.043641498  118.399496806
65.6  172.096851282  86.0484256412  122.016014164  118.372803296
65.7  172.060437432  86.0302187158  121.988484621  118.346204055
65.8  172.024145611  86.0120728057  121.961051324  118.319697587
65.9  171.987973714  85.9939868569  121.933712722  118.29328239
66.0  171.951919621  85.9759598106  121.906467257  118.266956958
66.1  171.915981207  85.9579906035  121.879313367  118.240719776
66.2  171.880156336  85.940078168  121.852249482  118.214569327
66.3  171.844442865  85.9222214324  121.825274028  118.188504085
66.4  171.808838642  85.9044193212  121.798385425  118.162522522
66.5  171.77334151  85.8866707549  121.771582088  118.136623102
66.6  171.737949301  85.8689746504  121.744862427  118.110804289
66.7  171.702659842  85.8513299211  121.71822485  118.085064537
66.8  171.667470955  85.8337354774  121.691667757  118.059402301
66.9  171.632380452  85.8161902262  121.665189546  118.033816028
67.0  171.597386143  85.7986930717  121.638788611  118.008304163
67.1  171.56248583  85.7812429151  121.612463343  117.982865149
67.2  171.527677311  85.7638386553  121.586212128  117.957497423
67.3  171.492958377  85.7464791885  121.560033351  117.932199421
67.4  171.458326817  85.7291634086  121.533925391  117.906969574
67.5  171.423780415  85.7118902074  121.507886629  117.881806313
67.6  171.38931695  85.6946584749  121.481915439  117.856708065
67.7  171.354934198  85.6774670992  121.456010195  117.831673256
67.8  171.320629933  85.6603149667  121.43016927  117.806700308
67.9  171.286401925  85.6432009624  121.404391032  117.781787644
68.0  171.25224794  85.6261239699  121.378673852  117.756933684
68.1  171.218165744  85.6090828719  121.353016096  117.732136846
68.2  171.1841531  85.59207655  121.327416131  117.70739555
68.3  171.15020777  85.5751038848  121.301872322  117.682708211
68.4  171.116327513  85.5581637564  121.276383034  117.658073246
68.5  171.082510089  85.5412550445  121.250946631  117.633489072
68.6  171.048753257  85.5243766283  121.225561478  117.608954104
68.7  171.015054774  85.5075273869  121.20022594  117.58446676
68.8  170.981412399  85.4907061994  121.174938381  117.560025454
68.9  170.94782389  85.4739119449  121.149697167  117.535628605
69.0  170.914287006  85.457143503  121.124500663  117.511274629
69.1  170.880799507  85.4403997535  121.099347237  117.486961945
69.2  170.847359154  85.4236795772  121.074235257  117.462688973
69.3  170.81396371  85.4069818552  121.049163093  117.438454133
69.4  170.78061094  85.3903054699  121.024129116  117.414255849
69.5  170.747298609  85.3736493045  120.999131699  117.390092544
69.6  170.714024487  85.3570122436  120.974169217  117.365962645
69.7  170.680786346  85.3403931731  120.949240047  117.341864581
69.8  170.647581961  85.3237909805  120.924342571  117.317796781
69.9  170.61440911  85.3072045548  120.899475169  117.29375768
70.0  170.581265574  85.2906327871  120.874636229  117.269745715
70.1  170.548149141  85.2740745703  120.849824137  117.245759323
70.2  170.515057599  85.2575287995  120.825037287  117.221796947
70.3  170.481988744  85.2409943721  120.800274074  117.197857034
70.4  170.448940375  85.2244701877  120.775532897  117.173938033
70.5  170.415910298  85.2079551489  120.75081216  117.150038398
70.6  170.382896321  85.1914481606  120.726110268  117.126156584
70.7  170.349896262  85.1749481309  120.701425635  117.102291055
70.8  170.316907941  85.1584539706  120.676756677  117.078440275
70.9  170.283929188  85.1419645939  120.652101814  117.054602716
71.0  170.250957836  85.1254789181  120.627459472  117.030776852
71.1  170.217991728  85.1089958642  120.602828083  117.006961164
71.2  170.185028713  85.0925143565  120.578206082  116.983154138
71.3  170.152066646  85.0760333231  120.553591913  116.959354264
71.4  170.119103392  85.0595516961  120.528984022  116.935560038
71.5  170.086136823  85.0430684113  120.504380863  116.911769962
71.6  170.053164818  85.026582409  120.479780896  116.887982545
71.7  170.020185267  85.0100926335  120.455182587  116.8641963
71.8  169.987196067  84.9935980336  120.430584409  116.840409749
71.9  169.954195125  84.9770975625  120.40598484  116.816621417
72.0  169.921180357  84.9605901783  120.381382368  116.792829839
72.1  169.888149688  84.9440748438  120.356775485  116.769033555
72.2  169.855101053  84.9275505267  120.332162692  116.745231112
72.3  169.822032399  84.9110161997  120.307542496  116.721421065
72.4  169.788941682  84.8944708409  120.282913414  116.697601976
72.5  169.755826867  84.8779134336  120.258273968  116.673772414
72.6  169.722685933  84.8613429665  120.23362269  116.649930956
72.7  169.689516868  84.8447584339  120.208958119  116.626076188
72.8  169.656317672  84.8281588359  120.184278803  116.602206703
72.9  169.623086357  84.8115431784  120.159583299  116.578321103
73.0  169.589820946  84.7949104731  120.13487017  116.554417996
73.1  169.556519476  84.7782597379  120.110137991  116.530496002
73.2  169.523179994  84.761589997  120.085385346  116.506553748
73.3  169.489800561  84.7449002807  120.060610824  116.482589869
73.4  169.456379252  84.7281896258  120.035813029  116.458603011
73.5  169.422914151  84.7114570756  120.010990571  116.434591827
73.6  169.389403361  84.6947016804  119.98614207  116.410554983
73.7  169.355844994  84.6779224968  119.961266156  116.38649115
73.8  169.322237177  84.6611185886  119.936361471  116.362399012
73.9  169.288578053  84.6442890265  119.911426664  116.338277261
74.0  169.254865777  84.6274328885  119.886460396  116.3141246
74.1  169.221098519  84.6105492595  119.861461339  116.289939742
74.2  169.187274464  84.5936372321  119.836428175  116.265721411
74.3  169.153391812  84.5766959061  119.811359595  116.241468338
74.4  169.119448778  84.559724389  119.786254305  116.21717927
74.5  169.085443592  84.542721796  119.761111017  116.192852961
74.6  169.0513745  84.5256872499  119.73592846  116.168488176
74.7  169.017239763  84.5086198816  119.710705368  116.144083692
74.8  168.983037659  84.4915188297  119.685440493  116.119638298
74.9  168.948766482  84.4743832412  119.660132593  116.095150792
75.0  168.914424542  84.4572122712  119.634780441  116.070619985
75.0  168.914424542  84.4572122712  119.634780441  116.070619985
75.1  168.880010166  84.4400050829  119.609382822  116.046044701
75.2  168.845521696  84.422760848  119.583938532  116.021423771
75.3  168.810957494  84.4054787468  119.558446379  115.996756043
75.4  168.776315936  84.388157968  119.532905183  115.972040375
75.5  168.741595418  84.3707977091  119.507313779  115.947275635
75.6  168.706794353  84.3533971763  119.481671012  115.922460707
75.7  168.671911169  84.3359555846  119.455975741  115.897594484
75.8  168.636944316  84.3184721581  119.430226838  115.872675873
75.9  168.60189226  84.3009461298  119.404423186  115.847703795
76.0  168.566753484  84.2833767419  119.378563684  115.822677181
76.1  168.531526492  84.2657632458  119.352647242  115.797594976
76.2  168.496209804  84.2481049022  119.326672785  115.772456139
76.3  168.460801962  84.2304009811  119.30063925  115.74725964
76.4  168.425301524  84.2126507622  119.274545589  115.722004464
76.5  168.389707069  84.1948535345  119.248390767  115.696689608
76.6  168.354017194  84.1770085968  119.222173761  115.671314082
76.7  168.318230515  84.1591152574  119.195893566  115.645876913
76.8  168.282345669  84.1411728347  119.169549188  115.620377137
76.9  168.246361313  84.1231806567  119.143139647  115.594813806
77.0  168.210276123  84.1051380614  119.11666398  115.569185986
77.1  168.174088794  84.0870443969  119.090121235  115.543492756
77.2  168.137798043  84.0688990213  119.063510476  115.51773321
77.3  168.101402606  84.050701303  119.036830782  115.491906455
77.4  168.064901241  84.0324506205  119.010081247  115.466011614
77.5  168.028292725  84.0141463625  118.983260977  115.440047822
77.6  167.991575857  83.9957879283  118.956369097  115.414014229
77.7  167.954749455  83.9773747275  118.929404742  115.387910002
77.8  167.91781236  83.9589061802  118.902367067  115.361734318
77.9  167.880763434  83.940381717  118.875255239  115.335486373
78.0  167.843601559  83.9218007794  118.848068441  115.309165376
78.1  167.806325639  83.9031628193  118.820805872  115.282770549
78.2  167.768934599  83.8844672994  118.793466745  115.256301133
78.3  167.731427386  83.8657136932  118.766050288  115.22975638
78.4  167.69380297  83.8469014851  118.738555748  115.203135558
78.5  167.656060341  83.8280301704  118.710982384  115.176437953
78.6  167.618198511  83.8090992555  118.683329472  115.149662863
78.7  167.580216515  83.7901082575  118.655596304  115.122809602
78.8  167.54211341  83.7710567048  118.627782186  115.0958775
78.9  167.503888274  83.7519441369  118.599886444  115.068865901
79.0  167.465540209  83.7327701044  118.571908416  115.041774167
79.1  167.427068338  83.7135341692  118.543847456  115.014601673
79.2  167.388471809  83.6942359043  118.515702938  114.987347812
79.3  167.349749789  83.6748748943  118.487474248  114.960011989
79.4  167.31090147  83.6554507348  118.459160791  114.932593629
79.5  167.271926066  83.635963033  118.430761985  114.90509217
79.6  167.232822815  83.6164114075  118.402277268  114.877507067
79.7  167.193590977  83.5967954884  118.373706093  114.849837789
79.8  167.154229834  83.5771149171  118.345047928  114.822083825
79.9  167.114738693  83.5573693467  118.316302259  114.794244675
80.0  167.075116884  83.5375584419  118.287468589  114.766319858
80.1  167.035363758  83.517681879  118.258546436  114.738308909
80.2  166.995478692  83.4977393458  118.229535335  114.710211379
80.3  166.955461084  83.477730542  118.200434838  114.682026833
80.4  166.915310357  83.4576551786  118.171244515  114.653754855
80.5  166.875025958  83.4375129788  118.141963949  114.625395043
80.6  166.834607355  83.4173036773  118.112592744  114.596947014
80.7  166.794054041  83.3970270204  118.083130519  114.568410399
80.8  166.753365533  83.3766827666  118.053576908  114.539784845
80.9  166.712541372  83.3562706858  118.023931565  114.511070017
81.0  166.67158112  83.3357905602  117.994194159  114.482265596
81.1  166.630484367  83.3152421833  117.964364376  114.453371278
81.2  166.589250722  83.2946253608  117.93444192  114.424386777
81.3  166.547879821  83.2739399104  117.904426511  114.395311823
81.4  166.506371323  83.2531856614  117.874317886  114.366146162
81.5  166.46472491  83.2323624551  117.844115799  114.336889557
81.6  166.42294029  83.2114701449  117.813820021  114.307541787
81.7  166.381017192  83.1905085958  117.783430341  114.278102647
81.8  166.33895537  83.1694776851  117.752946563  114.248571951
81.9  166.296754604  83.1483773019  117.72236851  114.218949526
82.0  166.254414694  83.127207347  117.691696021  114.189235218
82.1  166.211935467  83.1059677336  117.660928951  114.159428889
82.2  166.169316773  83.0846583866  117.630067176  114.129530417
82.3  166.126558486  83.0632792428  117.599110584  114.099539697
82.4  166.083660502  83.0418302512  117.568059082  114.069456639
82.5  166.040622745  83.0203113724  117.536912597  114.039281173
82.6  165.997445159  82.9987225793  117.505671068  114.009013243
82.7  165.954127713  82.9770638566  117.474334454  113.978652808
82.8  165.910670402  82.9553352009  117.44290273  113.948199847
82.9  165.867073242  82.9335366208  117.41137589  113.917654354
83.0  165.823336274  82.9116681368  117.379753942  113.887016338
83.1  165.779459563  82.8897297813  117.348036912  113.856285827
83.2  165.735443197  82.8677215987  117.316224845  113.825462863
83.3  165.69128729  82.845643645  117.284317799  113.794547506
83.4  165.646991977  82.8234959883  117.252315853  113.763539833
83.5  165.602557417  82.8012787087  117.2202191  113.732439935
83.6  165.557983796  82.7789918978  117.18802765  113.701247922
83.7  165.513271318  82.7566356592  117.155741633  113.669963918
83.8  165.468420217  82.7342101083  117.123361191  113.638588064
83.9  165.423430744  82.7117153722  117.090886487  113.607120519
84.0  165.37830318  82.6891515898  117.058317698  113.575561456
84.1  165.333037823  82.6665189117  117.025655019  113.543911064
84.2  165.287635  82.6438175002  116.992898661  113.512169551
84.3  165.242095059  82.6210475293  116.960048852  113.480337137
84.4  165.196418369  82.5982091846  116.927105836  113.448414062
84.5  165.150605327  82.5753026634  116.894069875  113.416400581
84.6  165.104656349  82.5523281744  116.860941245  113.384296962
84.7  165.058571876  82.5292859379  116.82772024  113.352103492
84.8  165.012352372  82.5061761859  116.794407172  113.319820474
84.9  164.965998323  82.4829991617  116.761002366  113.287448225
85.0  164.91951024  82.4597551199  116.727506165  113.25498708
85.1  164.872888653  82.4364443267  116.693918928  113.222437387
85.2  164.826134119  82.4130670597  116.66024103  113.189799511
85.3  164.779247215  82.3896236076  116.626472864  113.157073834
85.4  164.732228541  82.3661142705  116.592614834  113.124260751
85.5  164.685078719  82.3425393597  116.558667366  113.091360675
85.6  164.637798395  82.3188991976  116.524630899  113.058374031
85.7  164.590388236  82.2951941178  116.490505886  113.025301264
85.8  164.54284893  82.271424465  116.456292799  112.992142831
85.9  164.49518119  82.2475905948  116.421992125  112.958899204
86.0  164.447385748  82.223692874  116.387604365  112.925570872
86.1  164.39946336  82.1997316801  116.353130037  112.892158338
86.2  164.351414803  82.1757074014  116.318569674  112.85866212
86.3  164.303240875  82.1516204374  116.283923824  112.825082752
86.4  164.254942396  82.1274711979  116.249193051  112.791420781
86.5  164.206520207  82.1032601037  116.214377934  112.75767677
86.6  164.157975172  82.078987586  116.179479067  112.723851295
86.7  164.109308173  82.0546540867  116.144497058  112.689944951
86.8  164.060520117  82.0302600583  116.109432533  112.655958341
86.9  164.011611927  82.0058059635  116.074286129  112.621892089
87.0  163.962584551  81.9812922755  116.0390585  112.587746827
87.1  163.913438956  81.9567194779  116.003750314  112.553523207
87.2  163.864176129  81.9320880644  115.968362255  112.519221891
87.3  163.814797078  81.9073985389  115.932895019  112.484843557
87.4  163.765302831  81.8826514154  115.897349318  112.450388896
87.5  163.715694436  81.8578472179  115.861725878  112.415858614
87.6  163.665972961  81.8329864804  115.826025439  112.381253429
87.7  163.616139494  81.8080697468  115.790248755  112.346574074
87.8  163.566195141  81.7830975707  115.754396594  112.311821296
87.9  163.516141031  81.7580705155  115.718469737  112.276995854
88.0  163.465978308  81.7329891542  115.682468981  112.24209852
88.1  163.415708139  81.7078540693  115.646395134  112.207130081
88.2  163.365331706  81.6826658529  115.61024902  112.172091335
88.3  163.314850213  81.6574251064  115.574031473  112.136983096
88.4  163.264264881  81.6321324406  115.537743344  112.101806187
88.5  163.213576951  81.6067884755  115.501385494  112.066561446
88.6  163.16278768  81.5813938402  115.464958799  112.031249724
88.7  163.111898345  81.5559491727  115.428464147  111.995871884
88.8  163.060910241  81.5304551203  115.391902439  111.960428799
88.9  163.009824678  81.5049123389  115.355274588  111.924921359
89.0  162.958642987  81.4793214933  115.318581522  111.889350461
89.1  162.907366514  81.453683257  115.281824177  111.853717018
89.2  162.855996624  81.4279983118  115.245003504  111.818021952
89.3  162.804534697  81.4022673485  115.208120467  111.782266199
89.4  162.752982132  81.3764910658  115.17117604  111.746450706
89.5  162.701340342  81.350670171  115.134171209  111.71057643
89.6  162.649610759  81.3248053795  115.097106972  111.67464434
89.7  162.59779483  81.2988974149  115.059984339  111.638655417
89.8  162.545894017  81.2729470085  115.022804331  111.602610652
89.9  162.4939098  81.2469548999  114.98556798  111.566511049
90.0  162.441843672  81.2209218361  114.94827633  111.530357619
90.0  162.441843672  81.2209218361  114.94827633  111.530357619
90.1  162.389697144  81.194848572  114.910930434  111.494151388
90.2  162.33747174  81.1687358702  114.873531358  111.457893388
90.3  162.285169001  81.1425845004  114.836080177  111.421584664
90.4  162.23279048  81.1163952399  114.798577977  111.385226272
90.5  162.180337746  81.0901688732  114.761025856  111.348819276
90.6  162.127812384  81.0639061921  114.723424918  111.31236475
90.7  162.07521599  81.037607995  114.685776281  111.275863778
90.8  162.022550175  81.0112750877  114.648081071  111.239317455
90.9  161.969816565  80.9849082825  114.610340425  111.202726883
91.0  161.917016797  80.9585083983  114.572555487  111.166093175
91.1  161.864152522  80.932076261  114.534727413  111.129417452
91.2  161.811225405  80.9056127024  114.496857367  111.092700844
91.3  161.758237122  80.8791185611  114.458946521  111.055944491
91.4  161.705189363  80.8525946815  114.420996059  111.01914954
91.5  161.652083829  80.8260419144  114.38300717  110.982317148
91.6  161.598922233  80.7994611164  114.344981053  110.945448477
91.7  161.5457063  80.7728531499  114.306918917  110.908544702
91.8  161.492437766  80.7462188832  114.268821975  110.871607001
91.9  161.43911838  80.71955919  114.230691453  110.834636564
92.0  161.385749899  80.6928749496  114.192528581  110.797634585
92.1  161.332334093  80.6661670466  114.154334598  110.760602267
92.2  161.278872741  80.6394363706  114.116110751  110.72354082
92.3  161.225367633  80.6126838167  114.077858292  110.686451462
92.4  161.171820569  80.5859102846  114.039578483  110.649335417
92.5  161.118233358  80.5591166788  114.001272592  110.612193914
92.6  161.064607818  80.5323039088  113.962941891  110.575028191
92.7  161.010945777  80.5054728883  113.924587662  110.537839492
92.8  160.957249071  80.4786245357  113.886211192  110.500629065
92.9  160.903519547  80.4517597734  113.847813773  110.463398166
93.0  160.849759056  80.4248795282  113.809396706  110.426148057
93.1  160.795969461  80.3979847307  113.770961293  110.388880004
93.2  160.742152631  80.3710763155  113.732508846  110.351595278
93.3  160.688310442  80.3441552209  113.694040681  110.314295158
93.4  160.634444778  80.3172223888  113.655558116  110.276980925
93.5  160.580557529  80.2902787644  113.61706248  110.239653866
93.6  160.526650593  80.2633252965  113.5785551  110.202315273
93.7  160.472725873  80.2363629367  113.540037313  110.164966441
93.8  160.41878528  80.20939264  113.501510458  110.127608671
93.9  160.364830728  80.1824153639  113.462975877  110.090243266
94.0  160.310864138  80.155432069  113.424434918  110.052871536
94.1  160.256887436  80.1284437182  113.385888932  110.01549479
94.2  160.202902554  80.101451277  113.347339273  109.978114344
94.3  160.148911426  80.074455713  113.308787299  109.940731516
94.4  160.094915992  80.0474579962  113.270234371  109.903347627
94.5  160.040918197  80.0204590985  113.231681851  109.865964001
94.6  159.986919987  79.9934599934  113.193131107  109.828581964
94.7  159.932923313  79.9664616565  113.154583508  109.791202845
94.8  159.878930129  79.9394650647  113.116040423  109.753827974
94.9  159.824942392  79.9124711962  113.077503226  109.716458686
95.0  159.770962061  79.8854810307  113.038973292  109.679096313
95.1  159.716991098  79.8584955488  113.000451997  109.641742193
95.2  159.663031464  79.8315157321  112.961940719  109.604397663
95.3  159.609085126  79.804542563  112.923440836  109.567064061
95.4  159.555154049  79.7775770243  112.884953729  109.529742727
95.5  159.501240199  79.7506200995  112.846480777  109.492435001
95.6  159.447345545  79.7236727724  112.808023362  109.455142223
95.7  159.393472054  79.6967360268  112.769582865  109.417865734
95.8  159.339621693  79.6698108467  112.731160667  109.380606876
95.9  159.285796431  79.6428982155  112.692758148  109.343366988
96.0  159.231998234  79.6159991169  112.654376691  109.306147411
96.1  159.178229067  79.5891145336  112.616017673  109.268949485
96.2  159.124490896  79.5622454478  112.577682476  109.231774548
96.3  159.070785682  79.535392841  112.539372475  109.194623938
96.4  159.017115387  79.5085576937  112.501089049  109.157498991
96.5  158.96348197  79.481740985  112.462833572  109.120401043
96.6  158.909887386  79.454943693  112.424607418  109.083331426
96.7  158.856333589  79.4281667943  112.386411957  109.046291471
96.8  158.802822528  79.4014112638  112.348248559  109.009282508
96.9  158.749356149  79.3746780746  112.31011859  108.972305863
97.0  158.695936396  79.3479681979  112.272023414  108.935362859
97.1  158.642565205  79.3212826027  112.233964391  108.898454819
97.2  158.589244512  79.2946222558  112.19594288  108.861583059
97.3  158.535976243  79.2679881215  112.157960235  108.824748895
97.4  158.482762323  79.2413811616  112.120017805  108.787953637
97.5  158.42960467  79.2148023349  112.082116938  108.751198593
97.6  158.376505195  79.1882525974  112.044258977  108.714485066
97.7  158.323465804  79.1617329019  112.006445259  108.677814355
97.8  158.270488396  79.135244198  111.968677118  108.641187755
97.9  158.217574864  79.1087874319  111.930955883  108.604606555
98.0  158.164727092  79.0823635459  111.893282876  108.56807204
98.1  158.111946957  79.0559734787  111.855659418  108.53158549
98.2  158.05923633  79.0296181651  111.818086819  108.49514818
98.3  158.006597071  79.0032985357  111.780566388  108.458761377
98.4  157.954031033  78.9770155167  111.743099424  108.422426346
98.5  157.90154006  78.9507700299  111.705687224  108.386144342
98.6  157.849125985  78.9245629925  111.668331073  108.349916616
98.7  157.796790634  78.8983953169  111.631032255  108.313744411
98.8  157.744535821  78.8722679104  111.593792043  108.277628966
98.9  157.69236335  78.8461816751  111.556611704  108.241571509
99.0  157.640275016  78.8201375081  111.519492497  108.205573263
99.1  157.588272601  78.7941363007  111.482435675  108.169635445
99.2  157.536357877  78.7681789386  111.445442482  108.13375926
99.3  157.484532603  78.7422663016  111.408514152  108.097945908
99.4  157.432798527  78.7163992636  111.371651913  108.062196582
99.5  157.381157385  78.6905786923  111.334856984  108.026512462
99.6  157.329610898  78.664805449  111.298130573  107.990894725
99.7  157.278160777  78.6390803885  111.261473881  107.955344534
99.8  157.226808718  78.6134043588  111.224888099  107.919863046
99.9  157.175556402  78.5877782012  111.188374408  107.884451407
100.0  157.124405499  78.5622027497  111.151933979  107.849110754
100.1  157.073357663  78.5366788315  111.115567974  107.813842215
100.2  157.022414532  78.5112072659  111.079277542  107.778646906
100.3  156.97157773  78.485788865  111.043063824  107.743525934
100.4  156.920848866  78.460424433  111.006927949  107.708480395
100.5  156.870229533  78.4351147663  110.970871034  107.673511375
100.6  156.819721306  78.4098606532  110.934894186  107.638619947
100.7  156.769325747  78.3846628735  110.898998501  107.603807174
100.8  156.719044398  78.359522199  110.863185061  107.569074109
100.9  156.668878785  78.3344393926  110.827454936  107.534421789
101.0  156.618830417  78.3094152085  110.791809186  107.499851244
101.1  156.568900784  78.284450392  110.756248856  107.465363487
101.2  156.519091358  78.2595456792  110.72077498  107.430959523
101.3  156.469403594  78.2347017972  110.685388577  107.396640342
101.4  156.419838926  78.2099194632  110.650090654  107.36240692
101.5  156.37039877  78.1851993852  110.614882204  107.328260222
101.6  156.321084522  78.1605422611  110.579764206  107.294201198
101.7  156.271897558  78.1359487791  110.544737626  107.260230786
101.8  156.222839234  78.1114196169  110.509803414  107.226349908
101.9  156.173910885  78.0869554423  110.474962507  107.192559474
102.0  156.125113825  78.0625569124  110.440215826  107.158860379
102.1  156.076449348  78.0382246738  110.405564278  107.125253502
102.2  156.027918724  78.013959362  110.371008755  107.091739709
102.3  155.979523204  77.9897616019  110.336550131  107.05831985
102.4  155.931264014  77.965632007  110.302189268  107.024240685
102.5  155.881484339  77.9407421693  110.266754165  106.99374808
102.6  155.837404052  77.9187020262  110.235351976  106.96326513
102.7  155.793336231  77.8966681157  110.203959893  106.932791827
102.8  155.749280872  77.8746404359  110.172577907  106.902328163
102.9  155.70523797  77.8526189851  110.141206008  106.871874128
103.0  155.661207523  77.8306037616  110.109844186  106.841429714
103.1  155.617189527  77.8085947635  110.078492433  106.810994914
103.2  155.573183978  77.7865919892  110.047150738  106.780569718
103.3  155.529190874  77.7645954368  110.015819093  106.750154119
103.4  155.485210209  77.7426051047  109.984497487  106.719748107
103.5  155.441241982  77.7206209909  109.953185911  106.689351676
103.6  155.397286188  77.6986430939  109.921884357  106.658964815
103.7  155.353342824  77.6766714118  109.890592814  106.628587518
103.8  155.309411886  77.6547059429  109.859311273  106.598219776
103.9  155.265493371  77.6327466853  109.828039725  106.567861581
104.0  155.221587275  77.6107936374  109.796778161  106.537512924
104.1  155.177693595  77.5888467975  109.765526573  106.507173798
104.2  155.133812327  77.5669061636  109.734284949  106.476844195
104.3  155.089943468  77.5449717342  109.703053283  106.446524107
104.4  155.046087015  77.5230435074  109.671831563  106.416213525
104.5  155.002242963  77.5011214815  109.640619783  106.385912442
104.6  154.958411309  77.4792056547  109.609417931  106.355620849
104.7  154.914592051  77.4572960253  109.578226001  106.32533874
104.8  154.870785183  77.4353925915  109.547043982  106.295066105
104.9  154.826990703  77.4134953515  109.515871866  106.264802938
105.0  154.783208607  77.3916043037  109.484709644  106.23454923
105.0  154.783208607  77.3916043037  109.484709644  106.23454923
105.1  154.739438893  77.3697194463  109.453557307  106.204304974
105.2  154.695681555  77.3478407774  109.422414847  106.174070162
105.3  154.651936591  77.3259682955  109.391282254  106.143844787
105.4  154.608203997  77.3041019986  109.360159521  106.113628839
105.5  154.56448377  77.2822418852  109.329046638  106.083422313
105.6  154.520775907  77.2603879533  109.297943597  106.0532252
105.7  154.477080403  77.2385402013  109.266850389  106.023037493
105.8  154.433397255  77.2166986274  109.235767005  105.992859184
105.9  154.38972646  77.19486323  109.204693438  105.962690266
106.0  154.346068014  77.1730340071  109.173629679  105.932530731
106.1  154.302421914  77.1512109571  109.142575719  105.902380572
106.2  154.258788157  77.1293940783  109.111531549  105.872239782
106.3  154.215166738  77.1075833689  109.080497163  105.842108352
106.4  154.171557654  77.0857788271  109.04947255  105.811986276
106.5  154.127960902  77.0639804512  109.018457703  105.781873547
106.6  154.084376479  77.0421882395  108.987452614  105.751770156
106.7  154.04080438  77.0204021902  108.956457274  105.721676097
106.8  153.997244603  76.9986223016  108.925471676  105.691591362
106.9  153.953697144  76.9768485719  108.89449581  105.661515945
107.0  153.910161999  76.9550809994  108.863529669  105.631449838
107.1  153.866639165  76.9333195823  108.832573245  105.601393033
107.2  153.823128638  76.911564319  108.801626529  105.571345525
107.3  153.779630415  76.8898152076  108.770689514  105.541307305
107.4  153.736144493  76.8680722465  108.739762192  105.511278366
107.5  153.692670868  76.8463354338  108.708844554  105.481258702
107.6  153.649209536  76.8246047679  108.677936592  105.451248306
107.7  153.605760494  76.802880247  108.6470383  105.42124717
107.8  153.562323739  76.7811618694  108.616149668  105.391255287
107.9  153.518899267  76.7594496334  108.585270689  105.361272652
108.0  153.475487074  76.7377435371  108.554401356  105.331299255
108.1  153.432087158  76.7160435789  108.523541659  105.301335092
108.2  153.388699514  76.6943497571  108.492691592  105.271380154
108.3  153.34532414  76.6726620698  108.461851147  105.241434435
108.4  153.301961031  76.6509805154  108.431020317  105.211497929
108.5  153.258610184  76.6293050921  108.400199092  105.181570628
108.6  153.215271596  76.6076357982  108.369387467  105.151652526
108.7  153.171945264  76.585972632  108.338585432  105.121743616
108.8  153.128631183  76.5643155917  108.307792981  105.091843891
108.9  153.085329351  76.5426646756  108.277010107  105.061953344
109.0  153.042039764  76.5210198819  108.2462368  105.03207197
109.1  152.998762418  76.499381209  108.215473055  105.00219976
109.2  152.95549731  76.4777486551  108.184718863  104.97233671
109.3  152.912244437  76.4561222185  108.153974218  104.942482811
109.4  152.869003795  76.4345018974  108.123239111  104.912638058
109.5  152.82577538  76.4128876901  108.092513535  104.882802444
109.6  152.78255919  76.3912795949  108.061797483  104.852975962
109.7  152.73935522  76.36967761  108.031090948  104.823158606
109.8  152.696163468  76.3480817338  108.000393922  104.79335037
109.9  152.652983929  76.3264919645  107.969706398  104.763551247
110.0  152.609816601  76.3049083003  107.939028369  104.73376123
110.1  152.566661479  76.2833307396  107.908359827  104.703980314
110.2  152.523518561  76.2617592806  107.877700766  104.674208492
110.3  152.480387843  76.2401939216  107.847051177  104.644445757
110.4  152.437269322  76.2186346609  107.816411055  104.614692103
110.5  152.394162993  76.1970814967  107.785780392  104.584947525
110.6  152.351068855  76.1755344273  107.755159181  104.555212015
110.7  152.307986902  76.153993451  107.724547414  104.525485567
110.8  152.264917132  76.1324585661  107.693945086  104.495768176
110.9  152.221859542  76.1109297709  107.663352188  104.466059835
111.0  152.178814127  76.0894070636  107.632768713  104.436360537
111.1  152.135780885  76.0678904425  107.602194656  104.406670277
111.2  152.092759812  76.0463799059  107.571630008  104.376989048
111.3  152.049750904  76.024875452  107.541074763  104.347316845
111.4  152.006754158  76.0033770792  107.510528915  104.317653662
111.5  151.963769571  75.9818847857  107.479992456  104.287999491
111.6  151.92079714  75.9603985698  107.449465379  104.258354328
111.7  151.87783686  75.9389184299  107.418947677  104.228718165
111.8  151.834888728  75.917444364  107.388439345  104.199090998
111.9  151.791952741  75.8959763707  107.357940374  104.16947282
112.0  151.749028896  75.874514448  107.327450759  104.139863625
112.1  151.706117189  75.8530585944  107.296970493  104.110263408
112.2  151.663217616  75.8316088081  107.266499568  104.080672161
112.3  151.620330175  75.8101650874  107.236037979  104.05108988
112.4  151.577454861  75.7887274306  107.205585719  104.021516559
112.5  151.534591672  75.7672958359  107.17514278  103.991952191
112.6  151.491740603  75.7458703016  107.144709158  103.962396771
112.7  151.448901652  75.7244508261  107.114284844  103.932850294
112.8  151.406074815  75.7030374076  107.083869832  103.903312752
112.9  151.363260089  75.6816300444  107.053464116  103.873784141
113.0  151.32045747  75.6602287348  107.02306769  103.844264454
113.1  151.277666954  75.6388334771  106.992680547  103.814753687
113.2  151.234888539  75.6174442695  106.96230268  103.785251832
113.3  151.192122221  75.5960611104  106.931934083  103.755758886
113.4  151.149367996  75.574683998  106.90157475  103.726274841
113.5  151.106625861  75.5533129307  106.871224674  103.696799692
113.6  151.063895813  75.5319479067  106.840883849  103.667333434
113.7  151.021177849  75.5105889244  106.810552269  103.637876061
113.8  150.978471964  75.4892359819  106.780229927  103.608427567
113.9  150.935778155  75.4678890776  106.749916817  103.578987947
114.0  150.89309642  75.4465482098  106.719612933  103.549557195
114.1  150.850426754  75.4252133769  106.689318268  103.520135306
114.2  150.807769154  75.403884577  106.659032817  103.490722273
114.3  150.765123617  75.3825618084  106.628756572  103.461318093
114.4  150.722490139  75.3612450696  106.598489529  103.431922759
114.5  150.679868717  75.3399343587  106.568231681  103.402536265
114.6  150.637259348  75.318629674  106.537983021  103.373158607
114.7  150.594662028  75.2973310139  106.507743544  103.343789778
114.8  150.552076753  75.2760383767  106.477513243  103.314429774
114.9  150.509503521  75.2547517606  106.447292112  103.285078589
115.0  150.466942328  75.233471164  106.417080146  103.255736217
115.1  150.42439317  75.2121965851  106.386877338  103.226402654
115.2  150.381856044  75.1909280222  106.356683683  103.197077893
115.3  150.339330947  75.1696654737  106.326499174  103.167761931
115.4  150.296817876  75.1484089379  106.296323805  103.13845476
115.5  150.254316826  75.1271584129  106.266157571  103.109156377
115.6  150.211827794  75.1059138972  106.236000465  103.079866775
115.7  150.169350778  75.0846753891  106.205852482  103.05058595
115.8  150.126885774  75.0634428868  106.175713615  103.021313896
115.9  150.084432777  75.0422163886  106.145583859  102.992050608
116.0  150.041991786  75.0209958929  106.115463209  102.962796081
116.1  149.999562796  74.9997813979  106.085351657  102.93355031
116.2  149.957145804  74.978572902  106.055249199  102.904313289
116.3  149.914740807  74.9573704034  106.025155829  102.875085013
116.4  149.872347801  74.9361739005  105.99507154  102.845865478
116.5  149.829966783  74.9149833916  105.964996327  102.816654678
116.6  149.78759775  74.8937988749  105.934930185  102.787452607
116.7  149.745240698  74.8726203488  105.904873108  102.758259262
116.8  149.702895623  74.8514478115  105.874825089  102.729074637
116.9  149.660562523  74.8302812615  105.844786124  102.699898726
117.0  149.618241394  74.809120697  105.814756206  102.670731525
117.1  149.575932232  74.7879661162  105.78473533  102.641573029
117.2  149.533635035  74.7668175176  105.754723491  102.612423232
117.3  149.491349799  74.7456748994  105.724720683  102.583282131
117.4  149.44907652  74.7245382599  105.6947269  102.554149719
117.5  149.406815195  74.7034075974  105.664742136  102.525025992
117.6  149.364565821  74.6822829103  105.634766387  102.495910945
117.7  149.322328394  74.6611641969  105.604799646  102.466804573
117.8  149.280102911  74.6400514554  105.574841909  102.437706871
117.9  149.237889368  74.6189446842  105.544893169  102.408617834
118.0  149.195687763  74.5978438815  105.514953421  102.379537457
118.1  149.153498092  74.5767490458  105.48502266  102.350465736
118.2  149.111320351  74.5556601753  105.455100881  102.321402665
118.3  149.069154537  74.5345772683  105.425188077  102.29234824
118.4  149.027000646  74.5135003232  105.395284243  102.263302457
118.5  148.984858676  74.4924293382  105.365389375  102.234265309
118.6  148.942728623  74.4713643117  105.335503467  102.205236792
118.7  148.900610484  74.4503052419  105.305626513  102.176216903
118.8  148.858504255  74.4292521273  105.275758508  102.147205635
118.9  148.816409932  74.4082049661  105.245899446  102.118202984
119.0  148.774327513  74.3871637566  105.216049324  102.089208945
119.1  148.732256994  74.3661284972  105.186208134  102.060223514
119.2  148.690198372  74.3450991861  105.156375873  102.031246686
119.3  148.648151643  74.3240758217  105.126552534  102.002278457
119.4  148.606116805  74.3030584023  105.096738112  101.973318821
119.5  148.564093853  74.2820469263  105.066932603  101.944367773
119.6  148.522082784  74.2610413919  105.037136001  101.91542531
119.7  148.480083595  74.2400417974  105.0073483  101.886491427
119.8  148.438096282  74.2190481412  104.977569497  101.857566119
119.9  148.396120843  74.1980604217  104.947799585  101.828649381
120.0  148.354157274  74.177078637  104.91803856  101.799741209
120.0  148.354157274  74.177078637  104.91803856  101.799741209
120.1  148.312205571  74.1561027856  104.888286415  101.770841599
120.2  148.270265732  74.1351328658  104.858543147  101.741950545
120.3  148.228337752  74.1141688758  104.828808751  101.713068043
120.4  148.186421628  74.0932108141  104.79908322  101.684194089
120.5  148.144517358  74.0722586789  104.76936655  101.655328678
120.6  148.102624937  74.0513124686  104.739658737  101.626471806
120.7  148.060744363  74.0303721814  104.709959774  101.597623468
120.8  148.018875632  74.0094378158  104.680269658  101.568783659
120.9  147.97701874  73.98850937  104.650588382  101.539952376
121.0  147.935173685  73.9675868423  104.620915943  101.511129613
121.1  147.893340462  73.9466702312  104.591252334  101.482315367
121.2  147.85151907  73.9257595349  104.561597552  101.453509632
121.3  147.809709503  73.9048547517  104.531951591  101.424712405
121.4  147.76791176  73.8839558799  104.502314446  101.395923681
121.5  147.726125836  73.863062918  104.472686112  101.367143456
121.6  147.684351728  73.8421758642  104.443066585  101.338371724
121.7  147.642589434  73.8212947169  104.41345586  101.309608483
121.8  147.600838949  73.8004194743  104.383853932  101.280853728
121.9  147.55910027  73.7795501349  104.354260795  101.252107453
122.0  147.517373394  73.7586866969  104.324676446  101.223369655
122.1  147.475658317  73.7378291587  104.295100878  101.19464033
122.2  147.433955037  73.7169775186  104.265534089  101.165919474
122.3  147.39226355  73.696131775  104.235976072  101.137207081
122.4  147.350583852  73.6752919261  104.206426823  101.108503148
122.5  147.308915941  73.6544579703  104.176886337  101.07980767
122.6  147.267259812  73.633629906  104.14735461  101.051120644
122.7  147.225615463  73.6128077314  104.117831637  101.022442064
122.8  147.18398289  73.591991445  104.088317412  100.993771927
122.9  147.14236209  73.571181045  104.058811932  100.965110229
123.0  147.10075306  73.5503765298  104.029315192  100.936456964
123.1  147.059155795  73.5295778977  103.999827186  100.90781213
123.2  147.017570294  73.508785147  103.970347911  100.879175722
123.3  146.975996552  73.4879982762  103.940877362  100.850547736
123.4  146.934434567  73.4672172834  103.911415533  100.821928167
123.5  146.892884334  73.4464421672  103.881962421  100.793317011
123.6  146.851345851  73.4256729257  103.852518021  100.764714265
123.7  146.809819115  73.4049095574  103.823082328  100.736119924
123.8  146.768304121  73.3841520606  103.793655338  100.707533984
123.9  146.726800867  73.3634004336  103.764237046  100.67895644
124.0  146.685309349  73.3426546747  103.734827447  100.65038729
124.1  146.643829565  73.3219147823  103.705426538  100.621826528
124.2  146.60236151  73.3011807548  103.676034313  100.593274151
124.3  146.560905181  73.2804525905  103.646650768  100.564730155
124.4  146.519460575  73.2597302877  103.617275898  100.536194535
124.5  146.47802769  73.2390138448  103.587909699  100.507667288
124.6  146.43660652  73.2183032601  103.558552167  100.479148409
124.7  146.395197064  73.1975985319  103.529203297  100.450637894
124.8  146.353799317  73.1768996586  103.499863084  100.42213574
124.9  146.312413277  73.1562066386  103.470531525  100.393641942
125.0  146.27103894  73.1355194702  103.441208614  100.365156497
125.1  146.229676303  73.1148381517  103.411894348  100.336679401
125.2  146.188325363  73.0941626815  103.382588721  100.308210648
125.3  146.146986116  73.0734930579  103.35329173  100.279750237
125.4  146.105658558  73.0528292792  103.32400337  100.251298162
125.5  146.064342688  73.0321713439  103.294723637  100.222854419
125.6  146.023038501  73.0115192503  103.265452527  100.194419006
125.7  145.981745993  72.9908729967  103.236190034  100.165991917
125.8  145.940465163  72.9702325814  103.206936155  100.137573149
125.9  145.899196006  72.9495980029  103.177690886  100.109162698
126.0  145.857938519  72.9289692594  103.148454222  100.080760561
126.1  145.816692699  72.9083463493  103.119226158  100.052366732
126.2  145.775458542  72.887729271  103.090006691  100.023981209
126.3  145.734236046  72.8671180228  103.060795817  99.9956039877
126.4  145.693025206  72.8465126031  103.03159353  99.9672350639
126.5  145.65182602  72.8259130102  103.002399827  99.938874434
126.6  145.610638485  72.8053192424  102.973214704  99.910522094
126.7  145.569462596  72.7847312982  102.944038156  99.8821780403
126.8  145.528298352  72.7641491758  102.914870179  99.853842269
126.9  145.487145747  72.7435728737  102.885710769  99.8255147763
127.0  145.44600478  72.7230023902  102.856559922  99.7971955584
127.1  145.404875447  72.7024377236  102.827417633  99.7688846115
127.2  145.363757745  72.6818788723  102.798283898  99.7405819319
127.3  145.322651669  72.6613258346  102.769158714  99.7122875157
127.4  145.281557218  72.6407786089  102.740042076  99.6840013593
127.5  145.240474387  72.6202371936  102.71093398  99.6557234589
127.6  145.199403174  72.5997015871  102.681834421  99.6274538108
127.7  145.158343575  72.5791717876  102.652743396  99.5991924112
127.8  145.117295587  72.5586477935  102.623660901  99.5709392564
127.9  145.076259206  72.5381296032  102.594586931  99.5426943427
128.0  145.03523443  72.5176172151  102.565521482  99.5144576665
128.1  144.994221255  72.4971106274  102.536464551  99.486229224
128.2  144.953219677  72.4766098387  102.507416133  99.4580090115
128.3  144.912229694  72.4561148472  102.478376224  99.4297970254
128.4  144.871251302  72.4356256512  102.44934482  99.4015932619
128.5  144.830284498  72.4151422492  102.420321917  99.3733977176
128.6  144.789329279  72.3946646396  102.391307511  99.3452103886
128.7  144.748385641  72.3741928206  102.362301599  99.3170312714
128.8  144.707453581  72.3537267906  102.333304175  99.2888603624
128.9  144.666533096  72.333266548  102.304315237  99.2606976579
129.0  144.625624182  72.3128120912  102.275334779  99.2325431542
129.1  144.584726837  72.2923634186  102.246362799  99.2043968479
129.2  144.543841057  72.2719205284  102.217399292  99.1762587353
129.3  144.502966838  72.2514834191  102.188444254  99.1481288128
129.4  144.462104178  72.231052089  102.159497681  99.1200070768
129.5  144.421253073  72.2106265364  102.130559569  99.0918935238
129.6  144.38041352  72.1902067599  102.101629915  99.0637881502
129.7  144.339585515  72.1697927576  102.072708715  99.0356909524
129.8  144.298769056  72.1493845281  102.043795964  99.007601927
129.9  144.257964139  72.1289820696  102.014891658  98.9795210703
130.0  144.217170761  72.1085853805  101.985995795  98.9514483789
130.1  144.176388918  72.0881944592  101.957108369  98.9233838492
130.2  144.135618608  72.0678093041  101.928229377  98.8953274776
130.3  144.094859827  72.0474299135  101.899358816  98.8672792608
130.4  144.054112572  72.0270562858  101.870496681  98.8392391951
130.5  144.013376839  72.0066884194  101.841642968  98.8112072772
130.6  143.972652625  71.9863263126  101.812797674  98.7831835035
130.7  143.931939928  71.9659699638  101.783960795  98.7551678705
130.8  143.891238743  71.9456193714  101.755132326  98.7271603748
130.9  143.850549068  71.9252745338  101.726312266  98.6991610129
131.0  143.809870899  71.9049354493  101.697500608  98.6711697814
131.1  143.769204233  71.8846021163  101.66869735  98.6431866767
131.2  143.728549066  71.8642745331  101.639902488  98.6152116956
131.3  143.687905397  71.8439526983  101.611116018  98.5872448345
131.4  143.64727322  71.82363661  101.582337937  98.5592860901
131.5  143.606652533  71.8033262667  101.55356824  98.5313354588
131.6  143.566043334  71.7830216669  101.524806923  98.5033929374
131.7  143.525445617  71.7627228087  101.496053984  98.4754585224
131.8  143.484859381  71.7424296907  101.467309419  98.4475322103
131.9  143.444284622  71.7221423112  101.438573223  98.4196139979
132.0  143.403721337  71.7018606686  101.409845393  98.3917038818
132.1  143.363169523  71.6815847613  101.381125925  98.3638018585
132.2  143.322629175  71.6613145875  101.352414816  98.3359079247
132.3  143.282100292  71.6410501458  101.323712062  98.3080220771
132.4  143.241582869  71.6207914345  101.295017658  98.2801443123
132.5  143.201076904  71.600538452  101.266331603  98.2522746269
132.6  143.160582393  71.5802911966  101.237653891  98.2244130177
132.7  143.120099333  71.5600496667  101.20898452  98.1965594812
132.8  143.079627722  71.5398138608  101.180323485  98.1687140142
132.9  143.039167554  71.5195837772  101.151670784  98.1408766134
133.0  142.998718828  71.4993594142  101.123026411  98.1130472754
133.1  142.958281541  71.4791407703  101.094390365  98.085225997
133.2  142.917855688  71.4589278438  101.06576264  98.0574127748
133.3  142.877441266  71.4387206332  101.037143234  98.0296076056
133.4  142.837038274  71.4185191368  101.008532143  98.001810486
133.5  142.796646706  71.398323353  100.979929364  97.9740214129
133.6  142.75626656  71.3781332801  100.951334892  97.9462403828
133.7  142.715897833  71.3579489167  100.922748724  97.9184673927
133.8  142.675540522  71.3377702609  100.894170857  97.8907024392
133.9  142.635194623  71.3175973113  100.865601287  97.862945519
134.0  142.594860133  71.2974300663  100.837040011  97.8351966289
134.1  142.554537048  71.2772685241  100.808487025  97.8074557658
134.2  142.514225366  71.2571126832  100.779942325  97.7797229263
134.3  142.473925084  71.236962542  100.751405908  97.7519981072
134.4  142.433636198  71.2168180989  100.72287777  97.7242813054
134.5  142.393358705  71.1966793523  100.694357909  97.6965725176
134.6  142.353092601  71.1765463005  100.66584632  97.6688717405
134.7  142.312837884  71.1564189419  100.637343  97.6411789711
134.8  142.27259455  71.136297275  100.608847945  97.6134942061
134.9  142.232362596  71.1161812981  100.580361153  97.5858174423
135.0  142.192142019  71.0960710096  100.551882619  97.5581486766
135.0  142.192142019  71.0960710096  100.551882619  97.5581486766
135.1  142.151932816  71.0759664079  100.52341234  97.5304879057
135.2  142.111734983  71.0558674914  100.494950312  97.5028351266
135.3  142.071548517  71.0357742585  100.466496533  97.475190336
135.4  142.031373415  71.0156867076  100.438050998  97.4475535308
135.5  141.991209674  70.995604837  100.409613705  97.4199247078
135.6  141.95105729  70.9755286452  100.38118465  97.3923038639
135.7  141.910916261  70.9554581306  100.352763829  97.364690996
135.8  141.870786583  70.9353932915  100.324351239  97.337086101
135.9  141.830668253  70.9153341264  100.295946876  97.3094891756
150.0  136.286071274  68.1430356369  96.3717775312  93.4967037402
165.0  130.625314166  65.3126570831  92.367334295  89.6057854166
180.0  125.199681388  62.5998406938  88.5301025737  85.8774004531
195.0  119.99940685  59.999703425  84.8526366508  82.3044070187
210.0  115.015130109  57.5075650543  81.3280835152  78.88017973
225.0  110.237879513  55.1189397563  77.9499977092  75.5984615446
240.0  105.659056056  52.829528028  74.7122547871  72.453294917
255.0  101.2704179  50.6352089499  71.6090077971  69.4389867168
270.0  97.0640655371  48.5320327686  68.6346626654  66.5500876671
285.0  93.0324275734  46.5162137867  65.7838620181  63.7813781577
300.0  89.1682470986  44.5841235493  63.0514728883  61.1278569824
315.0  85.4645686242  42.7322843121  60.4325763282  58.5847315308
330.0  81.9147255643  40.9573627822  57.9224580569  56.1474088043
345.0  78.5123282348  39.2561641174  55.5165997585  53.8114869834
360.0  75.2512523529  37.6256261764  53.2106708562  51.5727474186

#SVE monte-carlo points sigmaR (r, sigmaR_med, sigmaR_std)
9.0  211.119559111  0.0
12.5  197.515307007  0.0
15.9  191.665493004  0.0
19.4  189.808976515  0.0
22.9  189.852205743  0.0
26.4  190.33492865  0.0
29.9  190.4579933  0.0
33.3  189.911591492  0.0
36.8  188.625446331  0.0
40.3  186.739097022  0.0
43.8  184.467781017  0.0
47.2  182.109650164  0.0
50.7  179.719843262  0.0
54.2  177.510859261  0.0
57.7  175.562801648  0.0
61.1  173.937590991  0.0
64.6  172.506850504  0.0
68.1  171.252017905  0.0
71.6  170.082688188  0.0
75.0  168.940191577  0.0
78.5  167.678382939  0.0
82.0  166.273685382  0.0
85.5  164.701657625  0.0
89.0  162.972860684  0.0
92.4  161.184034521  0.0
95.9  159.296219482  0.0
99.4  157.441679282  0.0
102.9  155.717178877  0.0
106.3  154.224530221  0.0
109.8  152.702924141  0.0
113.3  151.196330491  0.0
116.8  149.704601157  0.0
120.2  148.2695869  0.0
123.7  146.806733327  0.0
127.2  145.358312523  0.0
130.7  143.924182091  0.0
134.2  142.50420104  0.0

#SVE monte-carlo points sigmaZ (r, sigmaZ_med, sigmaZ_std)
9.4  104.517442027  0.0
12.9  98.2625850292  0.0
16.3  95.6457324437  0.0
19.8  94.8761074553  0.0
23.3  94.9526005263  0.0
26.8  95.1884759999  0.0
30.2  95.2191431533  0.0
33.7  94.9002015368  0.0
37.2  94.2183061949  0.0
40.7  93.2473097191  0.0
44.2  92.0970634111  0.0
47.6  90.9157126833  0.0
51.1  89.7280751736  0.0
54.6  88.6370782651  0.0
58.1  87.6790753251  0.0
61.5  86.881334624  0.0
65.0  86.1780629549  0.0
68.5  85.5579212312  0.0
72.0  84.9751198103  0.0
75.4  84.4008341682  0.0
78.9  83.7629214283  0.0
82.4  83.0513029533  0.0
85.9  82.2557370238  0.0
89.4  81.3834748804  0.0
92.8  80.4846224473  0.0
96.3  79.5405102022  0.0
99.8  78.6177639039  0.0
103.3  77.7704130131  0.0
106.7  77.0249339124  0.0
110.2  76.264992497  0.0
113.7  75.5125487959  0.0
117.2  74.7675288356  0.0
120.6  74.0508342984  0.0
124.1  73.3202358679  0.0
127.6  72.5968456487  0.0
131.1  71.8805925235  0.0
134.6  71.1714060763  0.0

#SVE monte-carlo points sigmaPhi (r, sigmaPhi_med, sigmaPhi_std)
9.9  153.361699643  0.0
13.4  143.861394517  0.0
16.8  139.60747032  0.0
20.3  137.953860339  0.0
23.8  137.491362104  0.0
27.3  137.268169254  0.0
30.7  136.808087037  0.0
34.2  135.897313653  0.0
37.7  134.544348925  0.0
41.2  132.856743653  0.0
44.7  130.985860352  0.0
48.1  129.136851594  0.0
51.6  127.323153095  0.0
55.1  125.684168825  0.0
58.6  124.259688395  0.0
62.0  123.079616433  0.0
65.5  122.040147384  0.0
69.0  121.121444787  0.0
72.5  120.255610122  0.0
75.9  119.402099569  0.0
79.4  118.457149098  0.0
82.9  117.409640432  0.0
86.4  116.24770102  0.0
89.9  114.984289235  0.0
93.3  113.692942695  0.0
96.8  112.347311914  0.0
100.3  111.042265947  0.0
103.8  109.861461105  0.0
107.2  108.802806263  0.0
110.7  107.724641637  0.0
114.2  106.65796929  0.0
117.7  105.602520258  0.0
121.1  104.587747899  0.0
124.6  103.553751941  0.0
128.1  102.530342552  0.0
131.6  101.517345209  0.0
135.0  100.543108838  0.0
