#Star points (r, v, dv)
95.5  107.694916394  27.0230786525
71.1  152.402215636  8.04731386345
54.9  165.218308085  6.45772100153
35.3  147.732786604  7.15316787862
19.6  153.892458944  7.15316787862
12.5  188.96285146  3.07983616996
6.5  137.003034786  3.07983616996
1.2  9.23950850988  3.07983616996
1.2  9.23950850988  3.07983616996
6.5  137.003034786  3.07983616996
12.5  188.96285146  3.07983616996
19.6  153.892458944  7.15316787862
35.3  147.732786604  7.15316787862
54.9  165.218308085  6.45772100153
71.1  152.402215636  8.04731386345
95.5  107.694916394  27.0230786525

#Star and gas polinom (r, p_star, p_gas)
1.2  4.77560583827  22.1124524323
1.3  10.8837601903  32.6429859505
1.4  16.8384718339  42.8360496513
1.5  22.6425993481  52.700495408
1.6  28.2989599316  62.2449606097
1.7  33.810329873  71.477873081
1.8  39.1794450157  80.4074559003
1.9  44.4090012201  89.0417321175
2.0  49.5016548201  97.3885293722
2.1  54.4600230769  105.455484416
2.2  59.2866846282  113.25004754
2.3  63.9841799336  120.779486905
2.4  68.5550117156  128.050892787
2.5  73.0016453975  135.071181725
2.6  77.3265095362  141.847100587
2.7  81.5319962527  148.385230544
2.8  85.6204616573  154.69199096
2.9  89.5942262713  160.773643202
3.0  93.4555754458  166.636294363
3.1  97.2067597756  172.285900906
3.2  100.84999551  177.728272233
3.3  104.387464958  182.969074167
3.4  107.821316897  188.013832368
3.5  111.153666963  192.867935669
3.6  114.386598055  197.536639338
3.7  117.522160723  202.025068271
3.8  120.562373557  206.338220114
3.9  123.509223574  210.480968313
4.0  126.364666595  214.458065098
4.1  129.130627627  218.274144402
4.2  131.809001238  221.933724713
4.3  134.401651923  225.441211861
4.4  136.910414476  228.800901743
4.5  139.337094353  232.016982989
4.6  141.68346803  235.093539564
4.7  143.951283365  238.03455331
4.8  146.142259946  240.843906438
4.9  148.258089448  243.525383951
5.0  150.300435974  246.082676024
5.1  152.270936402  248.519380316
5.2  154.171200727  250.839004243
5.3  156.002812396  253.044967184
5.4  157.76732864  255.140602649
5.5  159.466280812  257.129160384
5.6  161.101174708  259.01380844
5.7  162.673490894  260.79763518
5.8  164.184685028  262.483651251
5.9  165.636188177  264.074791499
6.0  167.029407135  265.573916848
6.1  168.365724729  266.983816125
6.2  169.646500138  268.307207853
6.3  170.873069189  269.546741988
6.4  172.046744665  270.705001628
6.5  173.168816608  271.784504666
6.6  174.240552607  272.787705419
6.7  175.263198104  273.716996208
6.8  176.237976675  274.574708897
6.9  177.166090325  275.363116405
7.0  178.048719768  276.084434175
7.1  178.887024717  276.740821602
7.2  179.682144156  277.334383438
7.3  180.435196623  277.867171152
7.4  181.147280481  278.341184264
7.5  181.819474189  278.758371637
7.6  182.452836574  279.120632748
7.7  183.048407095  279.429818918
7.8  183.607206103  279.687734518
7.9  184.130235109  279.896138137
8.0  184.618477034  280.056743733
8.1  185.072896471  280.171221741
8.2  185.494439932  280.241200164
8.3  185.884036102  280.268265628
8.4  186.242596084  280.25396442
8.5  186.571013646  280.199803489
8.6  186.870165459  280.107251429
8.7  187.140911344  279.977739432
8.8  187.384094503  279.812662224
8.9  187.600541754  279.613378965
9.0  187.791063768  279.38121414
9.1  187.956455295  279.117458412
9.2  188.097495391  278.823369467
9.3  188.214947646  278.500172828
9.4  188.309560402  278.149062652
9.5  188.382066981  277.771202502
9.6  188.433185892  277.367726104
9.7  188.463621056  276.939738082
9.8  188.474062014  276.488314673
9.9  188.465184141  276.014504422
10.0  188.43764885  275.519328864
10.1  188.392103804  275.003783181
10.2  188.329183115  274.46883685
10.3  188.249507549  273.915434262
10.4  188.153684725  273.344495337
10.5  188.042309311  272.756916116
10.6  187.915963221  272.153569339
10.7  187.775215807  271.535305003
10.8  187.620624049  270.902950914
10.9  187.452732747  270.25731322
11.0  187.272074703  269.599176924
11.1  187.079170912  268.929306392
11.2  186.874530736  268.248445844
11.3  186.658652092  267.557319829
11.4  186.432021626  266.856633695
11.5  186.195114892  266.147074035
11.6  185.948396524  265.429309132
11.7  185.692320411  264.703989383
11.8  185.427329862  263.971747721
11.9  185.153857783  263.233200015
12.0  184.872326836  262.488945471
12.1  184.583149606  261.739567009
12.2  184.286728765  260.985631642
12.3  183.983457231  260.227690836
12.4  183.673718328  259.466280866
12.5  183.357885941  258.701923161
12.6  183.036324673  257.935124637
12.7  182.709389999  257.166378021
12.8  182.377428415  256.396162175
12.9  182.04077759  255.624942398
13.0  181.69976651  254.853170731
13.1  181.354715631  254.081286246
13.2  181.005937016  253.309715333
13.3  180.653734484  252.538871977
13.4  180.298403744  251.769158026
13.5  179.94023254  251.000963456
13.6  179.579500788  250.234666623
13.7  179.216480707  249.470634518
13.8  178.85143696  248.709223002
13.9  178.484626779  247.950777046
14.0  178.116300102  247.195630963
14.1  177.7466997  246.444108626
14.2  177.376061304  245.696523692
14.3  177.004613732  244.953179809
14.4  176.632579011  244.214370829
14.5  176.260172504  243.480381003
14.6  175.887603029  242.751485183
14.7  175.515072979  242.027949012
14.8  175.142778438  241.310029109
14.9  174.770909302  240.597973253
15.0  174.399649391  239.892020561
15.1  174.029176566  239.192401659
15.2  173.659662836  238.499338852
15.3  173.291274474  237.813046292
15.4  172.924172124  237.133730133
15.5  172.55851091  236.461588693
15.6  172.19444054  235.796812604
15.7  171.832105414  235.139584966
15.8  171.471644728  234.490081487
15.9  171.113192572  233.848470632
16.0  170.756878037  233.214913759
16.1  170.402825311  232.589565255
16.2  170.051153777  231.972572675
16.3  169.701978111  231.364076863
16.4  169.35540838  230.764212089
16.5  169.01155013  230.173106167
16.6  168.670504486  229.590880583
16.7  168.33236824  229.017650607
16.8  167.997233943  228.45352542
16.9  167.665189992  227.898608218
17.0  167.336320721  227.352996335
17.1  167.010706487  226.816781343
17.2  166.688423753  226.290049169
17.3  166.369545175  225.772880193
17.4  166.054139687  225.26534936
17.5  165.742272577  224.767526274
17.6  165.434005573  224.279475304
17.7  165.129396921  223.801255678
17.8  164.828501465  223.332921583
17.9  164.53137072  222.874522259
18.0  164.238052954  222.426102089
18.1  163.948593258  221.987700696
18.2  163.663033624  221.559353026
18.3  163.381413016  221.141089446
18.4  163.103767442  220.732935822
18.5  162.830130025  220.33491361
18.6  162.560531073  219.947039941
18.7  162.294998147  219.5693277
18.8  162.033556129  219.201785612
18.9  161.77622729  218.844418321
19.0  161.523031352  218.497226472
19.1  161.273985558  218.160206785
19.2  161.02910473  217.833352138
19.3  160.788401335  217.516651638
19.4  160.551885546  217.210090701
19.5  160.319565302  216.913651126
19.6  160.091446369  216.627311165
19.7  159.867532397  216.351045601
19.8  159.64782498  216.084825814
19.9  159.432323712  215.828619857
20.0  159.221026241  215.582392524
20.1  159.013928327  215.34610542
20.2  158.811023896  215.119717029
20.3  158.612305091  214.903182782
20.4  158.417762326  214.696455125
20.5  158.22738434  214.499483584
20.6  158.041158242  214.312214832
20.7  157.859069565  214.134592755
20.8  157.681102316  213.966558515
20.9  157.50723902  213.808050612
21.0  157.337460771  213.659004954
21.1  157.171747278  213.519354912
21.2  157.010076908  213.389031385
21.3  156.852426735  213.267962865
21.4  156.698772583  213.156075493
21.5  156.549089066  213.053293122
21.6  156.403349636  212.959537376
21.7  156.261526622  212.874727711
21.8  156.123591269  212.798781472
21.9  155.989513786  212.731613952
22.0  155.859263375  212.673138452
22.1  155.732808279  212.623266335
22.2  155.610115817  212.581907086
22.3  155.49115242  212.548968366
22.4  155.37588367  212.524356072
22.5  155.264274335  212.507974387
22.6  155.156288405  212.499725841
22.7  155.051889127  212.499511361
22.8  154.951039039  212.507230329
22.9  154.853700003  212.522780633
23.0  154.759833238  212.546058724
23.1  154.669399353  212.576959663
23.2  154.582358376  212.615377181
23.3  154.49866979  212.661203726
23.4  154.418292558  212.714330516
23.5  154.341185155  212.774647592
23.6  154.267305597  212.842043866
23.7  154.196611469  212.916407175
23.8  154.129059956  212.997624328
23.9  154.064607864  213.085581156
24.0  154.003211653  213.180162564
24.1  153.94482746  213.281252578
24.2  153.889411123  213.388734391
24.3  153.836918213  213.502490417
24.4  153.787304049  213.622402331
24.5  153.74052373  213.748351123
24.6  153.696532155  213.88021714
24.7  153.655284044  214.017880137
24.8  153.616733965  214.161219316
24.9  153.580836352  214.310113378
25.0  153.547545531  214.464440565
25.1  153.516815733  214.624078706
25.2  153.488601124  214.788905257
25.3  153.462855818  214.958797352
25.4  153.439533897  215.133631838
25.5  153.418589436  215.313285326
25.6  153.399976513  215.497634225
25.7  153.383649235  215.686554792
25.8  153.369561747  215.879923167
25.9  153.357668259  216.077615419
26.0  153.347923055  216.27950758
26.1  153.340280512  216.485475694
26.2  153.334695118  216.695395849
26.3  153.331121482  216.909144219
26.4  153.329514355  217.126597104
26.5  153.329828641  217.347630965
26.6  153.332019412  217.572122464
26.7  153.336041922  217.799948501
26.8  153.341851621  218.030986251
26.9  153.349404167  218.265113198
27.0  153.358655438  218.502207173
27.1  153.369561547  218.742146389
27.2  153.382078851  218.984809474
27.3  153.396163966  219.230075509
27.4  153.411773772  219.477824056
27.5  153.428865431  219.727935196
27.6  153.447396393  219.980289562
27.7  153.467324408  220.234768366
27.8  153.488607534  220.491253437
27.9  153.51120415  220.749627246
28.0  153.53507296  221.009772944
28.1  153.560173006  221.271574384
28.2  153.586463675  221.534916157
28.3  153.613904707  221.799683617
28.4  153.642456204  222.065762913
28.5  153.672078636  222.333041012
28.6  153.702732849  222.601405733
28.7  153.734380073  222.870745768
28.8  153.766981926  223.140950712
28.9  153.800500424  223.411911086
29.0  153.834897983  223.683518366
29.1  153.870137429  223.955665005
29.2  153.906182003  224.228244455
29.3  153.942995361  224.501151198
29.4  153.980541587  224.774280761
29.5  154.018785192  225.047529744
29.6  154.057691121  225.320795839
29.7  154.097224757  225.593977852
29.8  154.137351925  225.866975726
29.9  154.178038895  226.139690558
30.0  154.219252388  226.412024621
30.1  154.260959577  226.683881384
30.2  154.303128089  226.955165526
30.3  154.345726014  227.225782961
30.4  154.388721899  227.49564085
30.5  154.432084759  227.764647619
30.6  154.475784073  228.03271298
30.7  154.519789789  228.299747939
30.8  154.564072325  228.565664819
30.9  154.608602573  228.83037727
31.0  154.653351895  229.093800284
31.1  154.698292132  229.35585021
31.2  154.743395598  229.616444767
31.3  154.788635084  229.875503056
31.4  154.833983861  230.132945571
31.5  154.879415675  230.388694213
31.6  154.924904754  230.642672298
31.7  154.970425802  230.894804571
31.8  155.015954004  231.145017212
31.9  155.061465023  231.393237849
32.0  155.106935001  231.639395562
32.1  155.152340558  231.883420898
32.2  155.197658792  232.125245873
32.3  155.242867279  232.364803981
32.4  155.287944068  232.602030201
32.5  155.332867688  232.836861005
32.6  155.377617139  233.06923436
32.7  155.422171894  233.299089734
32.8  155.466511898  233.526368104
32.9  155.510617568  233.751011955
33.0  155.554469786  233.972965289
33.1  155.598049902  234.192173623
33.2  155.641339733  234.408583994
33.3  155.684321556  234.622144964
33.4  155.726978109  234.832806614
33.5  155.76929259  235.040520553
33.6  155.811248652  235.245239916
33.7  155.852830403  235.446919361
33.8  155.894022401  235.645515072
33.9  155.934809652  235.84098476
34.0  155.975177611  236.033287656
34.1  156.015112173  236.222384514
34.2  156.054599675  236.408237608
34.3  156.09362689  236.590810728
34.4  156.132181027  236.770069178
34.5  156.170249723  236.945979772
34.6  156.207821046  237.118510832
34.7  156.244883486  237.287632178
34.8  156.281425956  237.453315132
34.9  156.317437786  237.615532504
35.0  156.352908718  237.774258594
35.1  156.387828908  237.929469179
35.2  156.422188917  238.081141511
35.3  156.455979708  238.229254309
35.4  156.489192645  238.373787754
35.5  156.521819486  238.514723475
35.6  156.553852383  238.652044548
35.7  156.585283872  238.785735484
35.8  156.616106874  238.915782221
35.9  156.646314692  239.042172115
36.0  156.675901  239.164893931
36.1  156.704859846  239.283937831
36.2  156.733185643  239.399295367
36.3  156.760873169  239.510959469
36.4  156.78791756  239.618924433
36.5  156.814314303  239.723185911
36.6  156.840059238  239.8237409
36.7  156.86514855  239.92058773
36.8  156.889578763  240.01372605
36.9  156.913346739  240.103156819
37.0  156.936449671  240.188882291
37.1  156.95888508  240.270906001
37.2  156.980650809  240.349232754
37.3  157.001745021  240.423868611
37.4  157.022166189  240.494820874
37.5  157.0419131  240.562098074
37.6  157.060984841  240.625709954
37.7  157.0793808  240.685667456
37.8  157.097100663  240.741982706
37.9  157.114144401  240.794668999
38.0  157.130512275  240.843740785
38.1  157.146204826  240.889213648
38.2  157.161222869  240.9311043
38.3  157.175567493  240.969430554
38.4  157.189240053  241.004211317
38.5  157.202242167  241.035466569
38.6  157.214575707  241.063217346
38.7  157.226242801  241.087485726
38.8  157.237245823  241.108294812
38.9  157.247587392  241.125668711
39.0  157.257270362  241.139632522
39.1  157.266297823  241.150212315
39.2  157.274673094  241.157435116
39.3  157.282399716  241.161328886
39.4  157.289481451  241.161922508
39.5  157.295922275  241.159245765
39.6  157.301726374  241.153329323
39.7  157.306898139  241.144204714
39.8  157.311442162  241.131904316
39.9  157.31536323  241.116461338
40.0  157.318666322  241.097909798
40.1  157.321356602  241.076284504
40.2  157.323439418  241.05162104
40.3  157.324920293  241.023955742
40.4  157.325804924  240.993325684
40.5  157.326099176  240.959768654
40.6  157.325809076  240.923323142
40.7  157.324940811  240.884028312
40.8  157.323500723  240.841923993
40.9  157.321495302  240.797050652
41.0  157.318931185  240.749449379
41.1  157.315815149  240.699161866
41.2  157.312154107  240.646230392
41.3  157.307955105  240.590697798
41.4  157.303225317  240.532607471
41.5  157.297972038  240.472003326
41.6  157.292202684  240.408929785
41.7  157.285924785  240.343431757
41.8  157.279145981  240.275554624
41.9  157.271874019  240.205344215
42.0  157.264116747  240.132846792
42.1  157.255882111  240.058109029
42.2  157.24717815  239.981177994
42.3  157.238012992  239.902101129
42.4  157.228394853  239.820926233
42.5  157.218332026  239.73770144
42.6  157.207832885  239.652475203
42.7  157.196905875  239.565296277
42.8  157.185559512  239.476213695
42.9  157.173802374  239.385276753
43.0  157.161643105  239.292534993
43.1  157.149090402  239.198038181
43.2  157.136153019  239.101836291
43.3  157.122839759  239.003979487
43.4  157.109159472  238.904518103
43.5  157.095121048  238.803502629
43.6  157.080733419  238.700983688
43.7  157.06600555  238.597012021
43.8  157.050946439  238.491638472
43.9  157.035565112  238.384913965
44.0  157.019870619  238.276889489
44.1  157.003872031  238.167616085
44.2  156.987578438  238.057144822
44.3  156.970998944  237.945526784
44.4  156.954142663  237.832813053
44.5  156.937018717  237.719054691
44.6  156.919636233  237.604302725
44.7  156.90200434  237.488608131
44.8  156.884132164  237.372021814
44.9  156.866028826  237.254594598
45.0  156.847703439  237.136377206
45.1  156.829165105  237.017420244
45.2  156.810422911  236.897774188
45.3  156.791485928  236.777489368
45.4  156.772363208  236.656615953
45.5  156.753063777  236.535203933
45.6  156.733596638  236.413303109
45.7  156.713970764  236.290963076
45.8  156.694195097  236.168233207
45.9  156.674278546  236.045162643
46.0  156.654229982  235.921800274
46.1  156.634058239  235.798194731
46.2  156.613772106  235.674394367
46.3  156.593380331  235.550447246
46.4  156.572891614  235.42640113
46.5  156.552314606  235.302303467
46.6  156.531657905  235.178201376
46.7  156.510930058  235.054141635
46.8  156.490139554  234.930170669
46.9  156.469294823  234.80633454
47.0  156.448404237  234.682678932
47.1  156.427476103  234.55924914
47.2  156.406518665  234.43609006
47.3  156.385540097  234.313246178
47.4  156.364548509  234.190761554
47.5  156.343551935  234.068679822
47.6  156.32255834  233.947044165
47.7  156.301575613  233.825897318
47.8  156.280611565  233.705281551
47.9  156.259673931  233.58523866
48.0  156.238770366  233.465809959
48.1  156.217908441  233.347036268
48.2  156.197095646  233.228957906
48.3  156.176339384  233.111614684
48.4  156.155646972  232.995045893
48.5  156.13502564  232.879290294
48.6  156.114482528  232.764386117
48.7  156.094024683  232.650371045
48.8  156.073659062  232.537282212
48.9  156.053392528  232.425156193
49.0  156.033231847  232.314028997
49.1  156.013183689  232.203936062
49.2  155.993254629  232.094912244
49.3  155.973451141  231.986991816
49.4  155.953779599  231.880208458
49.5  155.934246276  231.774595252
49.6  155.914857343  231.670184676
49.7  155.89561887  231.567008599
49.8  155.87653682  231.465098277
49.9  155.857617052  231.364484344
50.0  155.83886532  231.265196813
50.1  155.820287269  231.167265066
50.2  155.80188844  231.070717852
50.3  155.783674262  230.975583284
50.4  155.765650057  230.881888834
50.5  155.747821037  230.789661329
50.6  155.730192303  230.698926949
50.7  155.712768846  230.609711223
50.8  155.695555545  230.522039024
50.9  155.678557165  230.435934571
51.0  155.661778362  230.351421425
51.1  155.645223676  230.268522483
51.2  155.628897535  230.187259982
51.3  155.612804253  230.107655492
51.4  155.596948028  230.029729919
51.5  155.581332946  229.9535035
51.6  155.565962976  229.878995803
51.7  155.550841975  229.806225728
51.8  155.535973681  229.735211505
51.9  155.521361718  229.665970694
52.0  155.507009597  229.598520184
52.1  155.49292071  229.532876192
52.2  155.479098334  229.469054269
52.3  155.465545631  229.407069293
52.4  155.452265648  229.346935473
52.5  155.439261315  229.288666353
52.6  155.426535446  229.232274806
52.7  155.41409074  229.177773041
52.8  155.401929783  229.125172606
52.9  155.390055041  229.074484382
53.0  155.37846887  229.025718591
53.1  155.367173508  228.978884798
53.2  155.356171079  228.93399191
53.3  155.345463594  228.891048183
53.4  155.335052949  228.850061217
53.5  155.324940927  228.811037971
53.6  155.315129197  228.773984754
53.7  155.305619317  228.738907234
53.8  155.296412731  228.705810441
53.9  155.287510772  228.674698773
54.0  155.278914661  228.645575991
54.1  155.270625509  228.618445235
54.2  155.262644316  228.593309019
54.3  155.254971974  228.570169238
54.4  155.247609263  228.549027175
54.5  155.240556856  228.529883501
54.6  155.23381532  228.512738285
54.7  155.227385111  228.497590992
54.8  155.221266583  228.484440495
54.9  155.21545998  228.473285077
55.0  155.209965445  228.464122437
55.1  155.204783013  228.456949692
55.2  155.199912618  228.451763392
55.3  155.195354092  228.448559515
55.4  155.191107163  228.447333477
55.5  155.187171459  228.448080142
55.6  155.18354651  228.450793823
55.7  155.180231744  228.455468288
55.8  155.177226492  228.462096774
55.9  155.174529988  228.470671983
56.0  155.17214137  228.481186098
56.1  155.17005968  228.49363078
56.2  155.168283865  228.507997186
56.3  155.166812782  228.524275968
56.4  155.165645192  228.542457283
56.5  155.164779767  228.562530801
56.6  155.164215089  228.584485708
56.7  155.163949648  228.608310721
56.8  155.163981851  228.633994086
56.9  155.164310014  228.661523597
57.0  155.16493237  228.690886592
57.1  155.165847065  228.722069968
57.2  155.167052165  228.755060189
57.3  155.168545652  228.789843288
57.4  155.170325425  228.826404884
57.5  155.172389308  228.86473018
57.6  155.174735042  228.904803979
57.7  155.177360293  228.946610689
57.8  155.18026265  228.990134334
57.9  155.183439628  229.035358555
58.0  155.186888669  229.082266628
58.1  155.190607141  229.130841465
58.2  155.194592342  229.181065628
58.3  155.1988415  229.232921332
58.4  155.203351775  229.286390459
58.5  155.208120261  229.341454564
58.6  155.213143983  229.398094883
58.7  155.218419905  229.456292341
58.8  155.223944926  229.516027567
58.9  155.229715885  229.577280891
59.0  155.235729559  229.640032367
59.1  155.241982667  229.704261773
59.2  155.248471869  229.769948617
59.3  155.255193771  229.837072153
59.4  155.262144923  229.90561139
59.5  155.269321821  229.975545095
59.6  155.27672091  230.046851806
59.7  155.284338584  230.119509838
59.8  155.292171186  230.193497297
59.9  155.300215015  230.268792084
60.0  155.30846632  230.345371905
60.1  155.316921306  230.423214281
60.2  155.325576135  230.502296556
60.3  155.334426926  230.582595907
60.4  155.343469759  230.664089351
60.5  155.352700672  230.746753756
60.6  155.362115666  230.83056585
60.7  155.371710707  230.915502223
60.8  155.381481724  231.001539344
60.9  155.391424613  231.08865357
61.0  155.401535238  231.176821152
61.1  155.411809432  231.266018235
61.2  155.422242998  231.356220885
61.3  155.432831712  231.447405082
61.4  155.443571324  231.539546736
61.5  155.454457556  231.632621692
61.6  155.465486109  231.726605742
61.7  155.476652661  231.821474629
61.8  155.487952868  231.917204063
61.9  155.499382369  232.013769723
62.0  155.510936782  232.111147259
62.1  155.52261171  232.209312315
62.2  155.534402741  232.308240531
62.3  155.546305447  232.407907548
62.4  155.55831539  232.508289016
62.5  155.57042812  232.609360606
62.6  155.582639176  232.711098015
62.7  155.594944089  232.813476975
62.8  155.607338386  232.916473265
62.9  155.619817583  233.020062707
63.0  155.632377197  233.124221185
63.1  155.645012738  233.228924645
63.2  155.657719716  233.33414911
63.3  155.670493642  233.439870683
63.4  155.683330025  233.546065549
63.5  155.696224379  233.652709998
63.6  155.70917222  233.75978041
63.7  155.72216907  233.867253283
63.8  155.735210457  233.975105226
63.9  155.748291916  234.08331297
64.0  155.761408991  234.191853378
64.1  155.774557236  234.300703449
64.2  155.787732216  234.409840328
64.3  155.80092951  234.519241298
64.4  155.814144709  234.628883806
64.5  155.82737342  234.738745462
64.6  155.840611266  234.848804042
64.7  155.853853886  234.959037494
64.8  155.86709694  235.069423945
64.9  155.880336107  235.179941713
65.0  155.893567086  235.2905693
65.1  155.906785598  235.401285419
65.2  155.919987389  235.512068965
65.3  155.933168227  235.622899061
65.4  155.946323908  235.733755032
65.5  155.959450253  235.84461643
65.6  155.97254311  235.955463013
65.7  155.985598357  236.066274795
65.8  155.998611902  236.177031998
65.9  156.011579683  236.287715104
66.0  156.024497671  236.398304815
66.1  156.037361868  236.508782105
66.2  156.050168312  236.619128179
66.3  156.062913075  236.729324516
66.4  156.075592264  236.839352831
66.5  156.088202025  236.949195134
66.6  156.100738541  237.058833687
66.7  156.113198032  237.168251015
66.8  156.12557676  237.277429937
66.9  156.137871027  237.386353537
67.0  156.150077177  237.495005195
67.1  156.162191594  237.603368566
67.2  156.174210708  237.711427602
67.3  156.186130992  237.819166541
67.4  156.197948963  237.926569914
67.5  156.209661186  238.033622561
67.6  156.221264271  238.140309618
67.7  156.232754876  238.246616514
67.8  156.244129705  238.352529004
67.9  156.255385514  238.458033137
68.0  156.266519106  238.563115277
68.1  156.277527337  238.667762094
68.2  156.28840711  238.771960577
68.3  156.299155385  238.875698037
68.4  156.309769169  238.978962088
68.5  156.320245525  239.081740688
68.6  156.33058157  239.184022086
68.7  156.340774473  239.285794885
68.8  156.35082146  239.387047977
68.9  156.360719812  239.4877706
69.0  156.370466864  239.58795232
69.1  156.38006001  239.687583029
69.2  156.389496701  239.786652926
69.3  156.398774445  239.885152564
69.4  156.407890806  239.983072811
69.5  156.41684341  240.08040486
69.6  156.42562994  240.177140248
69.7  156.434248139  240.273270818
69.8  156.44269581  240.368788766
69.9  156.450970817  240.463686605
70.0  156.459071082  240.557957177
70.1  156.466994592  240.651593667
70.2  156.474739393  240.744589554
70.3  156.482303593  240.836938675
70.4  156.489685361  240.928635196
70.5  156.496882932  241.019673581
70.6  156.503894599  241.110048638
70.7  156.510718722  241.1997555
70.8  156.517353722  241.288789632
70.9  156.523798084  241.377146795
71.0  156.530050356  241.464823087
71.1  156.536109151  241.551814922
71.2  156.541973146  241.638119042
71.3  156.54764108  241.723732476
71.4  156.553111758  241.808652608
71.5  156.55838405  241.892877103
71.6  156.56345689  241.976403938
71.7  156.568329277  242.059231422
71.8  156.573000273  242.141358152
71.9  156.577469006  242.22278302
72.0  156.581734669  242.303505239
72.1  156.58579652  242.383524337
72.2  156.589653881  242.462840068
72.3  156.59330614  242.541452567
72.4  156.596752748  242.619362203
72.5  156.599993222  242.696569658
72.6  156.603027143  242.773075892
72.7  156.605854158  242.848882162
72.8  156.608473976  242.923989964
72.9  156.610886374  242.998401122
73.0  156.613091189  243.07211771
73.1  156.615088325  243.14514206
73.2  156.616877749  243.217476785
73.3  156.618459491  243.289124768
73.4  156.619833647  243.360089148
73.5  156.621000373  243.430373303
73.6  156.62195989  243.499980889
73.7  156.622712482  243.568915772
73.8  156.623258496  243.637182112
73.9  156.623598338  243.70478428
74.0  156.623732481  243.771726907
74.1  156.623661455  243.838014812
74.2  156.623385855  243.90365309
74.3  156.622906335  243.96864703
74.4  156.622223609  244.033002175
74.5  156.621338454  244.096724244
74.6  156.620251705  244.159819212
74.7  156.618964256  244.222293211
74.8  156.617477062  244.284152626
74.9  156.615791134  244.345403999
75.0  156.613907544  244.406054093
75.1  156.61182742  244.46610987
75.2  156.609551949  244.525578433
75.3  156.607082371  244.584467111
75.4  156.604419987  244.642783398
75.5  156.60156615  244.700534926
75.6  156.59852227  244.757729543
75.7  156.595289812  244.814375225
75.8  156.591870295  244.870480098
75.9  156.58826529  244.926052508
76.0  156.584476422  244.981100849
76.1  156.580505369  245.035633716
76.2  156.57635386  245.08965983
76.3  156.572023675  245.143188041
76.4  156.567516645  245.196227338
76.5  156.562834651  245.248786826
76.6  156.557979622  245.30087569
76.7  156.552953537  245.352503285
76.8  156.547758423  245.403679052
76.9  156.542396352  245.454412511
77.0  156.536869444  245.504713317
77.1  156.531179865  245.554591169
77.2  156.525329826  245.604055888
77.3  156.519321581  245.653117358
77.4  156.513157429  245.70178557
77.5  156.506839712  245.750070547
77.6  156.500370811  245.797982379
77.7  156.493753151  245.845531247
77.8  156.486989198  245.892727354
77.9  156.480081457  245.939580989
78.0  156.473032469  245.986102447
78.1  156.465844817  246.032302074
78.2  156.458521119  246.078190261
78.3  156.45106403  246.123777423
78.4  156.443476241  246.169074009
78.5  156.435760476  246.214090446
78.6  156.427919496  246.258837247
78.7  156.419956091  246.303324856
78.8  156.411873087  246.347563766
78.9  156.403673337  246.391564464
79.0  156.395359729  246.435337393
79.1  156.386935176  246.478893062
79.2  156.378402623  246.522241879
79.3  156.369765041  246.565394282
79.4  156.361025429  246.608360645
79.5  156.352186809  246.651151367
79.6  156.343252231  246.69377674
79.7  156.334224768  246.736247065
79.8  156.325107514  246.778572594
79.9  156.315903589  246.820763488
80.0  156.306616131  246.862829915
80.1  156.297248299  246.904781896
80.2  156.287803272  246.946629478
80.3  156.278284247  246.988382557
80.4  156.268694437  247.030051049
80.5  156.259037074  247.071644681
80.6  156.249315404  247.113173181
80.7  156.239532685  247.154646153
80.8  156.229692194  247.196073081
80.9  156.219797216  247.237463439
81.0  156.209851048  247.27882649
81.1  156.199857  247.320171481
81.2  156.189818389  247.361507483
81.3  156.179738542  247.402843494
81.4  156.169620794  247.444188414
81.5  156.159468484  247.485550938
81.6  156.14928496  247.526939708
81.7  156.139073572  247.568363209
81.8  156.128837675  247.609829812
81.9  156.118580627  247.651347688
82.0  156.108305787  247.692924941
82.1  156.098016515  247.734569484
82.2  156.08771617  247.776289113
82.3  156.077408109  247.818091454
82.4  156.06709569  247.859983946
82.5  156.056782265  247.901973939
82.6  156.046471182  247.944068481
82.7  156.036165785  247.986274634
82.8  156.025869411  248.028599215
82.9  156.015585389  248.071048809
83.0  156.005317042  248.113629865
83.1  155.995067681  248.156348708
83.2  155.98484061  248.199211399
83.3  155.974639121  248.242223854
83.4  155.964466493  248.285391801
83.5  155.954325992  248.328720715
83.6  155.944220871  248.372215981
83.7  155.934154368  248.415882783
83.8  155.924129704  248.459725966
83.9  155.914150086  248.503750279
84.0  155.904218701  248.547960323
84.1  155.894338718  248.592360369
84.2  155.884513286  248.636954567
84.3  155.874745534  248.681746805
84.4  155.86503857  248.726740759
84.5  155.855395479  248.771939991
84.6  155.845819323  248.817347668
84.7  155.83631314  248.862966875
84.8  155.826879944  248.90880047
84.9  155.817522722  248.954851008
85.0  155.808244433  249.001120901
85.1  155.799048012  249.047612302
85.2  155.789936362  249.0943271
85.3  155.780912359  249.141267058
85.4  155.771978847  249.188433567
85.5  155.763138641  249.235828013
85.6  155.754394523  249.28345128
85.7  155.745749243  249.331304171
85.8  155.737205516  249.379387267
85.9  155.728766024  249.427700902
86.0  155.720433415  249.476245077
86.1  155.7122103  249.525019695
86.2  155.704099252  249.574024314
86.3  155.696102808  249.623258365
86.4  155.688223469  249.67272093
86.5  155.680463693  249.722410993
86.6  155.672825902  249.772327102
86.7  155.665312476  249.822467742
86.8  155.657925753  249.872831073
86.9  155.650668032  249.923415089
87.0  155.643541568  249.974217466
87.1  155.636548572  250.025235644
87.2  155.629691212  250.07646696
87.3  155.622971613  250.127908305
87.4  155.616391854  250.17955651
87.5  155.609953968  250.231408071
87.6  155.60365994  250.283459326
87.7  155.597511713  250.335706263
87.8  155.591511176  250.38814477
87.9  155.585660177  250.440770418
88.0  155.57996051  250.493578534
88.1  155.574413921  250.546564352
88.2  155.569022108  250.599722634
88.3  155.563786717  250.653048146
88.4  155.558709345  250.706535355
88.5  155.553791535  250.760178391
88.6  155.54903478  250.813971274
88.7  155.544440522  250.867907846
88.8  155.540010148  250.921981552
88.9  155.535744993  250.976185844
89.0  155.531646339  251.030513745
89.1  155.527715412  251.084958132
89.2  155.523953385  251.139511757
89.3  155.520361378  251.194167057
89.4  155.516940453  251.248916297
89.5  155.513691617  251.303751545
89.6  155.510615823  251.358664625
89.7  155.507713967  251.413647202
89.8  155.504986887  251.468690637
89.9  155.502435366  251.523786274
90.0  155.50006013  251.578925078
90.1  155.497861848  251.634097912
90.2  155.495841129  251.689295437
90.3  155.493998527  251.744508193
90.4  155.492334539  251.799726366
90.5  155.490849599  251.854940058
90.6  155.489544086  251.910139236
90.7  155.488418323  251.965313502
90.8  155.487472569  252.020452679
90.9  155.486707028  252.07554598
91.0  155.486121843  252.13058265
91.1  155.485717101  252.18555167
91.2  155.485492826  252.24044204
91.3  155.485448984  252.295242526
91.4  155.485585485  252.349941629
91.5  155.485902176  252.40452779
91.6  155.486398848  252.458989206
91.7  155.487075228  252.513314168
91.8  155.487930989  252.567490554
91.9  155.488965743  252.621506275
92.0  155.490179042  252.675348941
92.1  155.49157038  252.729006234
92.2  155.493139192  252.782465587
92.3  155.494884851  252.835714345
92.4  155.496806679  252.888739586
92.5  155.498903931  252.941528626
92.6  155.501175809  252.994068246
92.7  155.503621455  253.046345442
92.8  155.506239952  253.098346924
92.9  155.509030327  253.150059327
93.0  155.511991549  253.201469347
93.1  155.515122529  253.252563273
93.2  155.51842212  253.303327695
93.3  155.521889122  253.35374873
93.4  155.525522274  253.403812766
93.5  155.529320262  253.453505872
93.6  155.533281714  253.502814096
93.7  155.537405204  253.551723433
93.8  155.54168925  253.60021993
93.9  155.546132316  253.648289316
94.0  155.550732811  253.695917569
94.1  155.55548909  253.743090473
94.2  155.560399455  253.78979356
94.3  155.565462155  253.836012778
94.4  155.570675385  253.881733627
94.5  155.576037291  253.92694172
94.6  155.581545964  253.971622778
94.7  155.587199446  254.015762166
94.8  155.592995727  254.059345655
94.9  155.59893275  254.102358682
95.0  155.605008403  254.144786676
95.1  155.611220531  254.186615275
95.2  155.617566929  254.22783001
95.3  155.624045343  254.268416284
95.4  155.63065347  254.30835965

#Gas points (r, v, dv)
1.01  174.16  40.45
2.18  163.96  35.62
3.31  229.83  27.21
4.51  276.37  11.28
5.68  273.69  11.81
6.75  265.81  15.93
7.89  267.96  11.81
9.06  277.63  11.81
10.22  271.54  12.17
11.36  261.69  11.46
12.46  242.54  8.59
13.57  244.87  10.02
14.8  228.22  9.67
15.94  261.34  5.37
18.21  233.59  8.95
19.31  217.12  18.62
20.51  209.79  3.76
21.62  218.56  15.21
29.85  219.27  8.77
36.48  253.46  7.16
37.62  230.01  6.62
39.86  227.15  7.52
39.95  229.47  9.13
40.96  245.58  3.76
42.16  230.91  3.4
43.33  235.2  4.47
44.4  239.14  1.79
45.73  236.28  2.51
49.86  226.79  2.51
52.51  231.98  3.58
53.68  236.46  2.68
54.75  232.7  3.94
55.76  224.28  2.86
57.02  227.68  6.26
58.19  231.09  7.52
59.83  229.65  1.25
62.67  235.56  13.42
66.08  227.15  6.98
67.06  242.72  2.68
68.45  243.97  2.33
69.58  243.62  3.58
70.66  244.51  5.73
71.79  239.32  3.4
73.05  252.03  9.67
79.78  246.66  0.72
86.78  232.7  9.13
87.79  238.07  7.52
89.65  251.49  0.72
99.38  254.87  1.25
109.75  248.24  1.79
120.12  239.1  3.22
129.57  224.6  1.79
139.55  220.48  3.58
149.39  220.3  1.07
159.5  219.76  0.54
169.08  222.81  1.61
179.19  227.82  2.15
189.17  233.01  2.68
199.14  237.67  3.04
208.86  242.33  3.22
219.23  248.06  3.94
6  274  5
7  274  5
8  274  5
9  274  5
10  274  5
190  240  5
191  240  5
192  240  5
193  240  5
194  240  5
