#SVE points (r, sigmaR, sigmaZ, sigmaPhi, sigmaMajRestored)
26.2  232.623855515  37.7473937548  175.765307647  93.7657194527
26.3  231.608853579  38.6294294614  174.942904401  93.6505716239
26.4  230.600845586  39.4806328568  174.126506922  93.5363586059
26.5  229.600269824  40.302670082  173.316437537  93.4231009544
26.6  228.60755704  41.0970253126  172.513012509  93.310819246
26.7  227.62312983  41.8650289678  171.716541579  93.1995340699
26.8  226.647402035  42.6078807001  170.927327536  93.089266019
26.9  225.680778173  43.3266682817  170.145665792  92.9800356812
27.0  224.72365286  44.0223832696  169.371843972  92.8718636305
27.1  223.776410275  44.6959340617  168.606141521  92.764770419
27.2  222.839423621  45.3481568801  167.848829317  92.6587765679
27.3  221.913054626  45.979825042  167.100169308  92.5539025589
27.4  220.997653043  46.5916568497  166.360414161  92.4501688262
27.5  220.093556187  47.1843223238  165.629806925  92.3475957478
27.6  219.201088487  47.7584489876  164.908580713  92.2462036372
27.7  218.320561061  48.3146268545  164.1969584  92.1460127355
27.8  217.452271313  48.8534127416  163.495152343  92.0470432025
27.9  216.596502556  49.3753340259  162.803364111  91.9493151092
28.0  215.753523662  49.8808919099  162.12178424  91.8528484296
28.1  214.923588728  50.3705642882  161.450592011  91.7576630324
28.2  214.106936784  50.8448082518  160.789955235  91.6637786737
28.3  213.303791507  51.3040623045  160.14003007  91.5712149883
28.4  212.514360983  51.7487483017  159.500960857  91.4799914827
28.5  211.738837484  52.1792731775  158.872879969  91.3901275271
28.6  210.977397272  52.5960304699  158.255907688  91.3016423478
28.7  210.230200444  52.9994016663  157.650152105  91.2145550195
28.8  209.497390791  53.3897574147  157.055709034  91.1288844583
28.9  208.779095695  53.7674585873  156.472661953  91.0446494139
29.0  208.075426057  54.1328572311  155.901081974  90.9618684624
29.1  207.386476239  54.4862974287  155.341027809  90.8805599995
29.2  206.712324062  54.828116043  154.792545795  90.8007422327
29.3  206.0530308  55.1586434093  154.255669901  90.722433175
29.4  205.408641244  55.4782039213  153.730421801  90.6456506376
29.5  204.779183746  55.7871165921  153.216810918  90.5704122229
29.6  204.164670338  56.0856955206  152.714834534  90.4967353182
29.7  203.565096844  56.3742503324  152.22447789  90.4246370889
29.8  202.98044304  56.653086558  151.745714321  90.3541344717
29.9  202.410672834  56.9225059762  151.278505408  90.2852441687
30.0  201.855734476  57.1828069165  150.822801148  90.2179826404
30.0  201.855734476  57.1828069167  150.822801148  90.2179826404
30.1  201.315560781  57.4342845316  150.37854014  90.1523660999
30.2  200.790069397  57.6772310297  149.945649796  90.0884105067
30.3  200.279163073  57.9119358904  149.524046559  90.0261315604
30.4  199.782729977  58.1386860418  149.113636148  89.9655446952
30.5  199.300644015  58.3577660181  148.714313819  89.9066650736
30.6  198.832765167  58.5694581102  148.325964619  89.8495075809
30.7  198.378939867  58.7740424665  147.948463688  89.7940868196
30.8  197.939001385  58.9717971995  147.581676549  89.7404171039
30.9  197.512770219  59.1629984681  147.225459421  89.688512454
31.0  197.10005452  59.3479205408  146.879659535  89.6383865912
31.1  196.700650518  59.5268358492  146.544115471  89.5900529324
31.2  196.314342968  59.7000150236  146.218657493  89.5435245852
31.3  195.940905616  59.8677269135  145.903107909  89.4988143426
31.4  195.580101649  60.0302386097  145.597281412  89.4559346788
31.5  195.231684186  60.1878154359  145.300985451  89.4148977436
31.6  194.895396755  60.3407209454  145.0140206  89.3757153584
31.7  194.570973793  60.4892168932  144.736180931  89.3383990113
31.8  194.25814113  60.6335632213  144.467254377  89.3029598528
31.9  193.9566165  60.7740180064  144.207023126  89.2694086917
32.0  193.666110041  60.9108374226  143.95526399  89.2377559906
32.1  193.386324804  61.0442756824  143.711748791  89.2080118617
32.2  193.116957254  61.1745849789  143.476244735  89.1801860634
32.3  192.85769778  61.3020154129  143.248514796  89.1542879959
32.4  192.608231191  61.4268149225  143.028318085  89.1303266977
32.5  192.368237241  61.5492291881  142.815410245  89.1083108419
32.6  192.137391087  61.6695015653  142.609543787  89.0882487329
32.7  191.915363828  61.7878729661  142.410468497  89.0701483027
32.8  191.701822947  61.9045817849  142.21793176  89.0540171077
32.9  191.496432833  62.0198637711  142.03167895  89.0398623257
33.0  191.298855227  62.1339519357  141.851453759  89.0276907528
33.1  191.108749711  62.2470764247  141.676998563  89.0175088003
33.2  190.92577415  62.3594644147  141.508054738  89.009322492
33.3  190.749585147  62.4713399835  141.344363008  89.0031374617
33.4  190.579838491  62.5829239843  141.185663768  88.9989589502
33.5  190.416189576  62.6944339249  141.031697393  88.9967918032
33.6  190.258293833  62.8060838303  140.882204556  88.9966404687
33.7  190.105807133  62.9180841158  140.736926522  88.998508995
33.8  189.958386195  63.0306414465  140.59560545  89.0024010283
33.9  189.815688956  63.1439586148  140.457984656  89.0083198109
34.0  189.677374982  63.2582343828  140.323808923  89.0162681794
34.1  189.543105784  63.3736633752  140.192824723  89.0262485626
34.2  189.412545228  63.4904359112  140.064780517  89.03826298
34.3  189.285359844  63.6087378882  139.939426983  89.0523130404
34.4  189.161219153  63.7287506475  139.816517245  89.0683999404
34.5  189.03979601  63.8506508292  139.695807129  89.0865244629
34.6  188.920766899  63.9746102479  139.577055372  89.1066869759
34.7  188.803812222  64.1007957653  139.460023828  89.1288874319
34.8  188.688616606  64.2293691563  139.344477694  89.1531253663
34.9  188.574869159  64.3604869916  139.230185687  89.1793998969
35.0  188.462263732  64.4943005226  139.116920237  89.2077097229
35.1  188.350499187  64.6309555554  139.004457676  89.2380531245
35.2  188.239279622  64.770592352  138.892578396  89.2704279625
35.3  188.128314605  64.9133455227  138.781067019  89.3048316773
35.4  188.017319405  65.0593439216  138.669712556  89.3412612892
35.5  187.90601517  65.2087105717  138.558308538  89.3797133978
35.6  187.794129184  65.3615625491  138.446653192  89.4201841822
35.7  187.681394985  65.5180109403  138.334549526  89.4626694008
35.8  187.567552621  65.678160733  138.221805508  89.5071643917
35.9  187.45234873  65.842110799  138.108234121  89.5536640726
36.0  187.335536797  66.0099537893  137.99365354  89.6021629413
36.1  187.216877261  66.18177611  137.877887211  89.6526550763
36.2  187.096137616  66.3576579068  137.760763912  89.7051341371
36.3  186.973092648  66.5376729815  137.642117925  89.759593365
36.4  186.847524456  66.7218888265  137.521789041  89.816025584
36.5  186.719222637  66.9103665788  137.399622692  89.8744232012
36.6  186.587984385  67.1031610238  137.275470014  89.9347782085
36.7  186.453614585  67.3003206053  137.149187913  89.997082183
36.8  186.315925889  67.5018874546  137.020639108  90.0613262886
36.9  186.174738855  67.7078973879  136.889692233  90.127501277
37.0  186.029881963  67.9183799737  136.756221837  90.1955974893
37.1  185.881191748  68.1333585484  136.620108476  90.2656048575
37.2  185.728512826  68.352850288  136.481238727  90.3375129058
37.3  185.571697996  68.5768662519  136.339505255  90.4113107525
37.4  185.410608221  68.8054114874  136.19480679  90.4869871118
37.5  185.24511273  69.0384850818  136.047048198  90.5645302956
37.6  185.075089076  69.2760802427  135.896140518  90.6439282153
37.7  184.900423098  69.5181844267  135.742000926  90.7251683842
37.8  184.721009011  69.7647794157  135.58455279  90.8082379193
37.9  184.536749385  70.0158414438  135.423725658  90.893123544
38.0  184.347555194  70.2713413033  135.259455277  90.9798115898
38.1  184.153345802  70.531244476  135.091683588  91.0682879994
38.2  183.954048952  70.7955112739  134.920358698  91.1585383287
38.3  183.749600815  71.0640969495  134.745434923  91.2505477496
38.4  183.539945916  71.3369518688  134.56687272  91.3443010529
38.5  183.325037155  71.6140216424  134.384638696  91.4397826507
38.6  183.104835772  71.8952472826  134.198705582  91.5369765795
38.7  182.87931133  72.1805653544  134.009052211  91.6358665031
38.8  182.648441679  72.4699081385  133.815663487  91.7364357157
38.9  182.412212889  72.7632038061  133.618530329  91.8386671447
39.0  182.170619251  73.060376564  133.417649668  91.9425433546
39.1  181.923663205  73.3613468321  133.21302439  92.0480465494
39.2  181.671355251  73.6660314291  133.004663263  92.1551585767
39.3  181.413713927  73.9743437259  132.792580916  92.2638609307
39.4  181.150765754  74.2861938131  132.576797796  92.3741347559
39.5  180.882545084  74.6014887076  132.357340052  92.4859608506
39.6  180.609094102  74.9201324929  132.134239528  92.5993196707
39.7  180.330462697  75.2420265095  131.907533669  92.7141913333
39.8  180.046708367  75.5670695323  131.677265442  92.8305556206
39.9  179.757896164  75.8951579221  131.443483298  92.9483919838
40.0  179.464098517  76.2261858325  131.20624103  93.0676795469
40.1  179.165395165  76.5600453588  130.965597729  93.1883971112
40.2  178.861873082  76.8966266922  130.721617717  93.3105231586
40.3  178.55362625  77.2358183283  130.474370384  93.4340358565
40.4  178.240755623  77.5775071965  130.223930154  93.5589130618
40.5  177.923368932  77.9215788455  129.970376339  93.6851323249
40.6  177.601580593  78.2679175839  129.713793071  93.8126708947
40.7  177.275511571  78.6164066335  129.454269198  93.9415057223
40.8  176.945289105  78.9669283323  129.19189808  94.0716134659
40.9  176.611046727  79.3193642146  128.926777601  94.2029704955
41.0  176.272923985  79.673595203  128.65900996  94.335552897
41.1  175.931066293  80.0295017445  128.388701565  94.4693364774
41.2  175.585624732  80.3869639592  128.115962881  94.604296769
41.3  175.236755967  80.7458617386  127.840908369  94.7404090348
41.4  174.884621954  81.1060749193  127.563656268  94.8776482726
41.5  174.529389796  81.4674833923  127.284328491  95.0159892205
41.6  174.171231499  81.829967245  127.003050441  95.1554063616
41.7  173.810323884  82.1934068379  126.71995095  95.295873929
41.8  173.446848232  82.5576829748  126.435162013  95.4373659107
41.9  173.080990167  82.9226769799  126.148818708  95.5798560549
42.0  172.712939421  83.28827081  125.861059016  95.7233178753
42.1  172.342889516  83.654347194  125.572023593  95.8677246555
42.2  171.971037752  84.0207896505  125.281855759  96.0130494554
42.3  171.597584709  84.3874826811  124.990701135  96.1592651152
42.4  171.222734239  84.7543117771  124.698707635  96.3063442619
42.5  170.846693024  85.1211635787  124.406025144  96.4542593137
42.6  170.469670534  85.487925882  124.112805487  96.602982486
42.7  170.091878603  85.8544877824  123.819202122  96.7524857965
42.8  169.713531261  86.2207397159  123.525370013  96.9027410709
42.9  169.334844424  86.5865735481  123.231465409  97.0537199483
43.0  168.956035753  86.9518825989  122.93764574  97.2053938865
43.1  168.577324216  87.3165617649  122.644069298  97.357734168
43.2  168.198929935  87.6805075393  122.350895126  97.5107119055
43.3  167.821073941  88.0436180574  122.058282842  97.6642980472
43.4  167.443977784  88.4057931881  121.766392353  97.8184633828
43.5  167.067863403  88.7669345335  121.475383765  97.9731785492
43.6  166.692952684  89.1269455273  121.185417059  98.1284140361
43.7  166.319467405  89.4857314028  120.896652057  98.2841401916
43.8  165.947628688  89.843199318  120.609248021  98.4403272282
43.9  165.577657027  90.1992582904  120.323363672  98.5969452288
44.0  165.20977169  90.5538193298  120.039156767  98.753964152
44.1  164.844190777  90.9067953586  119.756784131  98.9113538382
44.2  164.481130645  91.2581013307  119.476401248  99.0690840156
44.3  164.120805833  91.6076541881  119.198162211  99.2271243057
44.4  163.763428722  91.9553729014  118.922219466  99.3854442298
44.5  163.409209179  92.3011785102  118.648723567  99.5440132142
44.6  163.058354496  92.6449940697  118.377823129  99.7028005965
44.7  162.711068973  92.986744709  118.109664527  99.8617756318
44.8  162.367553632  93.3263576449  117.844391692  100.020907498
44.9  162.028006124  93.6637621337  117.582146047  100.180165302
45.0  161.692620255  93.9988895434  117.323066162  100.339518087
45.0  161.692620256  93.998889543  117.323066163  100.339518087
45.1  161.361585934  94.3316732897  117.067287726  100.498934836
45.2  161.035088857  94.6620488592  116.81494331  100.658384478
45.3  160.71331022  94.9899538153  116.566162172  100.817835899
45.4  160.396426563  95.3153277717  116.321070141  100.977257939
45.5  160.08460958  95.6381123715  116.079789483  101.136619407
45.6  159.778025712  95.958251332  115.842438611  101.295889082
45.7  159.476836247  96.2756903418  115.609132156  101.455035718
45.8  159.181196871  96.5903771186  115.379980652  101.614028056
45.9  158.891257442  96.9022614003  115.155090367  101.772834822
46.0  158.607162094  97.2112948459  114.93456339  101.93142474
46.1  158.329048798  97.5174310913  114.718497307  102.089766535
46.2  158.057049364  97.8206256802  114.506985216  102.247828936
46.3  157.79128911  98.1208360919  114.30011548  102.405580689
46.4  157.531886989  98.4180216416  114.097971832  102.562990557
46.5  157.278955093  98.712143556  113.900633011  102.720027327
46.6  157.032598893  99.0031648468  113.708172945  102.876659821
46.7  156.792916936  99.2910503356  113.520660533  103.032856893
46.8  156.560000611  99.5757666643  113.338159479  103.188587444
46.9  156.333934593  99.8572821179  113.160728614  103.34382042
47.0  156.114796107  100.135566776  112.988421373  103.498524826
47.1  155.902655109  100.410592416  112.821285921  103.652669725
47.2  155.697574666  100.682332359  112.659365441  103.806224247
47.3  155.499610125  100.950761661  112.502697527  103.959157594
47.4  155.308809796  101.215856876  112.351314687  104.111439047
47.5  155.125214418  101.477596174  112.205243957  104.263037971
47.6  154.948857529  101.735959198  112.064507175  104.41392382
47.7  154.779765191  101.990927108  111.92912078  104.564066146
47.8  154.617956257  102.242482483  111.799096014  104.713434599
47.9  154.46344224  102.490609326  111.674438826  104.86199894
48.0  154.316227319  102.735293038  111.555149884  105.00972904
48.1  154.176308524  102.976520352  111.441224704  105.15659489
48.2  154.043675716  103.214279318  111.332653646  105.302566604
48.3  153.918311631  103.448559274  111.229421945  105.447614428
48.4  153.800192247  103.67935074  111.131509978  105.591708741
48.5  153.68928631  103.906645528  111.038892927  105.734820065
48.6  153.585555959  104.130436576  110.951541231  105.876919069
48.7  153.488956485  104.350718002  110.869420415  106.017976572
48.8  153.399436794  104.567484981  110.792491426  106.157963552
48.9  153.31693926  104.780733784  110.720710531  106.29685115
49.0  153.241399923  104.990461729  110.65402946  106.434610675
49.1  153.1727487  105.196667129  110.592395562  106.57121361
49.2  153.110909333  105.399349312  110.535751767  106.706631618
49.3  153.055799858  105.598508509  110.484036932  106.840836546
49.4  153.007332389  105.794145919  110.43718568  106.973800429
49.5  152.965413855  105.986263531  110.395128938  107.1054955
49.6  152.929945357  106.174864305  110.357793474  107.23589419
49.7  152.900822846  106.359952008  110.325102387  107.364969136
49.8  152.877937731  106.541531085  110.296975546  107.492693185
49.9  152.861175869  106.719606924  110.273328867  107.6190394
50.0  152.850418852  106.894185553  110.254075237  107.743981063
50.1  152.845543556  107.065273774  110.239124196  107.867491684
50.2  152.846422719  107.232879041  110.228382348  107.989545
50.3  152.852924842  107.3970095  110.221753297  108.110114986
50.4  152.864914448  107.557673956  110.21913783  108.229175855
50.5  152.882252282  107.714881837  110.220434066  108.346702065
50.6  152.904795652  107.868643141  110.225537699  108.462668325
50.7  152.932398217  108.018968509  110.234341848  108.577049596
50.8  152.964910667  108.165869081  110.246737547  108.689821099
50.9  153.002180549  108.309356568  110.26261362  108.800958317
51.0  153.04405245  108.44944323  110.281856815  108.910437003
51.1  153.090368525  108.58614177  110.30435218  109.01823318
51.2  153.140968205  108.719465434  110.329982861  109.124323149
51.3  153.195688635  108.849427931  110.358630408  109.228683491
51.4  153.254365024  108.97604337  110.390175036  109.331291072
51.5  153.316830181  109.099326397  110.424495285  109.432123049
51.6  153.382915311  109.219292035  110.461468598  109.531156872
51.7  153.452450027  109.335955696  110.500971324  109.628370287
51.8  153.525262192  109.449333252  110.542878609  109.723741345
51.9  153.601178577  109.559440897  110.587064867  109.8172484
52.0  153.680024579  109.666295239  110.633403579  109.908870117
52.1  153.761624496  109.769913262  110.681767486  109.998585475
52.2  153.845801812  109.870312272  110.732028801  110.086373769
52.3  153.932378975  109.967509985  110.784059042  110.172214617
52.4  154.021178089  110.06152437  110.837729536  110.25608796
52.5  154.112020552  110.152373771  110.89291115  110.337974068
52.6  154.204727371  110.240076844  110.949474526  110.417853544
52.7  154.299119115  110.32465259  111.00729004  110.495707325
52.8  154.395016443  110.406120253  111.066228186  110.571516689
52.9  154.492239938  110.484499376  111.126159451  110.645263253
53.0  154.590609842  110.559809885  111.186954128  110.716928983
53.1  154.689947051  110.632071868  111.24848303  110.786496192
53.2  154.790072462  110.701305749  111.31061702  110.853947545
53.3  154.890807135  110.767532269  111.373227124  110.919266062
53.4  154.991972992  110.830772331  111.436185036  110.982435121
53.5  155.093392313  110.891047141  111.499362753  111.043438462
53.6  155.194887506  110.948378274  111.562632413  111.102260188
53.7  155.296282691  111.002787313  111.625867426  111.158884769
53.8  155.397401794  111.054296317  111.688941108  111.213297044
53.9  155.498069989  111.102927489  111.751727717  111.265482223
54.0  155.598113695  111.148703189  111.814102446  111.315425894
54.1  155.697359986  111.19164609  111.875941001  111.363114018
54.2  155.795636921  111.231779105  111.937119841  111.408532939
54.3  155.892773933  111.26912531  111.997516446  111.451669382
54.4  155.988601598  111.303708005  112.057009162  111.492510454
54.5  156.08295183  111.335550679  112.115477333  111.531043652
54.6  156.175657652  111.364677073  112.172801137  111.56725686
54.7  156.266554232  111.391110936  112.22886233  111.601138353
54.8  156.355477087  111.414876471  112.283542957  111.632676798
54.9  156.442264077  111.435997856  112.336726778  111.661861257
55.0  156.526754347  111.454499507  112.388298512  111.68868119
55.1  156.608788941  111.470405937  112.438144276  111.713126453
55.2  156.688210229  111.483741896  112.48615117  111.735187303
55.3  156.764862503  111.494532235  112.532207709  111.754854399
55.4  156.838591957  111.502801914  112.576203801  111.772118802
55.5  156.90924677  111.508575984  112.618030812  111.78697198
55.6  156.976676555  111.511879723  112.657581167  111.799405804
55.7  157.040733285  111.512738417  112.694749012  111.809412554
55.8  157.101271078  111.511177411  112.729430061  111.816984918
55.9  157.158145842  111.507222199  112.76152134  111.822115995
56.0  157.211215806  111.500898292  112.790921565  111.824799292
56.1  157.260341093  111.492231327  112.817530838  111.825028731
56.2  157.305384734  111.481246817  112.841251373  111.822798645
56.3  157.346211173  111.467970516  112.861986419  111.818103779
56.4  157.382687948  111.452428009  112.879641469  111.810939296
56.5  157.414684757  111.434644937  112.894123585  111.801300772
56.6  157.442073793  111.414646916  112.905341643  111.789184197
56.7  157.464729585  111.392459569  112.913206211  111.774585979
56.8  157.482529552  111.368108395  112.917629954  111.757502943
56.9  157.495353918  111.341618783  112.918527561  111.737932331
57.0  157.503084537  111.313016294  112.915814914  111.715871799
57.1  157.505607461  111.282326039  112.909410917  111.691319425
57.2  157.502810597  111.249573236  112.899235821  111.664273701
57.3  157.494584861  111.214782933  112.885212052  111.634733538
57.4  157.480824961  111.177979812  112.867264766  111.602698266
57.5  157.461427296  111.139188692  112.845320346  111.56816763
57.6  157.436292055  111.098434016  112.819307904  111.531141793
57.7  157.405322287  111.055740076  112.789158613  111.491621336
57.8  157.36842448  111.011130862  112.754806123  111.449607255
57.9  157.325508294  110.964630122  112.716186367  111.405100965
58.0  157.276486411  110.9162614  112.673237453  111.358104293
58.1  157.221275127  110.866047878  112.625900085  111.308619485
58.2  157.159794072  110.814012444  112.574117367  111.256649198
58.3  157.09196645  110.760177628  112.517834968  111.202196505
58.4  157.017718618  110.704565695  112.457000824  111.145264892
58.5  156.93698143  110.64719832  112.391566093  111.085858255
58.6  156.849688372  110.588097029  112.321483828  111.023980904
58.7  156.75577675  110.527282908  112.24670982  110.959637556
58.8  156.655188369  110.464776432  112.167203084  110.892833339
58.9  156.547868368  110.400597744  112.082925026  110.823573788
59.0  156.43376579  110.33476651  111.993839847  110.751864845
59.1  156.312833694  110.267301889  111.899914627  110.677712855
59.2  156.185029407  110.198222463  111.801119498  110.601124569
59.3  156.050313655  110.127546449  111.697427027  110.522107138
59.4  155.908651556  110.055291446  111.588812923  110.440668116
59.5  155.760013004  109.981474346  111.475256311  110.356815453
59.6  155.604371027  109.906111723  111.356738555  110.270557498
59.7  155.441703738  109.829219357  111.233244656  110.181902995
59.8  155.271993143  109.75081252  111.104762396  110.09086108
59.9  155.095225482  109.670905891  110.971282579  109.997441282
60.0  154.911392631  109.589513213  110.83280004  109.901653518
60.0  154.911392759  109.589513183  110.832800131  109.901653518
60.1  154.720488945  109.506648056  110.689311377  109.803508093
60.2  154.522514863  109.422322938  110.540817534  109.703015698
60.3  154.317474449  109.336549924  110.387322043  109.600187404
60.4  154.105376447  109.249340366  110.228831771  109.495034665
60.5  153.886234985  109.160704733  110.065357429  109.387569311
60.6  153.660066766  109.070653287  109.896911557  109.27780355
60.7  153.426896499  108.979194776  109.723512412  109.165749961
60.8  153.186750183  108.886338048  109.545179163  109.051421493
60.9  152.939660892  108.792090665  109.361936022  108.934831464
61.0  152.685665321  108.696459728  109.17380978  108.815993556
61.1  152.424804785  108.599451644  108.980830517  108.694921814
61.2  152.157126163  108.501071898  108.783032277  108.571630641
61.3  151.88268037  108.40132542  108.580451973  108.446134797
61.4  151.601523578  108.300216301  108.373130265  108.318449394
61.5  151.313716042  108.197748073  108.161110711  108.188589895
61.6  151.019324041  108.093923246  107.944441159  108.05657211
61.7  150.71841776  107.988743824  107.723172233  107.922412193
61.8  150.411071932  107.882211151  107.497357788  107.786126635
61.9  150.097367032  107.774325633  107.267055765  107.647732268
62.0  149.777388056  107.665087035  107.032327316  107.507246255
62.1  149.451223759  107.554494662  106.793236262  107.36468609
62.2  149.118968851  107.442546849  106.549850655  107.220069594
62.3  148.780721876  107.329241467  106.302241268  107.073414908
62.4  148.436586147  107.214575706  106.050482262  106.924740495
62.5  148.086671807  107.098545601  105.794652652  106.774065132
62.6  147.731089528  106.981147516  105.534831812  106.621407908
62.7  147.369958282  106.862376326  105.271105021  106.466788219
62.8  147.003399072  106.742226896  105.003558987  106.310225764
62.9  146.631539523  106.620693013  104.732285122  106.151740545
63.0  146.254509237  106.497768476  104.45737623  105.991352855
63.1  145.872444908  106.373445912  104.178930153  105.829083282
63.2  145.485485555  106.247717893  103.897046369  105.6649527
63.3  145.093775509  106.120576248  103.611828126  105.498982267
63.4  144.697461781  105.992012682  103.32338056  105.331193418
63.5  144.296697555  105.862017969  103.03181319  105.161607865
63.6  143.891638898  105.730582727  102.737237565  104.990247587
63.7  143.482445799  105.597697179  102.439768012  104.817134833
63.8  143.069281576  105.463351296  102.139521206  104.64229211
63.9  142.652315389  105.327534229  101.836617965  104.465742182
64.0  142.231717521  105.190235393  101.531179885  104.287508066
64.1  141.807662909  105.051443666  101.223331855  104.107613027
64.2  141.380330388  104.911147565  100.91320152  103.92608057
64.3  140.949901792  104.769335457  100.600918638  103.742934442
64.4  140.516560966  104.625995787  100.286614376  103.558198621
64.5  140.080496123  104.481116545  99.9704229897  103.371897313
64.6  139.641898805  104.334685501  99.6524810831  103.184054948
64.7  139.200961379  104.186690783  99.3329258221  102.994696176
64.8  138.75788182  104.037119784  99.0118983467  102.803845858
64.9  138.31285666  103.885960767  98.6895387387  102.611529067
65.0  137.866089859  103.733200854  98.3659923534  102.417771078
65.1  137.417781637  103.578828547  98.0414018502  102.222597363
65.2  136.968139211  103.422831305  97.7159148514  102.02603359
65.3  136.517368475  103.265197411  97.3896780108  101.828105614
65.4  136.065679487  103.105914741  97.0628409221  101.628839474
65.5  135.613281907  102.944971775  96.7355528715  101.428261385
65.6  135.160388411  102.782356833  96.4079652668  101.226397737
65.7  134.707212043  102.618058656  96.0802297523  101.023275086
65.8  134.253964189  102.452066846  95.7524967644  100.818920149
65.9  133.800861801  102.284370253  95.4249206816  100.6133598
66.0  133.34811923  102.11495878  95.0976540021  100.406621067
66.1  132.895952042  101.94382252  94.7708500637  100.19873112
66.2  132.444576082  101.770951958  94.4446623796  99.9897172704
66.3  131.99420681  101.596338095  94.1192441611  99.7796069654
66.4  131.545059811  101.419972329  93.7947486855  99.5684277804
66.5  131.097348211  101.241847  93.4713274524  99.356207415
66.6  130.651288432  101.061954113  93.1491342862  99.1429736865
66.7  130.20709266  100.880286973  92.8283199689  98.9287545252
66.8  129.764973158  100.696839219  92.5090353139  98.713577968
66.9  129.325139935  100.511605314  92.1914295042  98.4974721532
67.0  128.887804452  100.324579714  91.8756527377  98.2804653149
67.1  128.453171123  100.1357587  91.561850166  98.0625857767
67.2  128.021444234  99.9451388454  91.2501668284  97.8438619468
67.3  127.592832412  99.7527160271  90.9407508383  97.6243223118
67.4  127.167529765  99.5584894896  90.63373994  97.4039954312
67.5  126.745737256  99.3624571845  90.3292767465  97.1829099312
67.6  126.327648198  99.16461889  90.0274983964  96.9610944997
67.7  125.913454227  98.9649748873  89.7285408189  96.7385778798
67.8  125.50334407  98.7635262032  89.4325378499  96.5153888644
67.9  125.097500615  98.5602752115  89.1396191486  96.2915562903
68.0  124.696104328  98.3552248679  88.8499126334  96.0671090324
68.1  124.299332502  98.1483788454  88.5635439466  95.8420759979
68.2  123.907357152  97.939741958  88.2806349525  95.6164861204
68.3  123.520345745  97.7293199723  88.0013042635  95.390368354
68.4  123.138456696  97.517120542  87.7256640305  95.1637516678
68.5  122.76185396  97.3031500605  87.4538303365  94.9366650399
68.6  122.390686436  97.0874180329  87.185908529  94.7091374511
68.7  122.025100202  96.8699344323  86.9220019354  94.4811978798
68.8  121.66523924  96.6507095193  86.6622123777  94.2528752956
68.9  121.31123814  96.4297553683  86.4066349811  94.0241986537
69.0  120.963228592  96.2070844578  86.1553627955  93.7951968893
69.1  120.621329683  95.9827117066  85.908479887  93.5658989111
69.2  120.285664676  95.7566508802  85.66607329  93.3363335956
69.3  119.956342136  95.5289185791  85.4282195638  93.1065297824
69.4  119.633466541  95.2995319565  85.1949923526  92.8765162667
69.5  119.317134388  95.0685095234  84.966459613  92.6463217944
69.6  119.007440435  94.8358698017  84.7426880589  92.4159750565
69.7  118.704468833  94.6016331845  84.5237368485  92.1855046827
69.8  118.408294475  94.3658216288  84.309658547  91.9549392356
69.9  118.118989012  94.1284573616  84.1005034097  91.7243072059
70.0  117.836616532  93.8895637801  83.8963163051  91.4936370056
70.1  117.561232817  93.6491655906  83.6971361914  91.2629569624
70.2  117.292884933  93.4072888838  83.5029958205  91.0322953145
70.3  117.031616732  93.1639599542  83.3139256594  90.8016802045
70.4  116.777463831  92.9192063533  83.1299503142  90.5711396738
70.5  116.530449334  92.6730577883  82.9510854892  90.3407016567
70.6  116.290595695  92.4255435976  82.7773464291  90.1103939756
70.7  116.057915164  92.1766947715  82.6087411188  89.8802443341
70.8  115.832412375  91.9265433985  82.4452721308  89.6502803123
70.9  115.614086748  91.6751221524  82.2869383313  89.4205293611
71.0  115.402925062  91.4224658722  82.1337295963  89.1910187966
71.1  115.198915512  91.168608569  81.9856368185  88.9617757941
71.2  115.002034296  90.9135862845  81.8426423599  88.7328273834
71.3  114.812247964  90.6574365985  81.7047217268  88.5042004431
71.4  114.629522942  90.4001965989  81.5718503457  88.2759216947
71.5  114.453812761  90.1419056186  81.4439944763  88.0480176976
71.6  114.285068696  89.8826029685  81.3211187871  87.8205148441
71.7  114.123229958  89.6223300505  81.2031793695  87.593439353
71.8  113.968241212  89.3611266081  81.09013621  87.3668172657
71.9  113.820024668  89.0990367349  80.9819333306  87.1406744397
72.0  113.678508868  88.8361027034  80.878519269  86.9150365439
72.1  113.543612219  88.5723685193  80.7798353683  86.6899290539
72.2  113.41524797  88.3078788686  80.6858193136  86.4653772459
72.3  113.293321654  88.0426796898  80.5964033145  86.2414061923
72.4  113.177736235  87.776817078  80.5115177691  86.0180407568
72.5  113.068388805  87.5103380191  80.4310889117  85.7953055886
72.6  112.965171859  87.2432901328  80.3550397225  85.573225118
72.7  112.867973597  86.9757216289  80.2832901402  85.3518235516
72.8  112.776674896  86.7076819905  80.215754912  85.1311248671
72.9  112.691156738  86.4392203711  80.1523488749  84.9111528088
73.0  112.61129111  86.1703876121  80.0929804838  84.6919308825
73.1  112.536950888  85.9012340944  80.0375588416  84.4734823511
73.2  112.468002927  85.6318112788  79.9859887873  84.25583023
73.3  112.404309742  85.3621713638  79.938172087  84.0389972817
73.4  112.345733725  85.0923663716  79.8940104384  83.8230060128
73.5  112.292132798  84.8224491323  79.8534023748  83.6078786677
73.6  112.243363775  84.5524725592  79.8162456604  83.3936372258
73.7  112.199277402  84.2824907788  79.7824337596  83.1803033961
73.8  112.159725355  84.0125575887  79.7518608147  82.9678986132
73.9  112.124552226  83.7427282772  79.7244159477  82.7564440333
74.0  112.093612891  83.4730557295  79.699995611  82.5459605294
74.1  112.06674387  83.2035969087  79.678483221  82.336468688
74.2  112.04379543  82.9344056219  79.6597719836  82.1279888041
74.3  112.024611062  82.6655371734  79.6437503059  81.9205408785
74.4  112.009029066  82.3970480375  79.6303029184  81.7141446121
74.5  111.996892399  82.1289936272  79.6193178808  81.5088194039
74.6  111.988045672  81.8614289828  79.6106844433  81.3045843462
74.7  111.982322881  81.5944116126  79.6042843255  81.1014582208
74.8  111.979572244  81.3279957835  79.6000093742  80.8994594958
74.9  111.979633696  81.062237716  79.5977455629  80.698606322
75.0  111.982346966  80.797193739  79.5973787326  80.498916529
75.0  111.982344477  80.7971943198  79.5973769637  80.498916529
75.1  111.987553652  80.5329198143  79.59879607  80.3004076223
75.2  111.99509448  80.2694721827  79.6018841559  80.1030967795
75.3  112.004816661  80.0069056421  79.6065341948  79.9070008476
75.4  112.016565784  79.745275446  79.6126362531  79.7121363392
75.5  112.030183104  79.4846379603  79.6200773303  79.5185194296
75.6  112.045518999  79.2250474831  79.6287509248  79.3261659541
75.7  112.062422624  78.9665586851  79.6385496781  79.1350914047
75.8  112.080744582  78.7092259788  79.6493672735  78.9453109273
75.9  112.10033824  78.4531031989  79.6610993731  78.7568393188
76.0  112.121051469  78.1982455887  79.673637745  78.5696910249
76.1  112.142745662  77.944705219  79.6868837779  78.3838801369
76.2  112.165282176  77.6925342277  79.7007388478  78.1994203896
76.3  112.188517692  77.441785952  79.7151010195  78.0163251584
76.4  112.212317003  77.1925118199  79.729874132  77.8346074576
76.5  112.236544533  76.8649250169  79.7449617749  77.5970477967
76.6  112.261067112  76.797157239  79.7602692572  77.5506049882
76.7  112.285763012  76.7294492084  79.7757100274  77.5042582934
76.8  112.310500092  76.6618008725  79.7911901457  77.4579836018
76.9  112.335153715  76.5942121786  79.8066210129  77.4117580995
77.0  112.359609797  76.526683074  79.8219215379  77.3655608332
77.1  112.383744633  76.4592135064  79.8370038024  77.3193690239
77.2  112.407447967  76.3918034231  79.8517894507  77.273162287
77.3  112.430612423  76.3244527717  79.8662021821  77.226920705
77.4  112.45312522  76.2571614999  79.8801618629  77.1806233092
77.5  112.474880534  76.1899295553  79.8935933102  77.1342503472
77.6  112.495780447  76.1227568856  79.9064269651  77.0877834626
77.7  112.515730247  76.0556434385  79.9185955503  77.0412048368
77.8  112.534629718  75.9885891618  79.9300278872  76.9944955899
77.9  112.552390505  75.9215940034  79.9406612284  76.9476389758
78.0  112.56892874  75.8546579111  79.9504360183  76.9006190316
78.1  112.584157027  75.7877808328  79.9592902012  76.8534191049
78.2  112.597993556  75.7209627165  79.9671656955  76.806023534
78.3  112.610370801  75.6542035103  79.9740145675  76.7584192586
78.4  112.621205577  75.5875031622  79.9797777676  76.710590298
78.5  112.630431133  75.5208616202  79.9844079231  76.6625236763
78.6  112.637985303  75.4542788327  79.9878609189  76.6142072411
78.7  112.643805889  75.3877547476  79.9900926227  76.5656288138
78.8  112.64782955  75.3212893134  79.9910580933  76.516775984
78.9  112.650011706  75.2548824783  79.9907257144  76.4676398002
79.0  112.650288644  75.1885341906  79.9890502887  76.4182077536
79.1  112.648623845  75.1222443987  79.9860059278  76.3684723649
79.2  112.644972839  75.0560130511  79.9815611023  76.3184246757
79.3  112.639286449  74.9898400961  79.9756809424  76.2680548472
79.4  112.63153658  74.9237254824  79.9683455485  76.217356953
79.5  112.621687329  74.8576691585  79.9595294777  76.1663236174
79.6  112.609709986  74.791671073  79.9492123973  76.1149488042
79.7  112.595579703  74.7257311745  79.9373767162  76.0632272006
79.8  112.579281926  74.6598494118  79.9240121528  76.0111554182
79.9  112.560788049  74.5940257336  79.9090984488  75.9587274601
80.0  112.540086134  74.5282600886  79.8926271808  75.9059404443
80.1  112.517165487  74.4625524258  79.8745908073  75.8527917335
80.2  112.492025734  74.396902694  79.8549891143  75.7992806306
80.3  112.46465538  74.3313108422  79.8338139906  75.7454043786
80.4  112.435046848  74.2657768192  79.8110601076  75.6911609665
80.5  112.403220781  74.2003005742  79.7867421668  75.6365536726
80.6  112.369171596  74.1348820561  79.7608562525  75.5815808954
80.7  112.332909969  74.0695212141  79.7334099888  75.5262440905
80.8  112.294448953  74.0042179973  79.7044126866  75.4705451787
80.9  112.253811186  73.938972355  79.673880457  75.4144878953
81.0  112.211006357  73.8737842363  79.6418202189  75.3580735742
81.1  112.166061553  73.8086535906  79.6082512389  75.3013068273
81.2  112.11899993  73.7435803671  79.5731899891  75.2441915523
81.3  112.069855783  73.6785645153  79.5366608477  75.1867337565
81.4  112.018653954  73.6136059846  79.4986814793  75.1289376983
81.5  111.965432736  73.5487047244  79.4592790938  75.0708101787
81.6  111.910225493  73.4838606843  79.4184773991  75.0123570967
81.7  111.853085127  73.4190738137  79.3763139668  74.9535880375
81.8  111.794036292  73.3543440623  79.3328063173  74.8945073089
81.9  111.733134096  73.2896713798  79.2879935827  74.8351249526
82.0  111.670426071  73.2250557158  79.2419095128  74.7754496091
82.1  111.605965805  73.16049702  79.1945921524  74.7154910757
82.2  111.539802559  73.0959952423  79.1460764733  74.6552583564
82.3  111.471990718  73.0315503324  79.0964010787  74.5947614354
82.4  111.402590486  72.9671622401  79.0456086978  74.5340114068
82.5  111.331662781  72.9028309155  78.9937425623  74.4730195161
82.6  111.259260473  72.8385563085  78.9408401906  74.4117955124
82.7  111.185462206  72.774338369  78.8869573839  74.350354002
82.8  111.110324689  72.7101770471  78.8321343768  74.2887054843
82.9  111.033920909  72.6460722929  78.7764229484  74.2268635304
83.0  110.956303971  72.5820240565  78.7198607703  74.1648379872
83.1  110.877573716  72.518032288  78.6625186656  74.1026474972
83.2  110.797785147  72.4540969378  78.6044356421  74.0403022852
83.3  110.717006727  72.390217956  78.5456602563  73.9778151163
83.4  110.635324731  72.3263952929  78.4862536928  73.9152021119
83.5  110.552814083  72.262628899  78.4262690834  73.8524772688
83.6  110.469545203  72.1989187245  78.3657563573  73.7896537426
83.7  110.385617243  72.13526472  78.3047858241  73.7267500998
83.8  110.301074208  72.0716668358  78.2433886682  73.6637745406
83.9  110.216030972  72.0081250226  78.1816463432  73.6007485995
84.0  110.13054485  71.9446392309  78.1195994669  73.5376829893
84.1  110.044716924  71.8812094112  78.0573197006  73.4745966599
84.2  109.958616333  71.8178355144  77.994856043  73.4115025563
84.3  109.87232749  71.7545174909  77.9322683226  73.3484164995
84.4  109.785926314  71.6912552917  77.8696103401  73.2853527164
84.5  109.699505414  71.6280488674  77.80694773  73.2223285764
84.6  109.613138943  71.5648981689  77.7443330313  73.1593579793
84.7  109.526909158  71.5018031471  77.6818245296  73.0964563529
84.8  109.4409133  71.4387637528  77.6194911322  73.0336419469
84.9  109.355204968  71.3757799371  77.5573707907  72.970924802
85.0  109.269889565  71.3128516509  77.495538195  72.9083247106
85.1  109.185037185  71.2499788453  77.4340429878  72.8458548237
85.2  109.10071074  71.1871614713  77.3729297176  72.7835269443
85.3  109.017001259  71.1243994801  77.3122628675  72.7213581708
85.4  108.933998193  71.0616928229  77.2521058008  72.6593653107
85.5  108.851764786  70.9990414509  77.1925032902  72.5975602429
85.6  108.770357608  70.9364453153  77.1334953739  72.5359535956
85.7  108.689885047  70.8739043674  77.075158833  72.4745657583
85.8  108.610375218  70.8114185586  77.0175135219  72.413402015
85.9  108.531933127  70.7489878403  76.9606338188  72.3524821346
86.0  108.454602648  70.6866121639  76.9045507485  72.2918143835
86.1  108.378470629  70.6242914808  76.8493258059  72.2314151299
86.2  108.303588152  70.5620257426  76.7949951233  72.1712940169
86.3  108.230011812  70.4998149009  76.741598739  72.1114617357
86.4  108.157794354  70.4376589072  76.6891739621  72.0519282641
86.5  108.087002009  70.3755577131  76.6377676595  71.9927061321
86.6  108.017686147  70.3135112705  76.5874161596  71.9338050836
86.7  107.949889441  70.2515195309  76.5381496246  71.8752332367
86.8  107.883697879  70.1895824462  76.4900289247  71.8170068895
86.9  107.819095132  70.1276999682  76.4430423847  71.7591230659
87.0  107.756165176  70.0658720488  76.3972494469  71.7015977159
87.1  107.694940028  70.0040986398  76.3526727116  71.6444370092
87.2  107.635453455  69.9423796931  76.3093360205  71.5876474618
87.3  107.577736403  69.8807151608  76.2672612138  71.5312350736
87.4  107.521829342  69.8191049949  76.2264768844  71.4752076597
87.5  107.467732323  69.7575491475  76.1869829689  71.419565422
87.6  107.415503554  69.6960475706  76.1488206344  71.3643195597
87.7  107.365134965  69.6346002165  76.111984059  71.3094687738
87.8  107.316674257  69.5732070372  76.0765069613  71.2550223177
87.9  107.27010257  69.5118679851  76.0423758716  71.200976885
88.0  107.225440551  69.4505830125  76.0096053298  71.1473366502
88.1  107.182703543  69.3893520715  75.9782061139  71.0941048027
88.2  107.141888659  69.3281751147  75.9481760809  71.0412811004
88.3  107.102992241  69.2670520945  75.9195125412  70.9888651683
88.4  107.066006832  69.2059829631  75.8922101154  70.936855926
88.5  107.030951236  69.1449676733  75.8662820371  70.8852572786
88.6  106.997786646  69.0840061774  75.8417007063  70.8340622343
88.7  106.966516445  69.0230984281  75.8184684283  70.7832718015
88.8  106.937101552  68.9622443779  75.7965574121  70.7328789502
88.9  106.909531398  68.9014439796  75.7759600773  70.6828820612
89.0  106.883797098  68.8406971858  75.7566700382  70.633279845
89.1  106.859856114  68.7800039493  75.7386570584  70.5840646312
89.2  106.837666423  68.7193642228  75.7218912684  70.5352288453
89.3  106.817220319  68.6587779592  75.7063671246  70.4867714337
89.4  106.798459609  68.5982451113  75.6920432994  70.4386817498
89.5  106.781366542  68.5377656321  75.6789071339  70.3909568325
89.6  106.765847222  68.4773394744  75.666892003  70.3435792291
89.7  106.751917211  68.4169665914  75.6560088605  70.2965523089
89.8  106.739488385  68.3566469359  75.6461951775  70.2498596981
89.9  106.728532755  68.2963804611  75.6374310463  70.2034964626
90.0  106.71896313  68.2361671201  75.629654607  70.157446372
90.0  106.718962158  68.2361671201  75.629653918  70.1574461865
90.1  106.710734316  68.1760068661  75.6228337626  70.1117011828
90.2  106.703813274  68.1158996522  75.6169450349  70.066254962
90.3  106.698117713  68.0558454317  75.611930044  70.0210923574
90.4  106.69357061  67.9958441578  75.6077341452  69.976198994
90.5  106.690110783  67.935895784  75.6043139247  69.9315634995
90.6  106.687695261  67.8760002634  75.6016388755  69.887177965
90.7  106.686201309  67.8161575497  75.59962197  69.8430191885
90.8  106.685596036  67.7563675961  75.5982398492  69.7990811349
90.9  106.685793267  67.6966303561  75.5974314004  69.7553475387
91.0  106.686717459  67.6369457834  75.597143047  69.7118041374
91.1  106.688274741  67.5773138314  75.5973082276  69.6684331158
91.2  106.690428525  67.5177344538  75.5979009751  69.6252276222
91.3  106.6930663  67.4582076042  75.5988415274  69.5821661929
91.4  106.696097348  67.3987332363  75.6000655678  69.5392315036
91.5  106.699438738  67.3393113039  75.6015143002  69.4964076861
91.6  106.703042188  67.2799417606  75.6031534825  69.4536855067
91.7  106.706784602  67.2206245604  75.6048958651  69.4110412891
91.8  106.71061474  67.161359657  75.606705116  69.3684651559
91.9  106.714404884  67.1021470044  75.6084907185  69.3259324459
92.0  106.718099275  67.0429865565  75.6102131438  69.2834323315
92.1  106.721629842  66.9838782673  75.6118241422  69.2409515789
92.2  106.724837532  66.9248220907  75.6132110064  69.1984593312
92.3  106.727709531  66.8658179809  75.6143646417  69.1559529459
92.4  106.730162409  66.8068658919  75.6152259247  69.1134161053
92.5  106.732053932  66.7479657779  75.6156940754  69.0708210623
92.6  106.733330103  66.689117593  75.6157308273  69.028157104
92.7  106.733912435  66.6303212915  75.6152805697  68.9854087446
92.8  106.80961838  66.5715768276  75.6697426579  68.9577541157
92.9  106.715449934  66.5128841557  75.6021152107  68.8966967245
93.0  106.621364512  66.4542432299  75.5345525392  68.8356944319
93.1  106.52736204  66.3956540049  75.4670545554  68.7747471815
93.2  106.433442446  66.3371164348  75.3996211711  68.7138549169
93.3  106.339605655  66.2786304743  75.3322522987  68.653017582
93.4  106.245851595  66.2201960778  75.2649478508  68.5922351204
93.5  106.152180193  66.1618131998  75.1977077402  68.5315074762
93.6  106.058591377  66.1034817949  75.1305318801  68.4708345934
93.7  105.965085073  66.0452018178  75.0634201837  68.4102164162
93.8  105.871661208  65.9869732231  74.9963725647  68.3496528888
93.9  105.77831971  65.9287959655  74.929388937  68.2891439555
94.0  105.685060507  65.8706699998  74.8624692147  68.2286895608
94.1  105.591883525  65.8125952806  74.7956133122  68.1682896493
94.2  105.498788693  65.7545717629  74.728821144  68.1079441655
94.3  105.405775938  65.6965994015  74.6620926252  68.0476530541
94.4  105.312845187  65.6386781513  74.5954276709  67.9874162601
94.5  105.219996368  65.5808079672  74.5288261964  67.9272337283
94.6  105.127229409  65.5229888042  74.4622881173  67.8671054037
94.7  105.034544238  65.4652206174  74.3958133497  67.8070312315
94.8  104.941940782  65.4075033617  74.3294018096  67.7470111568
94.9  104.84941897  65.3498369924  74.2630534133  67.687045125
95.0  104.75697873  65.2922214644  74.1967680776  67.6271330814
95.1  104.66461999  65.234656733  74.1305457192  67.5672749715
95.2  104.572342677  65.1771427535  74.0643862553  67.5074707409
95.3  104.48014672  65.119679481  73.9982896033  67.4477203353
95.4  104.388032048  65.0622668708  73.9322556806  67.3880237004
95.5  104.295998589  65.0049048784  73.8662844052  67.328380782
95.6  104.20404627  64.947593459  73.8003756951  67.2687915262
95.7  104.112175021  64.8903325681  73.7345294685  67.209255879
95.8  104.02038477  64.8331221611  73.6687456441  67.1497737864
95.9  103.928675446  64.7759621935  73.6030241405  67.0903451947
96.0  103.837046977  64.7188526209  73.5373648767  67.0309700503
96.1  103.745499292  64.6617933988  73.4717677721  66.9716482994
96.2  103.65403232  64.6047844828  73.4062327459  66.9123798886
96.3  103.56264599  64.5478258287  73.340759718  66.8531647645
96.4  103.47134023  64.4909173919  73.2753486081  66.7940028737
96.5  103.38011497  64.4340591284  73.2099993365  66.7348941629
96.6  103.288970138  64.3772509938  73.1447118235  66.6758385791
96.7  103.197905663  64.3204929439  73.0794859896  66.6168360691
96.8  103.106921476  64.2637849347  73.0143217557  66.5578865799
96.9  103.016017505  64.207126922  72.9492190428  66.4989900587
97.0  102.925193678  64.1505188616  72.884177772  66.4401464526
97.1  102.834449927  64.0939607096  72.819197865  66.3813557089
97.2  102.743786179  64.037452422  72.7542792433  66.3226177749
97.3  102.653202365  63.9809939547  72.6894218289  66.2639325982
97.4  102.562698414  63.924585264  72.6246255438  66.2053001261
97.5  102.472274255  63.8682263058  72.5598903103  66.1467203064
97.6  102.381929819  63.8119170364  72.4952160511  66.0881930867
97.7  102.291665035  63.7556574119  72.4306026889  66.0297184149
97.8  102.201479832  63.6994473885  72.3660501465  65.9712962387
97.9  102.111374141  63.6432869226  72.3015583473  65.9129265061
98.0  102.021347892  63.5871759705  72.2371272145  65.8546091652
98.1  101.931401014  63.5311144884  72.1727566718  65.796344164
98.2  101.841533437  63.4751024328  72.1084466429  65.7381314508
98.3  101.751745092  63.4191397601  72.0441970518  65.6799709739
98.4  101.662035908  63.3632264267  71.9800078229  65.6218626816
98.5  101.572405817  63.3073623892  71.9158788803  65.5638065223
98.6  101.482854747  63.2515476041  71.8518101489  65.5058024445
98.7  101.393382631  63.195782028  71.7878015533  65.447850397
98.8  101.303989397  63.1400656175  71.7238530186  65.3899503283
98.9  101.214674976  63.0843983292  71.6599644701  65.3321021872
99.0  101.125439299  63.0287801198  71.5961358331  65.2743059226
99.1  101.036282297  62.9732109461  71.5323670332  65.2165614834
99.2  100.947203899  62.9176907648  71.4686579963  65.1588688186
99.3  100.858204038  62.8622195328  71.4050086483  65.1012278772
99.4  100.769282642  62.8067972068  71.3414189155  65.0436386086
99.5  100.680439645  62.7514237438  71.2778887242  64.9861009618
99.6  100.591674975  62.6960991007  71.214418001  64.9286148862
99.7  100.502988565  62.6408232344  71.1510066728  64.8711803312
99.8  100.414380345  62.585596102  71.0876546664  64.8137972463
99.9  100.325850246  62.5304176604  71.0243619091  64.756465581
100.0  100.237398199  62.4752878668  70.9611283282  64.6991852849
100.1  100.149024136  62.4202066782  70.8979538512  64.6419563079
100.2  100.060727987  62.3651740518  70.8348384059  64.5847785996
100.3  99.9725096852  62.3101899448  70.7717819201  64.5276521099
100.4  99.8843691604  62.2552543144  70.708784322  64.4705767888
100.5  99.7963063445  62.2003671179  70.6458455399  64.4135525862
100.6  99.708321169  62.1455283125  70.5829655021  64.3565794522
100.7  99.6204135654  62.0907378557  70.5201441375  64.2996573371
100.8  99.5325834653  62.0359957047  70.4573813747  64.242786191
100.9  99.4448308004  61.981301817  70.3946771428  64.1859659643
101.0  99.3571555024  61.92665615  70.3320313711  64.1291966073
101.1  99.2695575032  61.8720586613  70.2694439888  64.0724780706
101.2  99.1820367345  61.8175093083  70.2069149255  64.0158103046
101.3  99.0945931283  61.7630080486  70.1444441111  63.9591932599
101.4  99.0072266166  61.7085548399  70.0820314752  63.9026268872
101.5  98.9199371313  61.6541496396  70.0196769481  63.8461111374
101.6  98.8327246046  61.5997924056  69.9573804601  63.7896459611
101.7  98.7455889686  61.5454830955  69.8951419414  63.7332313094
101.8  98.6585301555  61.4912216671  69.8329613228  63.6768671331
101.9  98.5715480977  61.4370080781  69.770838535  63.6205533834
102.0  98.4846427273  61.3828422864  69.708773509  63.5642900114
102.1  98.3978139769  61.3287242499  69.6467661758  63.5080769681
102.2  98.3110617788  61.2746539264  69.5848164668  63.451914205
102.3  98.2243860656  61.2206312739  69.5229243135  63.3958016733
102.4  98.1377867699  61.1666562503  69.4610896474  63.3397393244
102.5  98.0512638242  61.1127288137  69.3993124004  63.2837271099
102.6  97.9648171612  61.058848922  69.3375925044  63.2277649811
102.7  97.8784467137  61.0050165335  69.2759298915  63.1718528899
102.8  97.7921524146  60.9512316061  69.2143244941  63.1159907877
102.9  97.7059341966  60.8974940981  69.1527762446  63.0601786265
103.0  97.6197919927  60.8438039676  69.0912850757  63.004416358
103.1  97.5337257358  60.7901611729  69.02985092  62.9487039341
103.2  97.4477353591  60.7365656723  68.9684737106  62.8930413067
103.3  97.3618207956  60.683017424  68.9071533805  62.837428428
103.4  97.2759819784  60.6295163863  68.8458898631  62.7818652499
103.5  97.1902188409  60.5760625178  68.7846830918  62.7263517247
103.6  97.1045313162  60.5226557767  68.7235330001  62.6708878046
103.7  97.0189193377  60.4692961216  68.6624395218  62.6154734418
103.8  96.9333828388  60.4159835108  68.6014025908  62.5601085889
103.9  96.8479217529  60.362717903  68.5404221412  62.5047931981
104.0  96.7625360136  60.3094992567  68.4794981072  62.449527222
104.1  96.6772255545  60.2563275305  68.4186304231  62.3943106132
104.2  96.5919903091  60.203202683  68.3578190235  62.3391433243
104.3  96.5068302111  60.1501246729  68.2970638431  62.284025308
104.4  96.4217451944  60.0970934589  68.2363648167  62.2289565171
104.5  96.3367351927  60.0441089998  68.1757218793  62.1739369044
104.6  96.2518001398  59.9911712542  68.115134966  62.1189664229
104.7  96.1669399697  59.9382801811  68.0546040121  62.0640450254
104.8  96.0821546164  59.8854357393  67.9941289531  62.009172665
104.9  95.9974440138  59.8326378877  67.9337097246  61.9543492948
105.0  95.9128080962  59.7798865852  67.8733462622  61.8995748681
105.0  95.9128080962  59.7798865852  67.8733462622  61.8995748681
105.1  95.8282467977  59.7271817907  67.8130385019  61.8448493379
105.2  95.7437600524  59.6745234633  67.7527863798  61.7901726576
105.3  95.6593477946  59.621911562  67.6925898319  61.7355447806
105.4  95.5750099587  59.5693460458  67.6324487947  61.6809656602
105.5  95.4907464791  59.5168268739  67.5723632045  61.62643525
105.6  95.4065572901  59.4643540054  67.5123329981  61.5719535035
105.7  95.3224423264  59.4119273995  67.4523581121  61.5175203744
105.8  95.2384015224  59.3595470154  67.3924384836  61.4631358162
105.9  95.1544348128  59.3072128123  67.3325740495  61.4087997827
106.0  95.0705421322  59.2549247495  67.272764747  61.3545122278
106.1  94.9867234155  59.2026827864  67.2130105135  61.3002731052
106.2  94.9029785972  59.1504868823  67.1533112864  61.246082369
106.3  94.8193076124  59.0983369966  67.0936670034  61.1919399731
106.4  94.735710396  59.0462330887  67.0340776022  61.1378458715
106.5  94.6521868828  58.994175118  66.9745430207  61.0838000185
106.6  94.5687370079  58.9421630442  66.9150631969  61.029802368
106.7  94.4853607064  58.8901968267  66.855638069  60.9758528744
106.8  94.4020579135  58.8382764251  66.7962675754  60.9219514921
106.9  94.3188285642  58.786401799  66.7369516544  60.8680981752
107.0  94.2356725939  58.734572908  66.6776902446  60.8142928783
107.1  94.1525899378  58.6827897119  66.6184832848  60.7605355558
107.2  94.0695805314  58.6310521702  66.5593307138  60.7068261623
107.3  93.98664431  58.5793602429  66.5002324705  60.6531646524
107.4  93.9037812092  58.5277138896  66.4411884941  60.5995509807
107.5  93.8209911644  58.4761130702  66.3821987239  60.5459851019
107.6  93.7382741112  58.4245577446  66.3232630993  60.4924669709
107.7  93.6556299854  58.3730478725  66.2643815596  60.4389965425
107.8  93.5730587225  58.3215834141  66.2055540447  60.3855737715
107.9  93.4905602584  58.2701643291  66.1467804941  60.332198613
108.0  93.4081345289  58.2187905777  66.088060848  60.2788710219
108.1  93.3257814698  58.1674621198  66.0293950463  60.2255909534
108.2  93.2435010171  58.1161789155  65.9707830291  60.1723583625
108.3  93.1612931068  58.0649409249  65.9122247367  60.1191732045
108.4  93.0791576748  58.0137481082  65.8537201097  60.0660354346
108.5  92.9970946574  57.9626004255  65.7952690884  60.0129450081
108.6  92.9151039906  57.9114978371  65.7368716136  59.9599018804
108.7  92.8331856108  57.8604403031  65.6785276261  59.9069060069
108.8  92.751339454  57.8094277838  65.6202370668  59.8539573431
108.9  92.6695654567  57.7584602397  65.5619998767  59.8010558446
109.0  92.5878635553  57.7075376309  65.5038159971  59.7482014669
109.1  92.5062336862  57.656659918  65.4456853692  59.6953941658
109.2  92.4246757858  57.6058270612  65.3876079344  59.6426338968
109.3  92.3431897908  57.5550390212  65.3295836343  59.5899206159
109.4  92.2617756377  57.5042957582  65.2716124105  59.5372542787
109.5  92.1804332632  57.453597233  65.2136942049  59.4846348413
109.6  92.099162604  57.402943406  65.1558289592  59.4320622595
109.7  92.0179635969  57.3523342378  65.0980166157  59.3795364893
109.8  91.9368361787  57.3017696891  65.0402571163  59.3270574869
109.9  91.8557802863  57.2512497205  64.9825504034  59.2746252082
110.0  91.7747958567  57.2007742927  64.9248964193  59.2222396095
110.1  91.6938828267  57.1503433664  64.8672951065  59.169900647
110.2  91.6130411336  57.0999569024  64.8097464078  59.1176082769
110.3  91.5322707143  57.0496148616  64.7522502657  59.0653624556
110.4  91.4515715061  56.9993172047  64.6948066232  59.0131631395
110.5  91.3709434461  56.9490638926  64.6374154232  58.961010285
110.6  91.2903864717  56.8988548862  64.5800766088  58.9089038487
110.7  91.2099005201  56.8486901464  64.5227901232  58.856843787
110.8  91.1294855288  56.7985696343  64.4655559098  58.8048300565
110.9  91.0491414352  56.7484933108  64.4083739119  58.752862614
111.0  90.9688681767  56.698461137  64.3512440731  58.7009414161
111.1  90.888665691  56.648473074  64.294166337  58.6490664197
111.2  90.8085339156  56.5985290827  64.2371406475  58.5972375814
111.3  90.7284727882  56.5486291245  64.1801669484  58.5454548583
111.4  90.6484822465  56.4987731605  64.1232451837  58.4937182072
111.5  90.5685622283  56.4489611519  64.0663752975  58.4420275851
111.6  90.4887126714  56.3991930599  64.009557234  58.390382949
111.7  90.4089335136  56.3494688458  63.9527909375  58.3387842561
111.8  90.3292246929  56.2997884709  63.8960763526  58.2872314635
111.9  90.2495861474  56.2501518967  63.8394134236  58.2357245283
112.0  90.1700178149  56.2005590844  63.7828020954  58.1842634078
112.1  90.0905196337  56.1510099955  63.7262423125  58.1328480594
112.2  90.0110915419  56.1015045914  63.66973402  58.0814784403
112.3  89.9317334777  56.0520428336  63.6132771628  58.030154508
112.4  89.8524453793  56.0026246837  63.556871686  57.9788762199
112.5  89.7732271851  55.9532501032  63.5005175348  57.9276435336
112.6  89.6940788334  55.9039190537  63.4442146544  57.8764564065
112.7  89.6150002626  55.8546314967  63.3879629903  57.8253147964
112.8  89.5359914113  55.8053873941  63.3317624879  57.7742186608
112.9  89.457052218  55.7561867073  63.275613093  57.7231679575
113.0  89.3781826212  55.7070293983  63.2195147512  57.6721626443
113.1  89.2993825596  55.6579154286  63.1634674083  57.6212026789
113.2  89.2206519719  55.6088447602  63.1074710103  57.5702880193
113.3  89.1419907969  55.5598173548  63.0515255032  57.5194186233
113.4  89.0633989732  55.5108331743  62.9956308331  57.4685944489
113.5  88.9848764399  55.4618921806  62.9397869463  57.4178154542
113.6  88.9064231357  55.4129943356  62.8839937891  57.3670815972
113.7  88.8280389998  55.3641396013  62.8282513079  57.316392836
113.8  88.749723971  55.3153279396  62.7725594493  57.2657491288
113.9  88.6714779885  55.2665593126  62.7169181599  57.2151504339
114.0  88.5933009913  55.2178336824  62.6613273865  57.1645967094
114.1  88.5151929188  55.169151011  62.6057870759  57.1140879138
114.2  88.43715371  55.1205112605  62.550297175  57.0636240054
114.3  88.3591833043  55.0719143932  62.4948576309  57.0132049425
114.4  88.281281641  55.0233603712  62.4394683907  56.9628306838
114.5  88.2034486596  54.9748491567  62.3841294017  56.9125011876
114.6  88.1256842994  54.9263807121  62.3288406111  56.8622164127
114.7  88.0479884999  54.8779549995  62.2736019664  56.8119763175
114.8  87.9703612008  54.8295719813  62.2184134152  56.7617808607
114.9  87.8928023416  54.7812316199  62.1632749051  56.7116300011
120.0  84.0266537826  52.3715646842  59.4163675981  54.212119893

#SVE monte-carlo points sigmaR (r, sigmaR_med, sigmaR_std)
26.3  231.776394833  0.0
29.8  203.147771958  0.0
33.2  191.077639338  0.0
36.7  186.585607645  0.0
40.2  178.968939163  0.0
43.7  166.40030983  0.0
47.1  155.962256802  0.0
50.6  152.948400682  0.0
54.1  155.728389306  0.0
57.6  157.455918058  0.0
61.0  152.695174255  0.0
64.5  140.081545265  0.0
68.0  124.691261442  0.0
71.5  114.44490761  0.0
75.0  111.969979114  0.0
78.4  112.605779438  0.0
81.9  111.71528393  0.0
85.4  108.91453604  0.0
88.9  106.888758746  0.0
92.3  106.70563031  0.0
95.8  103.997529035  0.0
99.3  100.832102923  0.0
102.8  97.7630245086  0.0
106.2  94.8711099211  0.0
109.7  91.9834693069  0.0
113.2  89.1837212906  0.0

#SVE monte-carlo points sigmaZ (r, sigmaZ_med, sigmaZ_std)
26.7  42.2281360736  0.0
30.1  57.6932878055  0.0
33.6  63.0410852796  0.0
37.1  68.3479371093  0.0
40.6  78.4375442155  0.0
44.1  91.0283491293  0.0
47.5  101.568957287  0.0
51.0  108.526897873  0.0
54.5  111.407667104  0.0
58.0  110.983117174  0.0
61.4  108.357772597  0.0
64.9  103.930698766  0.0
68.4  97.5507545581  0.0
71.9  89.1268934719  0.0
75.3  80.0334895213  0.0
78.8  75.3481652895  0.0
82.3  73.0547545506  0.0
85.8  70.8311495303  0.0
89.3  68.6752255161  0.0
92.7  66.6437531116  0.0
96.2  64.6152830291  0.0
99.7  62.6485545305  0.0
103.2  60.7416883556  0.0
106.6  58.9448968232  0.0
110.1  57.1507607768  0.0
113.6  55.4112337692  0.0

#SVE monte-carlo points sigmaPhi (r, sigmaPhi_med, sigmaPhi_std)
27.2  167.575287047  0.0
30.6  148.02534126  0.0
34.1  139.87569138  0.0
37.6  135.574861687  0.0
41.1  128.084640967  0.0
44.6  118.105196191  0.0
48.0  111.310338453  0.0
51.5  110.197746094  0.0
55.0  112.175259559  0.0
58.5  112.1970498  0.0
61.9  107.098587875  0.0
65.4  96.9259366119  0.0
68.9  86.2978930849  0.0
72.4  80.42161673  0.0
75.8  79.5705519101  0.0
79.3  79.90609117  0.0
82.8  78.772041643  0.0
86.3  76.6905203049  0.0
89.8  75.6023628485  0.0
93.2  75.3615329637  0.0
96.7  73.0475080807  0.0
100.2  70.8080474001  0.0
103.7  68.6400374278  0.0
107.1  66.5996870036  0.0
110.6  64.5644121017  0.0
114.1  62.5927521247  0.0
