#SVE points (r, sigmaR, sigmaZ, sigmaPhi, sigmaMajRestored)
15.1  110.716358006  55.358179003  84.6458955237  79.9894752305
15.2  110.296228312  55.1481141562  84.2433484059  79.6130815596
15.3  109.879773859  54.9398869295  83.8452295681  79.2408260214
15.4  109.467042657  54.7335213284  83.4515446321  78.8727141166
15.5  109.058080966  54.529040483  83.0622982365  78.5087504387
15.6  108.652933304  54.3264666518  82.6774940463  78.148938682
15.7  108.251642452  54.1258212258  82.2971347619  77.7932816496
15.8  107.854249464  53.927124732  81.9212221292  77.4417812619
15.9  107.460793678  53.730396839  81.5497569488  77.0944385643
16.0  107.071312721  53.5356563606  81.1827390863  76.7512537363
16.1  106.685842524  53.3429212618  80.8201674818  76.4122260997
16.2  106.304417327  53.1522086634  80.4620401603  76.0773541273
16.3  105.927069695  52.9635348476  80.108354242  75.746635452
16.4  105.553830528  52.7769152641  79.7591059522  75.4200668754
16.5  105.184729071  52.5923645355  79.4142906319  75.0976443771
16.6  104.819792928  52.4098964639  79.0739027483  74.7793631235
16.7  104.459048075  52.2295240373  78.7379359057  74.4652174775
16.8  104.102518871  52.0512594356  78.4063828554  74.1552010076
16.9  103.750228076  51.8751140381  78.0792355075  73.8493064974
17.0  103.40219686  51.7010984302  77.7564849408  73.5475259548
17.1  103.058444821  51.5292224103  77.4381214144  73.2498506224
17.2  102.718989995  51.3594949977  77.1241343784  72.9562709865
17.3  102.383848879  51.1919244395  76.8145124852  72.6667767873
17.4  102.053036437  51.0265182186  76.5092436002  72.3813570284
17.5  101.726566124  50.8632830618  76.2083148137  72.0999999872
17.6  101.404449894  50.702224947  75.9117124515  71.8226932246
17.7  101.086698224  50.5433491121  75.6194220867  71.5494235954
17.8  100.773320126  50.386660063  75.3314285509  71.2801772579
17.9  100.464323164  50.2321615818  75.0477159455  71.0149396849
18.0  100.159713471  50.0798567357  74.7682676535  70.7536956732
18.1  99.8594957705  49.9297478853  74.4930663507  70.4964293545
18.2  99.5636733871  49.7818366936  74.2220940174  70.2431242056
18.3  99.2722482695  49.6361241348  73.95533195  69.9937630587
18.4  98.9852210066  49.4926105033  73.6927607727  69.7483281121
18.5  98.7025908457  49.3512954228  73.4343604488  69.5068009407
18.6  98.424355711  49.2121778555  73.180110293  69.2691625063
18.7  98.1505122224  49.0752561112  72.9299889823  69.0353931687
18.8  97.8810557137  48.9405278568  72.6839745686  68.8054726958
18.9  97.6159802517  48.8079901258  72.4420444896  68.5793802746
19.0  97.3552786553  48.6776393276  72.2041755812  68.3570945219
19.1  97.0989425144  48.5494712572  71.9703440888  68.1385934949
19.2  96.8469622095  48.4234811048  71.7405256793  67.9238547018
19.3  96.5993269307  48.2996634654  71.514695453  67.7128551132
19.4  96.3560246973  48.1780123487  71.2928279551  67.5055711719
19.5  96.1170423777  48.0585211888  71.0748971874  67.3019788047
19.6  95.8823657084  47.9411828542  70.8608766204  67.1020534325
19.7  95.6519793146  47.8259896573  70.6507392051  66.9057699814
19.8  95.4258667293  47.7129333646  70.4444573841  66.7131028934
19.9  95.2040104135  47.6020052068  70.2420031043  66.5240261374
20.0  94.9863917763  47.4931958881  70.0433478277  66.33851322
20.0  94.9863917763  47.4931958881  70.0433478277  66.33851322
20.1  94.7729911945  47.3864955972  69.8484625438  66.156537196
20.2  94.5637880328  47.2818940164  69.6573177809  65.9780706798
20.3  94.3587606641  47.1793803321  69.469883618  65.8030858555
20.4  94.1578864892  47.0789432446  69.2861296963  65.6315544884
20.5  93.9611419571  46.9805709785  69.1060252307  65.4634479351
20.6  93.768502585  46.8842512925  68.9295390218  65.2987371551
20.7  93.5799429785  46.7899714893  68.7566394672  65.1373927206
20.8  93.3954368518  46.6977184259  68.5872945728  64.979384828
20.9  93.2149570473  46.6074785237  68.4214719648  64.8246833083
21.0  93.0384755564  46.5192377782  68.2591389007  64.6732576378
21.1  92.8659635389  46.4329817694  68.100262281  64.5250769486
21.2  92.6973913433  46.3486956717  67.9448086605  64.3801100396
21.3  92.5327285268  46.2663642634  67.7927442594  64.2383253869
21.4  92.3719438751  46.1859719376  67.6440349751  64.0996911544
21.5  92.2150054224  46.1075027112  67.4986463928  63.9641752041
21.6  92.061880471  46.0309402355  67.3565437972  63.831745107
21.7  91.9125356113  45.9562678056  67.2176921835  63.7023681533
21.8  91.7669367414  45.8834683707  67.0820562683  63.5760113629
21.9  91.6250490866  45.8125245433  66.9496005007  63.4526414956
22.0  91.4868372193  45.7434186097  66.8202890734  63.3322250617
22.1  91.352265078  45.676132539  66.6940859336  63.2147283321
22.2  91.221295987  45.6106479935  66.5709547936  63.1001173485
22.3  91.0938926753  45.5469463377  66.450859142  62.9883579337
22.4  90.9700172965  45.4850086483  66.3337622538  62.8794157017
22.5  90.8496314471  45.4248157236  66.2196272019  62.7732560676
22.6  90.7326961859  45.366348093  66.1084168669  62.6698442578
22.7  90.6191720528  45.3095860264  66.0000939482  62.5691453199
22.8  90.5090190875  45.2545095438  65.894620974  62.4711241325
22.9  90.4021968483  45.2010984241  65.7919603119  62.3757454151
23.0  90.2986644302  45.1493322151  65.6920741794  62.282973738
23.1  90.198380484  45.099190242  65.5949246537  62.1927735318
23.2  90.1013032338  45.0506516169  65.5004736821  62.1051090971
23.3  90.0073904956  45.0036952478  65.4086830923  62.0199446139
23.4  89.9165996954  44.9582998477  65.3195146019  61.9372441516
23.5  89.8288878864  44.9144439432  65.2329298286  61.8569716778
23.6  89.7442117676  44.8721058838  65.1488903001  61.7790910681
23.7  89.6625277008  44.8312638504  65.0673574638  61.703566115
23.8  89.583791728  44.791895864  64.9882926963  61.6303605377
23.9  89.5079595891  44.7539797945  64.9116573132  61.5594379906
24.0  89.4349867386  44.7174933693  64.8374125785  61.4907620725
24.1  89.3648283628  44.6824141814  64.7655197142  61.4242963358
24.2  89.2974393967  44.6487196984  64.6959399093  61.3600042954
24.3  89.2327745404  44.6163872702  64.6286343291  61.2978494371
24.4  89.1707882756  44.5853941378  64.5635641247  61.2377952268
24.5  89.1114348822  44.5557174411  64.5006904416  61.1798051187
24.6  89.0546684543  44.5273342272  64.439974429  61.1238425642
24.7  89.0004429161  44.5002214581  64.3813772484  61.0698710205
24.8  88.9487120379  44.474356019  64.3248600825  61.0178539583
24.9  88.8994294517  44.4497147258  64.270384144  60.9677548709
25.0  88.8525486664  44.4262743332  64.2179106839  60.9195372817
25.1  88.8080230837  44.4040115418  64.1674010003  60.8731647531
25.2  88.7658060126  44.3829030063  64.1188164464  60.8286008937
25.3  88.7258506848  44.3629253424  64.0721184392  60.7858093667
25.4  88.6881102692  44.3440551346  64.0272684674  60.7447538978
25.5  88.6525378866  44.3262689433  63.9842280998  60.7053982827
25.6  88.619086624  44.309543312  63.9429589926  60.6677063949
25.7  88.5877095491  44.2938547745  63.9034228984  60.6316421932
25.8  88.5583597238  44.2791798619  63.8655816728  60.5971697292
25.9  88.5309902186  44.2654951093  63.8293972828  60.5642531546
26.0  88.5055541262  44.2527770631  63.7948318144  60.5328567287
26.1  88.4820045744  44.2410022872  63.7618474797  60.5029448251
26.2  88.4602947401  44.23014737  63.7304066244  60.4744819393
26.3  88.440377862  44.220188931  63.7004717352  60.4474326954
26.4  88.4222072537  44.2111036269  63.6720054469  60.421761853
26.5  88.4057363163  44.2028681581  63.6449705494  60.3974343141
26.6  88.3909185507  44.1954592754  63.6193299947  60.3744151294
26.7  88.3777075706  44.1888537853  63.5950469036  60.3526695054
26.8  88.3660571138  44.1830285569  63.5720845728  60.3321628106
26.9  88.355921055  44.1779605275  63.5504064809  60.3128605818
27.0  88.3472534167  44.1736267083  63.5299762957  60.2947285306
27.1  88.3400083814  44.1700041907  63.51075788  60.2777325493
27.2  88.3341403029  44.1670701515  63.4927152981  60.2618387171
27.3  88.3296037171  44.1648018585  63.4758128221  60.2470133062
27.4  88.3263533533  44.1631766766  63.4600149377  60.2332227875
27.5  88.3243441448  44.1621720724  63.4452863507  60.2204338361
27.6  88.3235312399  44.1617656199  63.4315919921  60.2086133376
27.7  88.3238700117  44.1619350058  63.4188970248  60.197728393
27.8  88.3253160686  44.1626580343  63.4071668482  60.1877463246
27.9  88.3278252647  44.1639126323  63.3963671046  60.1786346811
28.0  88.3313537087  44.1656768543  63.3864636844  60.1703612427
28.1  88.3358577744  44.1679288872  63.3774227309  60.1628940266
28.2  88.3412941097  44.1706470549  63.3692106464  60.1562012919
28.3  88.347619646  44.173809823  63.3617940965  60.1502515443
28.4  88.3547916072  44.1773958036  63.3551400155  60.145013541
28.5  88.3627675183  44.1813837591  63.3492156112  60.1404562957
28.6  88.3715052146  44.1857526073  63.3439883698  60.1365490828
28.7  88.3809628496  44.1904814248  63.3394260602  60.1332614421
28.8  88.3910989039  44.1955494519  63.3354967389  60.1305631833
28.9  88.4018721925  44.2009360963  63.3321687542  60.1284243899
29.0  88.4132418736  44.2066209368  63.3294107507  60.1268154239
29.1  88.4251674554  44.2125837277  63.3271916735  60.1257069294
29.2  88.4376088045  44.2188044022  63.3254807723  60.1250698369
29.3  88.4505261525  44.2252630762  63.3242476051  60.124875367
29.4  88.4638801035  44.2319400517  63.3234620425  60.1250950344
29.5  88.4776316412  44.2388158206  63.3230942716  60.125700651
29.6  88.4917421352  44.2458710676  63.3231147989  60.1266643303
29.7  88.5061733483  44.2530866741  63.3234944548  60.12795849
29.8  88.5208874419  44.260443721  63.3242043965  60.1295558559
29.9  88.5358469834  44.2679234917  63.3252161114  60.1314294651
30.0  88.5510149511  44.2755074756  63.3265014204  60.1335526687
30.0  88.5510149511  44.2755074756  63.3265014204  60.1335526687
30.1  88.5663547411  44.2831773705  63.3280324813  60.1358991355
30.2  88.581830172  44.290915086  63.3297817913  60.1384428544
30.3  88.5974054911  44.2987027456  63.3317221904  60.1411581374
30.4  88.6130453796  44.3065226898  63.333826864  60.1440196226
30.5  88.6287149574  44.3143574787  63.3360693454  60.1470022763
30.6  88.6443797882  44.3221898941  63.338423519  60.1500813962
30.7  88.6600058846  44.3300029423  63.3408636222  60.153232613
30.8  88.6755597124  44.3377798562  63.343364248  60.1564318935
30.9  88.6910081951  44.3455040975  63.3459003475  60.1596555424
31.0  88.7063187179  44.3531593589  63.3484472317  60.1628802047
31.1  88.7214591324  44.3607295662  63.350980574  60.1660828674
31.2  88.7363977601  44.36819888  63.3534764117  60.1692408616
31.3  88.751103396  44.375551698  63.3559111484  60.1723318645
31.4  88.7655453126  44.3827726563  63.3582615554  60.1753339009
31.5  88.7796932631  44.3898466315  63.3605047734  60.1782253448
31.6  88.7935174845  44.3967587423  63.3626183144  60.1809849213
31.7  88.806988701  44.4034943505  63.3645800628  60.1835917076
31.8  88.8200781268  44.4100390634  63.3663682769  60.1860251347
31.9  88.8327574686  44.4163787343  63.3679615902  60.1882649885
32.0  88.8449989285  44.4224994642  63.3693390128  60.1902914109
32.1  88.8567752063  44.4283876032  63.3704799319  60.192084901
32.2  88.8680595021  44.434029751  63.3713641135  60.1936263161
32.3  88.8788255177  44.4394127588  63.3719717025  60.1948968724
32.4  88.8890474592  44.4445237296  63.3722832243  60.195878146
32.5  88.8987000388  44.4493500194  63.3722795851  60.1965520735
32.6  88.9077584758  44.4538792379  63.3719420722  60.1969009526
32.7  88.9161984991  44.4580992495  63.3712523551  60.1969074425
32.8  88.9239963475  44.4619981738  63.3701924856  60.1965545647
32.9  88.9311287719  44.4655643859  63.3687448982  60.195825703
33.0  88.9375730355  44.4687865178  63.3668924101  60.1947046038
33.1  88.9433069153  44.4716534576  63.3646182218  60.1931753766
33.2  88.9483087025  44.4741543513  63.3619059168  60.1912224935
33.3  88.9525572034  44.4762786017  63.3587394617  60.1888307897
33.4  88.9560317398  44.4780158699  63.3551032058  60.1859854631
33.5  88.958712149  44.4793560745  63.3509818814  60.1826720746
33.6  88.9605787845  44.4802893923  63.3463606031  60.178876547
33.7  88.961612516  44.480806258  63.3412248676  60.1745851655
33.8  88.9617947289  44.4808973644  63.335560553  60.1697845769
33.9  88.9611073244  44.4805536622  63.3293539187  60.1644617891
34.0  88.9595327192  44.4797663596  63.3225916041  60.1586041705
34.1  88.957053845  44.4785269225  63.3152606285  60.1521994495
34.2  88.9536541478  44.4768270739  63.30734839  60.1452357137
34.3  88.9493175871  44.4746587936  63.2988426646  60.137701409
34.4  88.9440286354  44.4720143177  63.2897316053  60.1295853386
34.5  88.9377722767  44.4688861384  63.2800037411  60.1208766625
34.6  88.9305340059  44.4652670029  63.2696479757  60.111564896
34.7  88.9222998271  44.4611499135  63.2586535866  60.1016399085
34.8  88.9130562526  44.4565281263  63.2470102235  60.0910919229
34.9  88.9027903014  44.4513951507  63.2347079073  60.0799115138
35.0  88.8914894974  44.4457447487  63.2217370281  60.0680896063
35.1  88.8791418677  44.4395709339  63.2080883443  60.0556174747
35.2  88.8657359412  44.4328679706  63.193752981  60.042486741
35.3  88.8512607461  44.4256303731  63.1787224277  60.028689373
35.4  88.8357058082  44.4178529041  63.1629885373  60.0142176834
35.5  88.8190611487  44.4095305744  63.146543524  59.9990643275
35.6  88.8013172819  44.400658641  63.1293799615  59.9832223016
35.7  88.7824652127  44.3912326064  63.111490781  59.9666849414
35.8  88.7624964345  44.3812482172  63.0928692693  59.9494459198
35.9  88.741402926  44.370701463  63.0735090667  59.9314992454
36.0  88.7191771494  44.3595885747  63.0534041649  59.91283926
36.1  88.6958120467  44.3479060234  63.0325489048  59.8934606367
36.2  88.6713010375  44.3356505187  63.0109379743  59.8733583782
36.3  88.6456380156  44.3228190078  62.9885664057  59.8525278138
36.4  88.6188173463  44.3094086731  62.9654295738  59.8309645978
36.5  88.5908338628  44.2954169314  62.9415231932  59.8086647072
36.6  88.5616828635  44.2808414317  62.9168433157  59.7856244388
36.7  88.5313601079  44.2656800539  62.891386328  59.7618404074
36.8  88.499861814  44.249930907  62.8651489489  59.7373095429
36.9  88.4671846542  44.2335923271  62.8381282266  59.7120290879
37.0  88.4333257519  44.2166628759  62.8103215362  59.6859965954
37.1  88.3982826778  44.1991413389  62.7817265768  59.6592099258
37.2  88.362053446  44.181026723  62.7523413686  59.6316672441
37.3  88.3246365105  44.1623182552  62.7221642502  59.6033670179
37.4  88.2860307607  44.1430153804  62.6911938752  59.5743080137
37.5  88.246235518  44.123117759  62.65942921  59.5444892947
37.6  88.2052505313  44.1026252656  62.6268695301  59.5139102178
37.7  88.1630759728  44.0815379864  62.5935144173  59.4825704305
37.8  88.1197124342  44.0598562171  62.5593637564  59.4504698681
37.9  88.075160922  44.037580461  62.5244177323  59.4176087506
38.0  88.0294228532  44.0147114266  62.4886768265  59.3839875797
38.1  87.982500051  43.9912500255  62.4521418141  59.3496071358
38.2  87.93439474  43.96719737  62.4148137602  59.3144684745
38.3  87.8851095422  43.9425547711  62.3766940167  59.2785729238
38.4  87.8346474715  43.9173237358  62.337784219  59.2419220809
38.5  87.78301193  43.891505965  62.2980862824  59.2045178086
38.6  87.7302067023  43.8651033511  62.2576023988  59.1663622322
38.7  87.6762359513  43.8381179757  62.2163350329  59.1274577364
38.8  87.6211042133  43.8105521067  62.174286919  59.0878069614
38.9  87.5648163927  43.7824081963  62.1314610573  59.0474128002
39.0  87.5073777572  43.7536888786  62.0878607102  59.0062783943
39.1  87.4487939331  43.7243969665  62.0434893987  58.9644071312
39.2  87.3890708996  43.6945354498  61.9983508987  58.9218026401
39.3  87.3282149843  43.6641074921  61.9524492372  58.8784687888
39.4  87.2662328574  43.6331164287  61.905788689  58.8344096801
39.5  87.2031315271  43.6015657636  61.8583737723  58.789629648
39.6  87.1389183339  43.569459167  61.8102092452  58.7441332545
39.7  87.0736009455  43.5368004727  61.7613001021  58.6979252855
39.8  87.0071873511  43.5035936755  61.7116515692  58.6510107474
39.9  86.9396858566  43.4698429283  61.6612691014  58.6033948634
40.0  86.8711050788  43.4355525394  61.6101583778  58.5550830697
40.0  86.8711050788  43.4355525394  61.6101583778  58.5550830697
40.1  86.8014539399  43.40072697  61.558325298  58.5060810118
40.2  86.7307416622  43.3653708311  61.5057759782  58.4563945409
40.3  86.6589777624  43.3294888812  61.4525167471  58.4060297098
40.4  86.586172046  43.293086023  61.3985541419  58.3549927695
40.5  86.5123346022  43.2561673011  61.3438949045  58.3032901649
40.6  86.4374757974  43.2187378987  61.2885459771  58.2509285316
40.7  86.3616062705  43.1808031352  61.2325144985  58.1979146913
40.8  86.2847369264  43.1423684632  61.1758077999  58.1442556487
40.9  86.2068789309  43.1034394655  61.1184334008  58.089958587
41.0  86.1280437048  43.0640218524  61.0603990048  58.0350308645
41.1  86.048242918  43.024121459  61.0017124957  57.9794800101
41.2  85.9674884838  42.9837442419  60.9423819333  57.9233137203
41.3  85.8857925533  42.9428962767  60.8824155493  57.8665398541
41.4  85.8031675096  42.9015837548  60.8218217429  57.8091664301
41.5  85.7196259617  42.8598129808  60.7606090769  57.7512016221
41.6  85.6351807388  42.8175903694  60.6987862738  57.6926537549
41.7  85.5498448847  42.7749224423  60.6363622109  57.6335313008
41.8  85.4636316517  42.7318158258  60.5733459168  57.5738428756
41.9  85.3765544948  42.6882772474  60.5097465668  57.5135972343
42.0  85.2886270659  42.644313533  60.445573479  57.4528032672
42.1  85.1998632079  42.5999316039  60.38083611  57.3914699961
42.2  85.1102769486  42.5551384743  60.3155440506  57.3296065704
42.3  85.0198824954  42.5099412477  60.2497070216  57.2672222627
42.4  84.9286942287  42.4643471144  60.18333487  57.2043264653
42.5  84.8367266966  42.4183633483  60.1164375643  57.1409286855
42.6  84.7439946086  42.3719973043  60.0490251905  57.0770385427
42.7  84.65051283  42.325256415  59.981107948  57.0126657634
42.8  84.5562963758  42.2781481879  59.9126961453  56.9478201777
42.9  84.4613604052  42.2306802026  59.8438001958  56.8825117152
43.0  84.3657202153  42.1828601077  59.7744306137  56.8167504012
43.1  84.2693912354  42.1346956177  59.7045980099  56.7505463525
43.2  84.1723890211  42.0861945105  59.6343130874  56.6839097734
43.3  84.0747292487  42.0373646244  59.5635866379  56.6168509522
43.4  83.9764277091  41.9882138545  59.4924295368  56.5493802566
43.5  83.877500302  41.938750151  59.4208527398  56.4815081303
43.6  83.7779630302  41.8889815151  59.348867278  56.4132450887
43.7  83.6778319939  41.8389159969  59.2764842547  56.3446017154
43.8  83.5771233845  41.7885616922  59.2037148404  56.2755886577
43.9  83.4758534793  41.7379267396  59.1305702693  56.2062166233
44.0  83.3740386355  41.6870193178  59.0570618349  56.136496376
44.1  83.2716952848  41.6358476424  58.9832008861  56.066438732
44.2  83.168839927  41.5844199635  58.908998823  55.9960545562
44.3  83.0654891253  41.5327445626  58.834467093  55.9253547579
44.4  82.9616594997  41.4808297498  58.7596171867  55.8543502874
44.5  82.8573677219  41.4286838609  58.6844606338  55.7830521322
44.6  82.7526305097  41.3763152548  58.6090089995  55.7114713128
44.7  82.6474646212  41.3237323106  58.5332738799  55.6396188793
44.8  82.5418868493  41.2709434246  58.4572668987  55.5675059076
44.9  82.4359140163  41.2179570082  58.3809997027  55.4951434956
45.0  82.3295629683  41.1647814842  58.3044839583  55.4225427592
45.1  82.2228505698  41.1114252849  58.2277313475  55.3497148294
45.2  82.1157936981  41.057896849  58.150753564  55.2766708477
45.3  82.0084092381  41.0042046191  58.0735623093  55.2034219631
45.4  81.9007140769  40.9503570385  57.9961692891  55.129979328
45.5  81.7927250984  40.8963625492  57.9185862092  55.0563540953
45.6  81.6844591781  40.842229589  57.840824772  54.9825574138
45.7  81.5759331775  40.7879665888  57.7628966728  54.9086004258
45.8  81.4671639397  40.7335819698  57.6848135958  54.8344942625
45.9  81.3581682832  40.6790841416  57.6065872107  54.7602500412
46.0  81.2489629975  40.6244814987  57.5282291687  54.6858788618
46.1  81.1395648376  40.5697824188  57.4497510993  54.6113918029
46.2  81.0299905193  40.5149952597  57.3711646067  54.5367999188
46.3  80.9202567139  40.4601283569  57.2924812656  54.4621142359
46.4  80.8103800432  40.4051900216  57.2137126185  54.3873457496
46.5  80.7003770748  40.3501885374  57.1348701718  54.3125054207
46.6  80.5902643173  40.2951321586  57.0559653921  54.237604172
46.7  80.4800582149  40.2400291075  56.9770097032  54.1626528855
46.8  80.3697751434  40.1848875717  56.8980144825  54.087662399
46.9  80.2594314049  40.1297157025  56.8189910578  54.0126435025
47.0  80.1490432233  40.0745216116  56.7399507037  53.9376069355
47.1  80.0386267396  40.0193133698  56.6609046383  53.8625633837
47.2  79.9281980076  39.9640990038  56.5818640204  53.7875234761
47.3  79.8177729889  39.9088864944  56.5028399457  53.7124977814
47.4  79.7073675488  39.8536837744  56.423843444  53.6374968056
47.5  79.5969974519  39.7984987259  56.3448854759  53.5625309888
47.6  79.4866783572  39.7433391786  56.2659769298  53.4876107019
47.7  79.3764258146  39.6882129073  56.1871286186  53.4127462442
47.8  79.2662552598  39.6331276299  56.1083512769  53.3379478403
47.9  79.1561820108  39.5780910054  56.029655558  53.2632256372
48.0  79.0462212634  39.5231106317  55.951052031  53.1885897014
48.1  78.9363880871  39.4681940435  55.8725511774  53.1140500167
48.2  78.8266974211  39.4133487106  55.7941633891  53.0396164806
48.3  78.7171640706  39.3585820353  55.7158989646  52.9652989025
48.4  78.6078027024  39.3039013512  55.6377681073  52.8911070003
48.5  78.4986278416  39.2493139208  55.5597809216  52.8170503984
48.6  78.3896538672  39.1948269336  55.4819474111  52.7431386247
48.7  78.2808950089  39.1404475045  55.4042774757  52.6693811084
48.8  78.1723653434  39.0861826717  55.3267809088  52.5957871774
48.9  78.0640787903  39.0320393951  55.2494673948  52.5223660557
49.0  77.9560491091  38.9780245545  55.1723465068  52.4491268612
49.1  77.8482898955  38.9241449478  55.0954277038  52.3760786035
49.2  77.7408145782  38.8704072891  55.0187203287  52.3032301811
49.3  77.633636415  38.8168182075  54.9422336056  52.2305903798
49.4  77.5267684902  38.7633842451  54.8659766373  52.1581678698
49.5  77.4202237111  38.7101118556  54.7899584036  52.0859712041
49.6  77.3140148048  38.6570074024  54.7141877586  52.014008816
49.7  77.2081543151  38.6040771575  54.6386734284  51.9422890171
49.8  77.1026545996  38.5513272998  54.5634240096  51.8708199956
49.9  76.9975278269  38.4987639135  54.4884479664  51.7996098136
50.0  76.8927859734  38.4463929867  54.4137536293  51.728666406
50.0  76.8927859734  38.4463929867  54.4137536293  51.728666406
50.1  76.7884408208  38.3942204104  54.3393491925  51.6579975778
50.2  76.6845039529  38.3422519764  54.2652427122  51.587611003
50.3  76.5809867536  38.2904933768  54.1914421049  51.5175142222
50.4  76.4779004039  38.2389502019  54.1179551451  51.447714641
50.5  76.3752558794  38.1876279397  54.044789464  51.3782195285
50.6  76.2730639478  38.1365319739  53.9719525473  51.3090360156
50.7  76.1713351668  38.0856675834  53.8994517338  51.2401710931
50.8  76.0700798815  38.0350399408  53.8272942137  51.1716316104
50.9  75.9693082223  37.9846541112  53.7554870269  51.1034242738
51.0  75.8690301027  37.9345150513  53.6840370616  51.0355556453
51.1  75.7692552171  37.8846276085  53.6129510525  50.9680321409
51.2  75.6699930391  37.8349965195  53.5422355797  50.9008600293
51.3  75.5712528191  37.7856264095  53.4718970674  50.8340454307
51.4  75.4730435829  37.7365217914  53.401941782  50.7675943156
51.5  75.3753741294  37.6876870647  53.3323758313  50.7015125031
51.6  75.2782530295  37.6391265147  53.2632051632  50.6358056601
51.7  75.1816886236  37.5908443118  53.1944355643  50.5704793005
51.8  75.0856890209  37.5428445105  53.1260726588  50.5055387832
51.9  74.9902620974  37.4951310487  53.0581219079  50.4409893119
52.0  74.8954154943  37.4477077471  52.9905886079  50.376835934
52.1  74.8011566172  37.4005783086  52.9234778902  50.3130835391
52.2  74.7074926343  37.3537463172  52.8567947194  50.249736859
52.3  74.6144304756  37.3072152378  52.7905438934  50.1868004659
52.4  74.5219768315  37.2609884157  52.7247300416  50.1242787727
52.5  74.4301381515  37.2150690758  52.6593576252  50.0621760312
52.6  74.338920644  37.169460322  52.5944309353  50.0004963322
52.7  74.2483302745  37.1241651373  52.5299540934  49.9392436045
52.8  74.1583727654  37.0791863827  52.4659310499  49.8784216146
52.9  74.0690535948  37.0345267974  52.402365584  49.8180339658
53.0  73.980377996  36.990188998  52.3392613032  49.758084098
53.1  73.8923509572  36.9461754786  52.2766216426  49.6985752871
53.2  73.8049772201  36.9024886101  52.2144498647  49.6395106449
53.3  73.7182612805  36.8591306402  52.152749059  49.5808931184
53.4  73.632207387  36.8161036935  52.0915221417  49.5227254899
53.5  73.5468195412  36.7734097706  52.0307718555  49.4650103765
53.6  73.4621014973  36.7310507486  51.9705007693  49.4077502299
53.7  73.3780567619  36.6890283809  51.9107112782  49.3509473366
53.8  73.2946885939  36.647344297  51.8514056033  49.2946038173
53.9  73.2120000046  36.6060000023  51.7925857918  49.2387216275
54.0  73.1299937576  36.5649968788  51.7342537169  49.183302557
54.1  73.048672369  36.5243361845  51.676411078  49.1283482303
54.2  72.9680381074  36.4840190537  51.6190594006  49.0738601063
54.3  72.8880929945  36.4440464973  51.5622000366  49.0198394791
54.4  72.8088388053  36.4044194026  51.5058341649  48.9662874776
54.5  72.7302770683  36.3651385341  51.4499627908  48.9132050661
54.6  72.6524090662  36.3262045331  51.3945867471  48.8605930447
54.7  72.5752358366  36.2876179183  51.3397066943  48.8084520492
54.8  72.4987581722  36.2493790861  51.2853231209  48.756782552
54.9  72.4229766218  36.2114883109  51.2314363437  48.7055848625
55.0  72.3478914909  36.1739457455  51.1780465089  48.654859127
55.1  72.273502843  36.1367514215  51.1251535921  48.6046053303
55.2  72.1998104996  36.0999052498  51.0727573993  48.5548232953
55.3  72.126814042  36.063407021  51.0208575674  48.5055126842
55.4  72.0545128122  36.0272564061  50.9694535649  48.4566729992
55.5  71.9829059134  35.9914529567  50.9185446928  48.4083035827
55.6  71.9119922121  35.9559961061  50.8681300854  48.3604036189
55.7  71.8417703388  35.9208851694  50.8182087111  48.312972134
55.8  71.7722386891  35.8861193445  50.7687793734  48.2660079973
55.9  71.7033954257  35.8516977129  50.7198407117  48.2195099221
56.0  71.6352384796  35.8176192398  50.6713912025  48.1734764668
56.1  71.5677655513  35.7838827756  50.6234291606  48.1279060355
56.2  71.5009741127  35.7504870564  50.5759527396  48.0827968795
56.3  71.4348614089  35.7174307045  50.5289599338  48.0381470983
56.4  71.3694244596  35.6847122298  50.482448579  47.9939546405
56.5  71.3046600608  35.6523300304  50.4364163537  47.9502173053
56.6  71.240564787  35.6202823935  50.3908607804  47.9069327435
56.7  71.1771349928  35.5885674964  50.3457792273  47.8640984589
56.8  71.1143668151  35.5571834076  50.3011689093  47.8217118094
56.9  71.052256175  35.5261280875  50.2570268894  47.7797700087
57.0  70.9907987798  35.4953993899  50.2133500803  47.7382701275
57.1  70.9299901253  35.4649950627  50.1701352462  47.6972090948
57.2  70.8698254979  35.434912749  50.1273790036  47.6565836997
57.3  70.810299977  35.4051499885  50.0850778237  47.6163905925
57.4  70.7514084371  35.3757042186  50.0432280334  47.5766262866
57.5  70.6931455505  35.3465727753  50.0018258175  47.5372871601
57.6  70.6355057894  35.3177528947  49.96086722  47.4983694572
57.7  70.5784834287  35.2892417144  49.9203481461  47.4598692899
57.8  70.5220725483  35.2610362742  49.8802643639  47.42178264
57.9  70.4662670359  35.233133518  49.8406115061  47.3841053603
58.0  70.4110605895  35.2055302947  49.8013850723  47.3468331771
58.1  70.3564467202  35.1782233601  49.7625804303  47.3099616913
58.2  70.3024187552  35.1512093776  49.7241928188  47.2734863809
58.3  70.24896984  35.12448492  49.6862173486  47.2374026023
58.4  70.196092942  35.098046471  49.6486490051  47.2017055927
58.5  70.1437808528  35.0718904264  49.6114826504  47.1663904716
58.6  70.0920261918  35.0460130959  49.5747130249  47.1314522434
58.7  70.0408214086  35.0204107043  49.5383347501  47.0968857989
58.8  69.9901587863  34.9950793932  49.5023423303  47.0626859173
58.9  69.9400304451  34.9700152225  49.466730155  47.0288472688
59.0  69.8904283445  34.9452141722  49.4314925008  46.9953644165
59.1  69.8413442873  34.9206721437  49.3966235342  46.9622318182
59.2  69.7927699227  34.8963849613  49.3621173135  46.929443829
59.3  69.7446967492  34.8723483746  49.3279677912  46.8969947035
59.4  69.6971161185  34.8485580593  49.2941688164  46.8648785976
59.5  69.6500192386  34.8250096193  49.2607141372  46.8330895715
59.6  69.603397177  34.8016985885  49.2275974031  46.8016215912
59.7  69.5572408646  34.7786204323  49.1948121673  46.7704685315
59.8  69.5115410991  34.7557705495  49.1623518894  46.7396241778
59.9  69.4662885482  34.7331442741  49.1302099379  46.7090822288
60.0  69.4214737537  34.7107368768  49.0983795923  46.6788362989
60.0  69.4214737537  34.7107368768  49.0983795923  46.6788362989
60.1  69.3770871346  34.6885435673  49.0668540463  46.6488799206
60.2  69.3331189912  34.6665594956  49.0356264098  46.6192065466
60.3  69.2895595086  34.6447797543  49.0046897118  46.589809553
60.4  69.2463987602  34.6231993801  48.9740369031  46.5606822409
60.5  69.203626712  34.601813356  48.9436608586  46.5318178399
60.6  69.1612332256  34.5806166128  48.9135543803  46.5032095096
60.7  69.119208063  34.5596040315  48.8837101999  46.474850343
60.8  69.0775408894  34.5387704447  48.8541209814  46.4467333687
60.9  69.036221278  34.518110639  48.8247793238  46.4188515536
61.0  68.9952387133  34.4976193566  48.7956777643  46.3911978054
61.1  68.9545825951  34.4772912976  48.7668087805  46.3637649752
61.2  68.9142422428  34.4571211214  48.7381647934  46.3365458604
61.3  68.8742068991  34.4371034495  48.7097381702  46.3095332074
61.4  68.8344657338  34.4172328669  48.6815212274  46.2827197137
61.5  68.7950078485  34.3975039242  48.6535062331  46.2560980314
61.6  68.7558222798  34.3779111399  48.6256854104  46.2296607693
61.7  68.7168980041  34.358449002  48.5980509397  46.2034004959
61.8  68.678223941  34.3391119705  48.5705949622  46.1773097421
61.9  68.6397889582  34.3198944791  48.5433095824  46.151381004
62.0  68.6015818749  34.3007909374  48.5161868709  46.1256067455
62.1  68.5635914662  34.2817957331  48.4892188677  46.0999794013
62.2  68.5258064674  34.2629032337  48.4623975849  46.0744913794
62.3  68.488215578  34.244107789  48.4357150096  46.0491350643
62.4  68.4508074657  34.2254037329  48.409163107  46.0239028193
62.5  68.4135707712  34.2067853856  48.3827338233  45.9987869897
62.6  68.3764941114  34.1882470557  48.3564190884  45.9737799055
62.7  68.3395660848  34.1697830424  48.3302108193  45.9488738842
62.8  68.3027752746  34.1513876373  48.3041009229  45.9240612334
62.9  68.2661102536  34.1330551268  48.2780812989  45.8993342542
63.0  68.2295595883  34.1147797941  48.2521438426  45.8746852436
63.1  68.1931118429  34.0965559214  48.2262804484  45.8501064972
63.2  68.1567555838  34.0783777919  48.2004830125  45.8255903126
63.3  68.1204793837  34.0602396918  48.1747434355  45.8011289916
63.4  68.0842718258  34.0421359129  48.1490536263  45.7767148435
63.5  68.0481215081  34.024060754  48.123405504  45.7523401879
63.6  68.0120170477  34.0060085238  48.097791002  45.7279973573
63.7  67.9759470848  33.9879735424  48.07220207  45.7036787
63.8  67.9399002871  33.9699501436  48.0466306777  45.6793765831
63.9  67.903865354  33.951932677  48.021068817  45.6550833952
64.0  67.8678310209  33.9339155105  47.9955085061  45.6307915493
64.1  67.8317860631  33.9158930315  47.9699417914  45.6064934855
64.2  67.7957193002  33.8978596501  47.944360751  45.5821816741
64.3  67.7596196003  33.8798098002  47.9187574975  45.5578486179
64.4  67.7234758843  33.8617379422  47.8931241809  45.5334868554
64.5  67.6872771296  33.8436385648  47.8674529919  45.5090889637
64.6  67.6510123748  33.8255061874  47.8417361641  45.4846475608
64.7  67.6146707234  33.8073353617  47.8159659779  45.4601553088
64.8  67.5782413481  33.7891206741  47.7901347623  45.4356049165
64.9  67.5417134951  33.7708567475  47.7642348988  45.4109891423
65.0  67.5050764875  33.7525382437  47.7382588236  45.3863007963
65.1  67.4683197303  33.7341598651  47.7121990307  45.3615327442
65.2  67.4314327136  33.7157163568  47.6860480748  45.3366779088
65.3  67.3944050172  33.6972025086  47.6597985742  45.3117292734
65.4  67.3572263141  33.678613157  47.6334432132  45.2866798845
65.5  67.319886375  33.6599431875  47.6069747455  45.2615228541
65.6  67.2823750717  33.6411875358  47.5803859964  45.2362513624
65.7  67.2446823814  33.6223411907  47.553669866  45.2108586607
65.8  67.2067983904  33.6033991952  47.5268193319  45.1943116373
65.9  67.1687132979  33.5843566489  47.4998274515  45.1558985662
66.0  67.1304174201  33.56520871  47.4726873652  45.1175181846
66.1  67.0919011936  33.5459505968  47.4453922988  45.079170464
66.2  67.0531551797  33.5265775898  47.4179355663  45.0408553757
66.3  67.0141700672  33.5070850336  47.3903105722  45.0025728914
66.4  66.9749366773  33.4874683387  47.3625108148  44.9643229824
66.5  66.9354459661  33.467722983  47.3345298879  44.9261056203
66.6  66.895689029  33.4478445145  47.3063614839  44.8879207768
66.7  66.8556571038  33.4278285519  47.2779993964  44.8497684234
66.8  66.8153415746  33.4076707873  47.2494375221  44.8116485319
66.9  66.7747339751  33.3873669875  47.2206698641  44.7735610739
67.0  66.7338259916  33.3669129958  47.1916905334  44.7355060211
67.1  66.6926094675  33.3463047337  47.1624937522  44.6974833455
67.2  66.6510764054  33.3255382027  47.1330738556  44.6594930187
67.3  66.6092189715  33.3046094857  47.1034252942  44.6215350127
67.4  66.5670294978  33.2835147489  47.0735426365  44.5836092993
67.5  66.5245004864  33.2622502432  47.0434205709  44.5457158505
67.6  66.4816246117  33.2408123058  47.0130539081  44.5078546382
67.7  66.4383947241  33.219197362  46.9824375833  44.4700256345
67.8  66.3948038529  33.1974019264  46.9515666585  44.4322288113
67.9  66.3508452092  33.1754226046  46.9204363241  44.3944641408
68.0  66.3065121889  33.1532560945  46.8890419016  44.3567315951
68.1  66.2617983757  33.1308991878  46.8573788451  44.3190311462
68.2  66.2166975437  33.1083487719  46.8254427439  44.2813627665
68.3  66.1779816912  33.0889908456  46.7980224351  44.243726428
68.4  66.1248660666  33.0624330333  46.7604198916  44.2061221031
68.5  66.0717930736  33.0358965368  46.7228481166  44.1685497639
68.6  66.018762678  33.009381339  46.6853070771  44.131009383
68.7  65.9657748455  32.9828874227  46.6477967403  44.0935009325
68.8  65.9128295419  32.956414771  46.6103170735  44.0560243848
68.9  65.8599267332  32.9299633666  46.572868044  44.0185797125
69.0  65.8070663852  32.9035331926  46.5354496194  43.9811668878
69.1  65.7542484639  32.877124232  46.4980617674  43.9437858833
69.2  65.7014729352  32.8507364676  46.460704456  43.9064366716
69.3  65.6487397651  32.8243698825  46.4233776529  43.8691192251
69.4  65.5960489195  32.7980244598  46.3860813263  43.8318335164
69.5  65.5434003646  32.7717001823  46.3488154445  43.7945795181
69.6  65.4907940663  32.7453970332  46.3115799758  43.7573572029
69.7  65.4382299908  32.7191149954  46.2743748888  43.7201665434
69.8  65.3857081041  32.6928540521  46.2372001519  43.6830075124
69.9  65.3332283725  32.6666141862  46.2000557339  43.6458800825
70.0  65.280790762  32.640395381  46.1629416038  43.6087842265
70.0  65.280790762  32.640395381  46.1629416038  43.6087842265
70.1  65.2283952388  32.6141976194  46.1258577304  43.5717199173
70.2  65.1760417693  32.5880208846  46.0888040829  43.5346871276
70.3  65.1237303195  32.5618651598  46.0517806305  43.4976858302
70.4  65.0714608559  32.5357304279  46.0147873425  43.4607159982
70.5  65.0192333446  32.5096166723  45.9778241884  43.4237776043
70.6  64.9670477521  32.4835238761  45.9408911377  43.3868706216
70.7  64.9149040447  32.4574520224  45.9039881602  43.3499950229
70.8  64.8628021888  32.4314010944  45.8671152255  43.3131507814
70.9  64.8107421507  32.4053710753  45.8302723037  43.27633787
71.0  64.7587238969  32.3793619485  45.7934593646  43.2395562618
71.1  64.7067473939  32.353373697  45.7566763785  43.2028059298
71.2  64.6548126082  32.3274063041  45.7199233155  43.1660868473
71.3  64.6029195062  32.3014597531  45.683200146  43.1293989873
71.4  64.5510680546  32.2755340273  45.6465068403  43.092742323
71.5  64.4992582199  32.2496291099  45.6098433691  43.0561168277
71.6  64.4474899687  32.2237449843  45.573209703  43.0195224745
71.7  64.3957632675  32.1978816338  45.5366058126  42.9829592367
71.8  64.3440780832  32.1720390416  45.5000316688  42.9464270876
71.9  64.2924343823  32.1462171912  45.4634872427  42.9099260005
72.0  64.2408321316  32.1204160658  45.426972505  42.8734559488
72.1  64.1892712977  32.0946356489  45.3904874271  42.8370169059
72.2  64.1377518475  32.0688759237  45.3540319801  42.800608845
72.3  64.0862737477  32.0431368739  45.3176061353  42.7642317397
72.4  64.0348369651  32.0174184826  45.2812098642  42.7278855635
72.5  63.9834414667  31.9917207333  45.2448431382  42.6915702897
72.6  63.9320872191  31.9660436096  45.2085059288  42.6552858919
72.7  63.8807741894  31.9403870947  45.1721982079  42.6190323437
72.8  63.8295023445  31.9147511722  45.1359199471  42.5828096185
72.9  63.7782716512  31.8891358256  45.0996711183  42.5466176901
73.0  63.7270820766  31.8635410383  45.0634516934  42.5104565319
73.1  63.6759335877  31.8379667939  45.0272616444  42.4743261177
73.2  63.6248261515  31.8124130757  44.9911009435  42.4382264211
73.3  63.5737597349  31.7868798675  44.9549695629  42.4021574158
73.4  63.5227343053  31.7613671526  44.9188674747  42.3661190755
73.5  63.4717498295  31.7358749147  44.8827946514  42.330111374
73.6  63.4208062747  31.7104031374  44.8467510654  42.2941342851
73.7  63.3699036082  31.6849518041  44.8107366892  42.2581877824
73.8  63.3190417971  31.6595208985  44.7747514954  42.22227184
73.9  63.2682208085  31.6341104043  44.7387954566  42.1863864316
74.0  63.2174406098  31.6087203049  44.7028685457  42.1505315311
74.1  63.1667011682  31.5833505841  44.6669707354  42.1147071123
74.2  63.1160024509  31.5580012255  44.6311019986  42.0789131493
74.3  63.0653444254  31.5326722127  44.5952623084  42.043149616
74.4  63.0147270588  31.5073635294  44.5594516377  42.0074164863
74.5  62.9641503187  31.4820751594  44.5236699596  41.9717137343
74.6  62.9136141724  31.4568070862  44.4879172474  41.936041334
74.7  62.8631185872  31.4315592936  44.4521934744  41.9003992594
74.8  62.8126635308  31.4063317654  44.4164986138  41.8647874847
74.9  62.7622489704  31.3811244852  44.380832639  41.8292059838
75.0  62.7118748737  31.3559374368  44.3451955236  41.793654731
75.1  62.6615412081  31.330770604  44.3095872411  41.7581337004
75.2  62.6112479412  31.3056239706  44.2740077651  41.7226428662
75.3  62.5609950406  31.2804975203  44.2384570692  41.6871822026
75.4  62.5107824738  31.2553912369  44.2029351273  41.6517516838
75.5  62.4606102086  31.2303051043  44.1674419131  41.616351284
75.6  62.4104782125  31.2052391063  44.1319774004  41.5809809776
75.7  62.3603864532  31.1801932266  44.0965415633  41.5456407388
75.8  62.3103348985  31.1551674493  44.0611343758  41.510330542
75.9  62.260323516  31.130161758  44.0257558118  41.4750503615
76.0  62.2103522736  31.1051761368  43.9904058456  41.4398001716
76.1  62.160421139  31.0802105695  43.9550844512  41.4045799469
76.2  62.11053008  31.05526504  43.9197916031  41.3693896616
76.3  62.0606790644  31.0303395322  43.8845272754  41.3342292903
76.4  62.0108680602  31.0054340301  43.8492914425  41.2990988074
76.5  61.9610970351  30.9805485176  43.814084079  41.2639981874
76.6  61.9113659572  30.9556829786  43.7789051592  41.2289274048
76.7  61.8616747943  30.9308373971  43.7437546577  41.1938864342
76.8  61.8120235144  30.9060117572  43.7086325491  41.1588752501
76.9  61.7624120855  30.8812060427  43.6735388081  41.1238938271
77.0  61.7128404756  30.8564202378  43.6384734094  41.0889421398
77.1  61.6633086528  30.8316543264  43.6034363277  41.0540201629
77.2  61.6138165851  30.8069082926  43.568427538  41.0191278709
77.3  61.5643642406  30.7821821203  43.533447015  40.9842652387
77.4  61.5149515875  30.7574757937  43.4984947337  40.9494322409
77.5  61.4655785938  30.7327892969  43.4635706692  40.9146288522
77.6  61.4162452278  30.7081226139  43.4286747964  40.8798550473
77.7  61.3669514576  30.6834757288  43.3938070904  40.8451108012
77.8  61.3176972514  30.6588486257  43.3589675265  40.8103960884
77.9  61.2684825776  30.6342412888  43.3241560797  40.7757108839
78.0  61.2193074043  30.6096537022  43.2893727254  40.7410551625
78.1  61.1701716999  30.58508585  43.2546174389  40.7064288991
78.2  61.1210754327  30.5605377164  43.2198901954  40.6718320685
78.3  61.0720185711  30.5360092855  43.1851909705  40.6372646457
78.4  61.0230010833  30.5115005416  43.1505197395  40.6027266056
78.5  60.9740229378  30.4870114689  43.1158764779  40.5682179232
78.6  60.9250841031  30.4625420516  43.0812611614  40.5337385733
78.7  60.8761845476  30.4380922738  43.0466737655  40.4992885312
78.8  60.8273242397  30.4136621198  43.0121142658  40.4648677716
78.9  60.7785031479  30.389251574  42.9775826381  40.4304762698
79.0  60.7297212409  30.3648606204  42.943078858  40.3961140008
79.1  60.680978487  30.3404892435  42.9086029014  40.3617809396
79.2  60.632274855  30.3161374275  42.8741547441  40.3274770615
79.3  60.5836103133  30.2918051567  42.8397343619  40.2932023414
79.4  60.5349848307  30.2674924154  42.8053417309  40.2589567546
79.5  60.4863983758  30.2431991879  42.7709768269  40.2247402763
79.6  60.4378509172  30.2189254586  42.7366396259  40.1905528816
79.7  60.3893424237  30.1946712118  42.7023301041  40.1563945459
79.8  60.3408728639  30.170436432  42.6680482375  40.1222652442
79.9  60.2924422067  30.1462211033  42.6337940022  40.088164952
80.0  60.2440504208  30.1220252104  42.5995673745  40.0540936445
80.0  60.2440504208  30.1220252104  42.5995673745  40.0540936445
80.1  60.195697475  30.0978487375  42.5653683305  40.020051297
80.2  60.1473833381  30.0736916691  42.5311968465  39.9860378848
80.3  60.099107979  30.0495539895  42.4970528989  39.9520533833
80.4  60.0508713666  30.0254356833  42.4629364639  39.9180977679
80.5  60.0026734697  30.0013367349  42.428847518  39.884171014
80.6  59.9545142573  29.9772571287  42.3947860376  39.8502730971
80.7  59.9063936984  29.9531968492  42.3607519992  39.8164039924
80.8  59.8583117619  29.9291558809  42.3267453793  39.7825636756
80.9  59.8102684168  29.9051342084  42.2927661543  39.7487521221
81.0  59.7622636321  29.8811318161  42.258814301  39.7149693074
81.1  59.714297377  29.8571486885  42.224889796  39.6812152071
81.2  59.6663696204  29.8331848102  42.1909926159  39.6474897967
81.3  59.6184803314  29.8092401657  42.1571227373  39.6137930518
81.4  59.5706294793  29.7853147397  42.1232801372  39.5801249479
81.5  59.5228170331  29.7614085166  42.0894647921  39.5464854608
81.6  59.475042962  29.737521481  42.0556766791  39.5128745659
81.7  59.4273072353  29.7136536176  42.0219157748  39.4792922391
81.8  59.3796098221  29.689804911  41.9881820563  39.445738456
81.9  59.3319506917  29.6659753458  41.9544755004  39.4122131923
82.0  59.2843298133  29.6421649067  41.9207960841  39.3787164236
82.1  59.2367471563  29.6183735782  41.8871437844  39.3452481258
82.2  59.18920269  29.594601345  41.8535185783  39.3118082747
82.3  59.1416963838  29.5708481919  41.8199204429  39.278396846
82.4  59.0942282069  29.5471141035  41.7863493554  39.2450138155
82.5  59.0467981289  29.5233990644  41.7528052928  39.211659159
82.6  58.999406119  29.4997030595  41.7192882323  39.1783328525
82.7  58.9520521469  29.4760260734  41.6857981512  39.1450348717
82.8  58.9047361818  29.4523680909  41.6523350266  39.1117651927
82.9  58.8574581934  29.4287290967  41.6188988359  39.0785237912
83.0  58.8102181512  29.4051090756  41.5854895564  39.0453106433
83.1  58.7630160247  29.3815080123  41.5521071655  39.0121257248
83.2  58.7158517834  29.3579258917  41.5187516404  38.9789690119
83.3  58.668725397  29.3343626985  41.4854229586  38.9458404804
83.4  58.621636835  29.3108184175  41.4521210976  38.9127401064
83.5  58.5745860672  29.2872930336  41.4188460348  38.8796678659
83.6  58.5275730632  29.2637865316  41.3855977478  38.8466237351
83.7  58.4805977926  29.2402988963  41.352376214  38.8136076899
83.8  58.4336602252  29.2168301126  41.3191814111  38.7806197065
83.9  58.3867603308  29.1933801654  41.2860133166  38.7476597611
84.0  58.339898079  29.1699490395  41.2528719082  38.7147278297
84.1  58.2930734397  29.1465367199  41.2197571636  38.6818238885
84.2  58.2462863827  29.1231431914  41.1866690604  38.6489479137
84.3  58.1995368778  29.0997684389  41.1536075764  38.6160998816
84.4  58.152824895  29.0764124475  41.1205726894  38.5832797683
84.5  58.1061504039  29.053075202  41.087564377  38.5504875501
84.6  58.0595133747  29.0297566873  41.0545826172  38.5177232034
84.7  58.0129137771  29.0064568886  41.0216273878  38.4849867042
84.8  57.9663515813  28.9831757906  40.9886986667  38.4522780291
84.9  57.919826757  28.9599133785  40.9557964318  38.4195971542
85.0  57.8733392745  28.9366696372  40.9229206609  38.386944056
85.1  57.8268891036  28.9134445518  40.8900713321  38.3543187109
85.2  57.7804762144  28.8902381072  40.8572484234  38.3217210952
85.3  57.734100577  28.8670502885  40.8244519128  38.2891511853
85.4  57.6877621616  28.8438810808  40.7916817784  38.2566089577
85.5  57.6414609382  28.8207304691  40.7589379982  38.2240943888
85.6  57.595196877  28.7975984385  40.7262205503  38.1916074552
85.7  57.5489699481  28.774484974  40.6935294128  38.1591481332
85.8  57.5027801218  28.7513900609  40.660864564  38.1267163995
85.9  57.4566273683  28.7283136841  40.6282259821  38.0943122305
86.0  57.4105116577  28.7052558289  40.5956136451  38.0619356028
86.1  57.3644329605  28.6822164803  40.5630275315  38.029586493
86.2  57.3183912469  28.6591956234  40.5304676195  37.9972648777
86.3  57.2723864871  28.6361932436  40.4979338873  37.9649707336
86.4  57.2264186516  28.6132093258  40.4654263133  37.9327040371
86.5  57.1804877107  28.5902438554  40.4329448758  37.900464765
86.6  57.1345936348  28.5672968174  40.4004895533  37.868252894
86.7  57.0887363943  28.5443681971  40.3680603241  37.8360684008
86.8  57.0429159596  28.5214579798  40.3356571667  37.8039112621
86.9  56.9971323012  28.4985661506  40.3032800595  37.7717814546
87.0  56.9513853896  28.4756926948  40.270928981  37.7396789551
87.1  56.9056751953  28.4528375976  40.2386039097  37.7076037403
87.2  56.8600016888  28.4300008444  40.2063048243  37.6755557871
87.3  56.8143648406  28.4071824203  40.1740317031  37.6435350723
87.4  56.7687646215  28.3843823107  40.1417845249  37.6115415727
87.5  56.7232010018  28.3616005009  40.1095632681  37.5795752652
87.6  56.6776739523  28.3388369762  40.0773679116  37.5476361266
87.7  56.6321834437  28.3160917218  40.0451984339  37.5157241339
87.8  56.5867294465  28.2933647233  40.0130548137  37.4838392639
87.9  56.5413119315  28.2706559658  39.9809370297  37.4519814936
88.0  56.4959308695  28.2479654347  39.9488450607  37.4201508
88.1  56.450586231  28.2252931155  39.9167788855  37.3883471601
88.2  56.405277987  28.2026389935  39.8847384828  37.3565705507
88.3  56.3600061082  28.1800030541  39.8527238313  37.324820949
88.4  56.3147705654  28.1573852827  39.8207349101  37.293098332
88.5  56.2695713295  28.1347856647  39.7887716979  37.2614026768
88.6  56.2244083712  28.1122041856  39.7568341736  37.2297339603
88.7  56.1792816616  28.0896408308  39.7249223161  37.1980921598
88.8  56.1341911715  28.0670955857  39.6930361043  37.1664772523
88.9  56.0891368717  28.0445684359  39.6611755173  37.1348892149
89.0  56.0441187334  28.0220593667  39.6293405339  37.1033280249
89.1  55.9991367274  27.9995683637  39.5975311332  37.0717936593
89.2  55.9541908248  27.9770954124  39.5657472942  37.0402860954
89.3  55.9092809966  27.9546404983  39.533988996  37.0088053104
89.4  55.8644072138  27.9322036069  39.5022562175  36.9773512816
89.5  55.8195694475  27.9097847237  39.470548938  36.9459239861
89.6  55.7747676687  27.8873838344  39.4388671365  36.9145234013
89.7  55.7300018487  27.8650009244  39.4072107922  36.8831495044
89.8  55.6852719585  27.8426359793  39.3755798842  36.8518022727
89.9  55.6405779694  27.8202889847  39.3439743917  36.8204816837
90.0  55.5959198524  27.7979599262  39.3123942939  36.7891877145
90.0  55.5959198524  27.7979599262  39.3123942939  36.7891877145
90.1  55.5512975788  27.7756487894  39.2808395701  36.7579203427
90.2  55.5067111198  27.7533555599  39.2493101994  36.7266795455
90.3  55.4621604468  27.7310802234  39.2178061612  36.6954653004
90.4  55.4176455309  27.7088227654  39.1863274348  36.6642775849
90.5  55.3731663434  27.6865831717  39.1548739995  36.6331163763
90.6  55.3287228558  27.6643614279  39.1234458345  36.6019816521
90.7  55.2843150392  27.6421575196  39.0920429193  36.5708733899
90.8  55.2399428652  27.6199714326  39.0606652333  36.539791567
90.9  55.1956063051  27.5978031525  39.0293127559  36.5087361611

#SVE monte-carlo points sigmaR (r, sigmaR_med, sigmaR_std)
15.2  111.503361581  2.86808479217
18.7  98.8102528663  2.01903100128
22.1  91.6994572145  1.42374237152
25.6  88.7846907014  1.00453411263
29.1  88.4901438039  0.713129348524
32.5  88.9107966756  0.507669016389
36.0  88.7046092797  0.351427338067
39.5  87.178627681  0.237779250232
42.9  84.4359190879  0.159387992259
46.4  80.7880571593  0.103986900878
49.9  76.9795668139  0.0673588000185
53.3  74.1375071674  0.388915322759
56.8  71.831010804  0.698166167705
60.2  69.9924432103  0.647818014521
63.7  68.3651043141  0.38205724969
67.2  66.667382379  0.237413004298
70.6  64.8496954871  0.312662896121
74.1  63.0304049695  0.385656947218
77.6  61.2622558445  0.45430888408
81.0  59.5922292621  0.5170183036
84.5  57.9207210992  0.577649125135
88.0  56.2961919624  0.634471080222

#SVE monte-carlo points sigmaZ (r, sigmaZ_med, sigmaZ_std)
15.6  54.8916998581  1.38020740025
19.1  48.856183515  0.968656230827
22.5  45.5851487434  0.683628051936
26.0  44.3282026773  0.482943444275
29.5  44.2672634445  0.342798119026
32.9  44.4695041792  0.243645149165
36.4  44.3012198074  0.168239090873
39.9  43.4573687382  0.113534757385
43.3  42.0247521335  0.0759466198653
46.8  40.1739629415  0.0494856833424
50.2  38.3334599116  0.032447462723
53.7  36.9255289764  0.222176188418
57.2  35.7979127408  0.354265130711
60.6  34.8983538122  0.312293755017
64.1  34.0931422072  0.1738895831
67.6  33.2254571085  0.123247015118
71.0  32.3195707044  0.160615465674
74.5  31.4128849246  0.196859540312
78.0  30.5316864791  0.230943387179
81.4  29.6993895387  0.262072874796
84.9  28.8663540602  0.292166329084
88.4  28.0567315307  0.320365006076

#SVE monte-carlo points sigmaPhi (r, sigmaPhi_med, sigmaPhi_std)
16.1  81.0600940351  0.41555994146
19.6  71.0033272136  0.2972224726
23.0  65.785906803  0.212937935488
26.5  63.7104278544  0.152029968192
30.0  63.3738994043  0.108509589806
33.4  63.389999928  0.0772490000203
36.9  62.8633096495  0.0533089236423
40.3  61.47051601  0.0363393205824
43.8  59.2162044645  0.0239952168035
47.3  56.5113766587  0.0156245240007
50.7  53.9053089493  0.0102483092943
54.2  52.0097011891  0.393324886471
57.7  50.4473031799  0.528603961268
61.1  49.1997492994  0.433974361921
64.6  48.067383502  0.226288249016
68.1  46.8040129685  0.188930416034
71.5  45.5258262026  0.239090417975
75.0  44.2472470274  0.288380221679
78.5  43.0050989897  0.335156536804
81.9  41.8321909439  0.378143094914
85.4  40.658450223  0.419875458481
88.9  39.5178369037  0.459095124036
