#SVE points (r, sigmaR, sigmaZ, sigmaPhi, sigmaMajRestored)
26.2  232.788889919  37.540942814  175.897906229  93.7657194524
26.3  231.763521554  38.4274155297  175.076324695  93.6505716236
26.4  230.745430186  39.2825898017  174.260827326  93.5363586056
26.5  229.73504721  40.1081851854  173.451732799  93.4231009541
26.6  228.732796592  40.9057313016  172.649353874  93.3108192457
26.7  227.739094253  41.6765975099  171.853996937  93.1995340696
26.8  226.754347474  42.4220170325  171.06596156  93.0892660187
26.9  225.778954317  43.1431067534  170.285540079  92.9800356808
27.0  224.813303055  43.8408835995  169.513017176  92.8718636302
27.1  223.857771629  44.5162781858  168.748669485  92.7647704187
27.2  222.912727117  45.1701462673  167.992765197  92.6587765675
27.3  221.978525225  45.8032784045  167.2455637  92.5539025585
27.4  221.055509797  46.4164081706  166.507315219  92.4501688258
27.5  220.144012346  47.0102191575  165.778260474  92.3475957474
27.6  219.244351603  47.5853509856  165.05863036  92.2462036369
27.7  218.356833105  48.1424044703  164.348645651  92.1460127352
27.8  217.481748772  48.6819461149  163.648516695  92.0470432021
27.9  216.619376552  49.2045119843  162.95844316  91.9493151089
28.0  215.76998005  49.7106111038  162.278613777  91.8528484293
28.1  214.933808213  50.2007284165  161.609206111  91.7576630321
28.2  214.11109502  50.6753273835  160.950386351  91.6637786733
28.3  213.302059211  51.1348522685  160.302309116  91.5712149879
28.4  212.506904042  51.5797301507  159.66511729  91.4799914824
28.5  211.725817058  52.0103727069  159.038941867  91.3901275268
28.6  210.958969904  52.4271777871  158.423901824  91.3016423475
28.7  210.206518166  52.8305308092  157.820104019  91.2145550192
28.8  209.468601233  53.2208060028  157.227643102  91.128884458
28.9  208.745342184  53.5983675206  156.646601447  91.0446494136
29.0  208.036847729  53.9635704103  156.077049121  90.9618684621
29.1  207.343208147  54.3167615045  155.519043857  90.8805599992
29.2  206.664497266  54.6582802038  154.972631052  90.8007422324
29.3  206.000772492  54.9884591682  154.437843806  90.7224331747
29.4  205.35207483  55.307624953  153.914702949  90.6456506373
29.5  204.718428963  55.6160985641  153.403217118  90.5704122226
29.6  204.099843348  55.9141959549  152.903382843  90.4967353179
29.7  203.496310341  56.2022284744  152.415184657  90.4246370886
29.8  202.907806344  56.4805032688  151.938595215  90.3541344715
29.9  202.334291995  56.7493236291  151.473575455  90.2852441684
30.0  201.775712368  57.0089893104  151.020074758  90.2179826401
30.0  201.775712367  57.0089893112  151.020074757  90.2179826401
30.1  201.231997198  57.2597968138  150.578031133  90.1523660996
30.2  200.703061148  57.5020396285  150.147371425  90.0884105064
30.3  200.188804091  57.7360084478  149.728011542  90.0261315602
30.4  199.689111387  57.9619913759  149.319856671  89.9655446949
30.5  199.203854243  58.1802740734  148.922801561  89.9066650733
30.6  198.732890025  58.3911399188  148.536730767  89.8495075806
30.7  198.276062647  58.5948701205  148.16151895  89.7940868193
30.8  197.833202934  58.7917438302  147.797031161  89.7404171036
30.9  197.404129034  58.9820382242  147.443123154  89.6885124537
31.0  196.988646832  59.1660285728  147.09964171  89.6383865909
31.1  196.586550371  59.3439883029  146.766424956  89.5900529321
31.2  196.197622308  59.5161890304  146.443302716  89.5435245849
31.3  195.821634352  59.682900598  146.130096843  89.4988143424
31.4  195.458347745  59.8443910832  145.82662159  89.4559346785
31.5  195.107513738  60.0009268014  145.532683967  89.4148977433
31.6  194.768874055  60.1527723087  145.248084097  89.3757153581
31.7  194.442161401  60.3001903758  144.972615598  89.338399011
31.8  194.127099953  60.4434419641  144.706065956  89.3029598526
31.9  193.823405852  60.5827861911  144.448216896  89.2694086915
32.0  193.530787713  60.7184802843  144.198844769  89.2377559903
32.1  193.248947122  60.8507795296  143.957720922  89.2080118614
32.2  192.97757915  60.9799372081  143.724612086  89.1801860631
32.3  192.716372844  61.1062045327  143.499280747  89.1542879956
32.4  192.465011738  61.2298305673  143.281485527  89.1303266974
32.5  192.223174355  61.3510621478  143.070981559  89.1083108416
32.6  191.99053469  61.4701437972  142.867520849  89.0882487326
32.7  191.766762712  61.5873176265  142.670852655  89.0701483024
32.8  191.551524853  61.7028232361  142.48072384  89.0540171074
32.9  191.344484473  61.8168976141  142.296879234  89.0398623254
33.0  191.145302349  61.9297750225  142.119061986  89.0276907525
33.1  190.953637135  62.0416868828  141.94701391  89.0175088
33.2  190.769145804  62.1528616672  141.780475812  89.0093224918
33.3  190.591484126  62.2635247588  141.619187845  89.0031374615
33.4  190.420307085  62.3738983376  141.462889816  88.99895895
33.5  190.255269312  62.4842012518  141.311321509  88.996791803
33.6  190.096025505  62.5946488815  141.164222992  88.9966404685
33.7  189.942230842  62.7054530071  141.02133492  88.9985089947
33.8  189.793541377  62.81682167  140.882398833  89.002401028
33.9  189.64961443  62.9289590374  140.747157433  89.0083198107
34.0  189.51010894  63.0420652733  140.615354853  89.0162681792
34.1  189.374685862  63.1563363844  140.486736939  89.0262485623
34.2  189.243008515  63.271964082  140.361051511  89.0382629797
34.3  189.114742886  63.3891356643  140.238048583  89.0523130402
34.4  188.989558017  63.5080338493  140.117480642  89.0683999402
34.5  188.867126277  63.6288366615  139.999102849  89.0865244626
34.6  188.747123696  63.7517172827  139.882673286  89.1066869757
34.7  188.629230234  63.8768439381  139.767953139  89.1288874317
34.8  188.513130099  64.0043797432  139.654706943  89.1531253661
34.9  188.398511993  64.1344825974  139.542702746  89.1793998966
35.0  188.285069384  64.2673050536  139.431712316  89.2077097226
35.1  188.172500752  64.4029942045  139.321511312  89.2380531243
35.2  188.060509837  64.5416915664  139.211879463  89.2704279623
35.3  187.948805859  64.6835329756  139.102600726  89.3048316771
35.4  187.837103741  64.8286484854  138.993463449  89.3412612889
35.5  187.725124324  64.9771622688  138.884260514  89.3797133975
35.6  187.612594546  65.1291925389  138.774789476  89.4201841819
35.7  187.499247657  65.2848514537  138.66485271  89.4626694006
35.8  187.384823375  65.4442450561  138.554257519  89.5071643915
35.9  187.269068074  65.6074731981  138.44281627  89.5536640724
36.0  187.151734929  65.7746294891  138.330346496  89.6021629411
36.1  187.032584082  65.945801242  138.216671007  89.6526550761
36.2  186.911382754  66.1210694471  138.101617976  89.7051341368
36.3  186.787905449  66.3005087051  137.985021072  89.7595933648
36.4  186.66193399  66.48418725  137.866719493  89.8160255837
36.5  186.533257706  66.6721669028  137.746558085  89.874423201
36.6  186.401673507  66.8645030821  137.624387404  89.9347782082
36.7  186.266985998  67.061244808  137.500063782  89.9970821828
36.8  186.129007572  67.2624347146  137.3734494  90.0613262883
36.9  185.987558495  67.4681090788  137.244412336  90.1275012767
37.0  185.842466998  67.6782978465  137.112826634  90.1955974891
37.1  185.693569324  67.8930246898  136.978572326  90.2656048573
37.2  185.540709826  68.112307046  136.841535502  90.3375129055
37.3  185.383740996  68.3361561911  136.701608326  90.4113107523
37.4  185.222523528  68.5645773098  136.558689072  90.4869871116
37.5  185.0569264  68.7975695536  136.412682185  90.5645302953
37.6  184.886826822  69.0351261772  136.263498231  90.643928215
37.7  184.712110379  69.2772345793  136.111053997  90.7251683839
37.8  184.532670985  69.5238764434  135.955272456  90.808237919
37.9  184.348410923  69.7750278399  135.796082786  90.8931235437
38.0  184.159240833  70.0306593576  135.633420355  90.9798115895
38.1  183.965079802  70.2907361914  135.467226787  91.0682879991
38.2  183.765855272  70.5552183194  135.297449881  91.1585383284
38.3  183.561503056  70.8240606309  135.124043625  91.2505477493
38.4  183.351967403  71.0972130355  134.946968232  91.3443010526
38.5  183.137200861  71.3746206709  134.766190036  91.4397826504
38.6  182.917164364  71.6562240029  134.581681554  91.5369765792
38.7  182.691827136  71.9419590178  134.393421405  91.6358665028
38.8  182.461166659  72.2317573823  134.201394283  91.7364357153
38.9  182.225168722  72.525546569  134.005590988  91.8386671444
39.0  181.983827214  72.8232500972  133.806008272  91.9425433542
39.1  181.737144234  73.1247876323  133.602648908  92.0480465491
39.2  181.485129953  73.4300751935  133.39552159  92.1551585764
39.3  181.227802509  73.7390253458  133.18464085  92.2638609304
39.4  180.965188078  74.0515473168  132.970027101  92.3741347555
39.5  180.697320645  74.3675472378  132.751706471  92.4859608503
39.6  180.424241991  74.6869282919  132.529710784  92.5993196703
39.7  180.146001667  75.0095908639  132.304077539  92.7141913329
39.8  179.862656766  75.3354327755  132.074849735  92.8305556202
39.9  179.57427194  75.664349411  131.842075886  92.9483919834
40.0  179.28091925  75.9962339103  131.605809899  93.0676795466
40.1  178.982678039  76.3309773497  131.366110983  93.1883971108
40.2  178.67963485  76.668468899  131.123043582  93.3105231582
40.3  178.371883295  77.0085959931  130.876677277  93.4340358561
40.4  178.059523889  77.3512445157  130.627086657  93.5589130614
40.5  177.74266399  77.6962989334  130.374351277  93.6851323245
40.6  177.421417612  78.043642476  130.118555512  93.8126708943
40.7  177.09590524  78.3931573114  129.859788424  93.9415057219
40.8  176.766253748  78.744724673  129.598143693  94.0716134655
40.9  176.432596259  79.0982250047  129.333719516  94.2029704951
41.0  176.095071839  79.4535381676  129.066618377  94.3355528966
41.1  175.753825513  79.8105435106  128.796947057  94.469336477
41.2  175.409007984  80.1691200538  128.524816428  94.6042967686
41.3  175.060775455  80.5291466259  128.250341314  94.7404090343
41.4  174.709289418  80.8905020065  127.97364034  94.8776482721
41.5  174.354716598  81.2530650029  127.694835889  95.0159892201
41.6  173.997228596  81.6167146377  127.414053833  95.1554063612
41.7  173.637001734  81.9813302518  127.131423423  95.2958739285
41.8  173.274216928  82.34679159  126.847077191  95.4373659102
41.9  172.909059339  82.7129789651  126.561150697  95.5798560545
42.0  172.541718268  83.0797733245  126.273782445  95.7233178748
42.1  172.172386881  83.4470563733  125.985113684  95.8677246551
42.2  171.801261963  83.8147106807  125.695288229  96.0130494549
42.3  171.428543776  84.1826197427  125.404452351  96.1592651147
42.4  171.054435646  84.5506681371  125.112754476  96.3063442614
42.5  170.679143957  84.9187415261  124.820345183  96.4542593132
42.6  170.302877663  85.2867268254  124.52737684  96.6029824855
42.7  169.925848221  85.6545122175  124.234003562  96.752485796
42.8  169.548269269  86.0219872531  123.94038097  96.9027410704
42.9  169.170356347  86.3890429256  123.646665988  97.0537199477
43.0  168.792326629  86.7555717436  123.353016649  97.205393886
43.1  168.414398765  87.1214677551  123.059591977  97.3577341675
43.2  168.036792511  87.4866266429  122.766551718  97.510711905
43.3  167.659728416  87.8509457942  122.474056114  97.6642980467
43.4  167.28342772  88.2143242942  122.182265824  97.8184633823
43.5  166.908111942  88.5766630208  121.891341629  97.9731785487
43.6  166.534002673  88.9378646667  121.601444276  98.1284140355
43.7  166.16132124  89.2978337982  121.312734242  98.284140191
43.8  165.790288475  89.6564768787  121.025371554  98.4403272277
43.9  165.421124456  90.0137022946  120.739515615  98.5969452283
44.0  165.054048222  90.3694203897  120.455324987  98.7539641514
44.1  164.689277394  90.7235435248  120.17295712  98.9113538376
44.2  164.327028094  91.0759860381  119.892568293  99.069084015
44.3  163.967514526  91.4266643136  119.614313311  99.2271243051
44.4  163.610948695  91.7754967998  119.338345304  99.3854442292
44.5  163.257540251  92.1224039899  119.064815609  99.5440132136
44.6  162.907496189  92.4673084421  118.793873559  99.7028005959
44.7  162.561020412  92.8101348444  118.525666163  99.8617756312
44.8  162.218313756  93.1508099308  118.260338128  100.020907497
44.9  161.879573537  93.4892625459  117.998031532  100.180165302
45.0  161.544993349  93.825423632  117.738885676  100.339518087
45.0  161.544993359  93.825423629  117.738885683  100.339518087
45.1  161.214762833  94.159226221  117.483036921  100.498934835
45.2  160.889067394  94.4906054459  117.230618483  100.658384478
45.3  160.568088074  94.8194984998  116.981760345  100.817835898
45.4  160.252001126  95.1458446891  116.736588943  100.977257938
45.5  159.940977991  95.4695853621  116.495227165  101.136619406
45.6  159.635185  95.7906639242  116.25779412  101.295889081
45.7  159.334783146  96.1090258275  116.02440499  101.455035718
45.8  159.039928013  96.4246185199  115.795170971  101.614028055
45.9  158.750769183  96.7373915438  115.570198851  101.772834822
46.0  158.46745067  97.0472963376  115.349591324  101.93142474
46.1  158.190110335  97.354286337  115.133446571  102.089766534
46.2  157.918879732  97.6583169485  114.921858149  102.247828935
46.3  157.653884121  97.9593454787  114.714915005  102.405580688
46.4  157.395242228  98.2573311386  114.512701302  102.562990556
46.5  157.143066112  98.5522350169  114.315296332  102.720027327
46.6  156.897461102  98.8440200377  114.122774463  102.87665982
46.7  156.658525627  99.132650949  113.935205029  103.032856892
46.8  156.426351117  99.4180942932  113.752652255  103.188587443
46.9  156.201021888  99.7003183858  113.575175179  103.34382042
47.0  155.982615239  99.9792932364  113.402827726  103.498524826
47.1  155.771201237  100.254990559  113.235658553  103.652669725
47.2  155.566842515  100.527383783  113.073710908  103.806224246
47.3  155.36959473  100.796447879  112.917022963  103.959157593
47.4  155.179505857  101.062159516  112.76562731  104.111439046
47.5  154.996616843  101.324496844  112.619551432  104.26303797
47.6  154.82096104  101.583439609  112.478817299  104.413923819
47.7  154.652564573  101.838969025  112.343441638  104.564066145
47.8  154.491446333  102.091067744  112.213435928  104.713434599
47.9  154.337617665  102.339719912  112.088806181  104.861998939
48.0  154.191082902  102.584911007  111.96955333  105.009729039
48.1  154.051839075  102.826627886  111.855673022  105.156594889
48.2  153.919876032  103.064858746  111.747155704  105.302566603
48.3  153.795176662  103.299593038  111.643986796  105.447614427
48.4  153.677716663  103.530821522  111.546146519  105.59170874
48.5  153.567465172  103.75853609  111.453610357  105.734820065
48.6  153.464384101  103.982729929  111.366348576  105.876919068
48.7  153.368429036  104.203397282  111.284326882  106.017976571
48.8  153.279548895  104.420533536  111.207506174  106.157963551
48.9  153.197686012  104.634135197  111.135842605  106.296851149
49.0  153.122776511  104.844199794  111.069287861  106.434610674
49.1  153.054750374  105.050725868  111.007789206  106.571213609
49.2  152.993531539  105.253712951  110.951289559  106.706631617
49.3  152.939038093  105.453161521  110.899727636  106.840836545
49.4  152.891182254  105.649073023  110.853037938  106.973800428
49.5  152.849870821  105.841449759  110.811151079  107.105495499
49.6  152.815005206  106.030294892  110.773993813  107.235894189
49.7  152.786481718  106.215612398  110.741489236  107.364969135
49.8  152.764191281  106.39740714  110.713556591  107.492693184
49.9  152.748020239  106.575684694  110.690111847  107.619039399
50.0  152.737850225  106.750451389  110.671067608  107.743981062
50.1  152.733558173  106.921714334  110.65633312  107.867491683
50.2  152.735016953  107.089481272  110.645814739  107.989544999
50.3  152.742095237  107.253760639  110.639415827  108.110114985
50.4  152.75465774  107.414561524  110.637036934  108.229175854
50.5  152.772565145  107.571893713  110.638575739  108.346702064
50.6  152.795674794  107.725767537  110.643927559  108.462668324
50.7  152.823840859  107.876193857  110.652985462  108.577049595
50.8  152.8569138  108.023184223  110.66563989  108.689821098
50.9  152.894741403  108.166750639  110.681779398  108.800958316
51.0  152.937168487  108.306905666  110.70129045  108.910437002
51.1  152.984037195  108.443662371  110.724057626  109.018233179
51.2  153.035187033  108.577034343  110.749963656  109.124323148
51.3  153.09045549  108.707035572  110.778889863  109.22868349
51.4  153.149677606  108.833680573  110.810715853  109.331291071
51.5  153.212686528  108.956984282  110.845319919  109.432123048
51.6  153.279313446  109.076962092  110.882578994  109.531156871
51.7  153.349388241  109.193629722  110.922369119  109.628370286
51.8  153.422738817  109.307003407  110.964564959  109.723741344
51.9  153.499192027  109.417099694  111.009040475  109.817248399
52.0  153.578573491  109.523935511  111.055668795  109.908870116
52.1  153.660707428  109.627528234  111.10432208  109.998585474
52.2  153.745417645  109.727895468  111.154872257  110.086373768
52.3  153.832526547  109.825055311  111.207190287  110.172214616
52.4  153.92185642  109.919026066  111.261147102  110.256087959
52.5  154.013228886  110.009826393  111.316613207  110.337974067
52.6  154.106464889  110.097475339  111.373458669  110.417853543
52.7  154.201385267  110.181992215  111.431553533  110.495707324
52.8  154.297810568  110.263396664  111.490767684  110.571516688
52.9  154.395561465  110.341708578  111.550971151  110.645263252
53.0  154.494458458  110.416948192  111.612033889  110.716928982
53.1  154.594322673  110.489135907  111.673826354  110.786496191
53.2  154.694974662  110.558292601  111.736218639  110.853947544
53.3  154.796236096  110.624439232  111.799081695  110.919266061
53.4  154.897928388  110.687597193  111.862286333  110.98243512
53.5  154.999874329  110.747787929  111.925704412  111.043438461
53.6  155.101896446  110.80503335  111.989207642  111.102260187
53.7  155.203818801  110.85935541  112.052668893  111.158884768
53.8  155.305465324  110.910776527  112.115960982  111.213297043
53.9  155.406661391  110.959319211  112.178957819  111.265482222
54.0  155.507233431  111.005006172  112.241534116  111.315425893
54.1  155.607008499  111.047860439  112.303565083  111.363114017
54.2  155.705814948  111.087905203  112.364926908  111.408532938
54.3  155.803481906  111.125163958  112.425496382  111.451669381
54.4  155.89984065  111.159660179  112.485151889  111.492510453
54.5  155.994722494  111.191417839  112.543771879  111.531043651
54.6  156.087961032  111.220460878  112.601236489  111.567256859
54.7  156.179391016  111.24681348  112.65742673  111.601138352
54.8  156.268848175  111.270500127  112.712224357  111.632676797
54.9  156.35617052  111.291545288  112.765512808  111.661861256
55.0  156.441197083  111.309973731  112.817176294  111.688681189
55.1  156.523769168  111.325810223  112.867100703  111.713126452
55.2  156.603729041  111.339079858  112.91517265  111.735187302
55.3  156.680921033  111.349807789  112.961280275  111.754854398
55.4  156.755191492  111.358019248  113.005313206  111.772118801
55.5  156.826388274  111.363739667  113.04716219  111.786971979
55.6  156.894361381  111.36699453  113.086719554  111.799405803
55.7  156.95896268  111.367809445  113.123879001  111.809412553
55.8  157.020046375  111.366210025  113.158535948  111.816984917
55.9  157.077468335  111.36222206  113.190587044  111.822115994
56.0  157.131086729  111.355871356  113.219930621  111.824799291
56.1  157.18076194  111.347183764  113.246466636  111.82502873
56.2  157.226356539  111.336185179  113.270096651  111.822798644
56.3  157.267735634  111.322901459  113.29072408  111.818103778
56.4  157.304766115  111.307358607  113.308253647  111.810939295
56.5  157.337318337  111.289582356  113.322592597  111.801300771
56.6  157.365263898  111.269598716  113.333649096  111.789184196
56.7  157.388477443  111.247433525  113.341333522  111.774585978
56.8  157.406836537  111.223112482  113.345558384  111.757502942
56.9  157.420221082  111.196661282  113.346237893  111.73793233
57.0  157.428513892  111.168105478  113.343288375  111.715871798
57.1  157.431599519  111.137470761  113.33662743  111.691319424
57.2  157.429367515  111.104782157  113.326176276  111.6642737
57.3  157.421707504  111.070065233  113.311856198  111.634733537
57.4  157.408514408  111.033344812  113.293592315  111.602698265
57.5  157.389684677  110.994645889  113.27131086  111.568167629
57.6  157.365118611  110.953993061  113.244940854  111.531141792
57.7  157.334719518  110.911410727  113.214413494  111.491621335
57.8  157.298393519  110.866923132  113.179662018  111.449607254
57.9  157.256049923  110.820554266  113.140621968  111.405100964
58.0  157.207601831  110.772327718  113.09723163  111.358104292
58.1  157.1529653  110.722266867  113.049431421  111.308619484
58.2  157.092059949  110.670394737  112.997164338  111.256649197
58.3  157.024809076  110.616733954  112.940376027  111.202196504
58.4  156.951139312  110.561306833  112.879014545  111.145264891
58.5  156.870980297  110.504135446  112.813030117  111.085858254
58.6  156.784266246  110.445241237  112.742376268  111.023980903
58.7  156.690934733  110.384645312  112.66700894  110.959637555
58.8  156.59092745  110.32236825  112.586887044  110.892833338
58.9  156.484189017  110.258430387  112.5019716  110.823573787
59.0  156.370668723  110.192851386  112.412226986  110.751864844
59.1  156.250319024  110.125650598  112.317619862  110.677712854
59.2  156.123097897  110.056846484  112.218120856  110.601124568
59.3  155.988965667  109.986457385  112.113702285  110.522107137
59.4  155.84788781  109.914500831  112.004340165  110.440668115
59.5  155.699833286  109.840993946  111.890013021  110.356815452
59.6  155.544775869  109.765953119  111.770702829  110.270557497
59.7  155.382693308  109.689394203  111.646394422  110.181902994
59.8  155.213567454  109.611332485  111.517075577  110.090861079
59.9  155.037385054  109.531782484  111.382737581  109.997441281
60.0  154.854136799  109.450758184  111.243374552  109.901653517
60.0  154.854136796  109.450758185  111.24337455  109.901653517
60.1  154.663818375  109.368272776  111.098984189  109.803508092
60.2  154.466428624  109.284339098  110.94956645  109.703015697
60.3  154.261972542  109.198968912  110.795125707  109.600187403
60.4  154.050458969  109.112173459  110.635669083  109.495034664
60.5  153.831900581  109.023963459  110.471206447  109.38756931
60.6  153.606316425  108.934348499  110.301752232  109.277803549
60.7  153.373728801  108.843337789  110.127323195  109.16574996
60.8  153.134165281  108.750939668  109.947939868  109.051421492
60.9  152.887657595  108.657161881  109.763625757  108.934831463
61.0  152.634242668  108.562011323  109.574408079  108.815993555
61.1  152.373962124  108.465494166  109.380317415  108.694921813
61.2  152.106862681  108.367615761  109.181387985  108.57163064
61.3  151.832995016  108.268380917  108.977656835  108.446134796
61.4  151.552415173  108.167793565  108.769164847  108.318449393
61.5  151.265183792  108.065856943  108.555956185  108.188589894
61.6  150.971366301  107.962573556  108.338078428  108.05657211
61.7  150.671033757  107.857944982  108.115583179  107.922412192
61.8  150.36426068  107.751972386  107.888524504  107.786126634
61.9  150.051125906  107.644656331  107.656959547  107.647732267
62.0  149.731716551  107.535995827  107.420951371  107.507246254
62.1  149.406119749  107.425990314  107.18056303  107.364686089
62.2  149.074430321  107.314637839  106.935863071  107.220069593
62.3  148.736748012  107.201935715  106.686923549  107.073414907
62.4  148.393175034  107.08788112  106.433818267  106.924740494
62.5  148.043821169  106.972469882  106.176626432  106.774065131
62.6  147.688797309  106.855698027  105.915428024  106.621407907
62.7  147.32822212  106.737560201  105.65030857  106.466788218
62.8  146.962217855  106.618050667  105.381356146  106.310225764
62.9  146.590909964  106.497163414  105.108661093  106.151740544
63.0  146.214430491  106.374891347  104.832318453  105.991352854
63.1  145.832913465  106.251227396  104.552424665  105.829083281
63.2  145.446499501  106.126163429  104.269080862  105.6649527
63.3  145.055331514  105.999691272  103.982389795  105.498982266
63.4  144.65955796  105.871801954  103.692458161  105.331193417
63.5  144.259331502  105.742486029  103.399395643  105.161607864
63.6  143.854807712  105.611733881  103.103313978  104.990247587
63.7  143.446146534  105.479535394  102.804328008  104.817134832
63.8  143.033512186  105.345879978  102.502555609  104.642292109
63.9  142.617071942  105.210756861  102.198116813  104.465742181
64.0  142.196997555  105.074154761  101.891134834  104.287508065
64.1  141.773464514  104.936062067  101.58173553  104.107613026
64.2  141.346649124  104.796467518  101.270045312  103.92608057
64.3  140.916734423  104.655358837  100.956195385  103.742934442
64.4  140.483905182  104.512723892  100.640318164  103.55819862
64.5  140.04834837  104.368550591  100.322547604  103.371897312
64.6  139.610255567  104.222826331  100.003020934  103.184054947
64.7  139.169820588  104.075538542  99.6818769481  102.994696175
64.8  138.727238223  103.926674979  99.35925511  102.803845857
64.9  138.282708965  103.776222638  99.0352989325  102.611529067
65.0  137.836432025  103.624169354  98.7101509794  102.417771077
65.1  137.388612065  103.470502263  98.3839576863  102.222597362
65.2  136.939453754  103.315209039  98.0568654595  102.026033589
65.3  136.489165162  103.158277118  97.7290231091  101.828105614
65.4  136.037952968  102.999694781  97.400578417  101.628839473
65.5  135.586030298  102.839449377  97.0716837474  101.428261385
65.6  135.133606833  102.67752955  96.7424889681  101.226397737
65.7  134.680896207  102.513923559  96.4131467437  101.023275085
65.8  134.228111597  102.348620271  96.0838093786  100.818920148
65.9  133.775468203  102.181608587  95.7546305949  100.6133598
66.0  133.323181008  102.012877936  95.4257639288  100.406621066
66.1  132.871466424  101.842417897  95.0973639065  100.198731119
66.2  132.420536932  101.67021938  94.7695822103  99.9897172697
66.3  131.970612143  101.496272146  94.4425755961  99.7796069647
66.4  131.521904761  101.320567922  94.1164958453  99.5684277797
66.5  131.074630777  101.14309811  93.7914970608  99.3562074142
66.6  130.629003977  100.963854998  93.4677317419  99.1429736858
66.7  130.185236798  100.782831543  93.1453513899  98.9287545244
66.8  129.743542095  100.600020968  92.8245077786  98.7135779673
66.9  129.304131505  100.415417099  92.5053517826  98.4974721525
67.0  128.867212315  100.229015035  92.1880311363  98.2804653141
67.1  128.432993089  100.040809887  91.8726944614  98.062585776
67.2  128.001678003  99.8507979991  91.5594872142  97.8438619461
67.3  127.573470167  99.6589761942  91.2485540629  97.6243223111
67.4  127.148571084  99.4653418712  90.9400385011  97.4039954304
67.5  126.727176391  99.2698939065  90.6340798023  97.1829099305
67.6  126.309483688  99.0726309215  90.3308186205  96.961094499
67.7  125.895681253  98.8735537123  90.0303889206  96.7385778791
67.8  125.485958465  98.6726629541  89.7329254323  96.5153888637
67.9  125.080499642  98.4699605143  89.4385592438  96.2915562896
68.0  124.679483664  98.2654495022  89.1474175354  96.0671090317
68.1  124.283089116  98.059133128  88.8596272574  95.8420759972
68.2  123.891485852  97.8510164997  88.5753090956  95.6164861196
68.3  123.504843149  97.6411048289  88.2945833086  95.3903683533
68.4  123.123321809  97.4294051089  88.0175640759  95.1637516672
68.5  122.747081536  97.2159244926  87.7443647771  94.9366650391
68.6  122.376272177  97.0006721509  87.4750917301  94.7091374504
68.7  122.011043276  96.7836571871  87.209851021  94.481197879
68.8  121.651535227  96.5648905112  86.9487421818  94.2528752948
68.9  121.297882848  96.3443840423  86.6918607475  94.024198653
69.0  120.950218197  96.1221500779  86.4393002669  93.7951968885
69.1  120.608664535  95.898202561  86.1911479923  93.5658989102
69.2  120.273338983  95.6725564837  85.9474867774  93.3363335949
69.3  119.944352463  95.4452278743  85.7083950381  93.1065297817
69.4  119.621808683  95.2162339894  85.4739460265  92.8765162658
69.5  119.305809296  94.9855921881  85.2442115197  92.6463217937
69.6  118.996442448  94.7533223567  85.0192536373  92.4159750557
69.7  118.693794828  94.5194443122  84.7991334533  92.1855046817
69.8  118.397941726  94.2839799058  84.5839038945  91.9549392348
69.9  118.108955821  94.0469511272  84.373616019  91.7243072051
70.0  117.826897104  93.8083822396  84.1683118172  91.4936370047
70.1  117.551827084  93.5682967291  83.9680343649  91.2629569615
70.2  117.283789816  93.3267213429  83.7728142685  91.0322953137
70.3  117.022830631  93.0836820746  83.5826830483  90.8016802037
70.4  116.768982283  92.8392071138  83.3976632412  90.5711396729
70.5  116.522270198  92.593325714  83.2177721549  90.3407016559
70.6  116.2827164  92.3460673459  83.0430246702  90.1103939748
70.7  116.050334324  92.0974627992  82.8734295381  89.8802443332
70.8  115.825127814  91.8475443938  82.7089886661  89.6502803114
70.9  115.607094594  91.5963452335  82.5496995986  89.4205293602
71.0  115.39622517  91.3438994418  82.3955547314  89.1910187956
71.1  115.192502324  91.090242269  82.246540956  88.9617757932
71.2  114.995908446  90.8354085207  82.102644889  88.7328273825
71.3  114.80640708  90.5794365271  81.9638397033  88.5042004421
71.4  114.623963589  90.3223637072  81.8300998812  88.2759216937
71.5  114.448534812  90.0642287993  81.7013938293  88.0480176967
71.6  114.280069148  89.8050718539  81.5776839414  87.8205148432
71.7  114.118508217  89.5449338865  81.4589277853  87.5934393521
71.8  113.963792094  89.2838557574  81.3450818381  87.3668172648
71.9  113.815849621  89.0218802785  81.2360945737  87.1406744387
72.0  113.674604231  88.7590509724  81.1319106179  86.915036543
72.1  113.53997809  88.4954111829  81.0324737096  86.6899290529
72.2  113.411881001  88.2310065064  80.937718778  86.4653772449
72.3  113.290220632  87.9658825865  80.8475792453  86.2414061914
72.4  113.174901853  87.7000852717  80.7619865525  86.0180407558
72.5  113.065817002  87.4336627663  80.6808632158  85.7953055876
72.6  112.962861465  87.1666622412  80.6041339439  85.573225117
72.7  112.865921902  86.8991324328  80.5317172356  85.3518235506
72.8  112.77488341  86.6311220915  80.463530493  85.1311248661
72.9  112.689622098  86.3626816411  80.3994847237  84.9111528077
73.0  112.610013299  86.0938613913  80.3394904016  84.6919308816
73.1  112.535925101  85.8247129913  80.2834528489  84.4734823502
73.2  112.467235369  85.5552856665  80.2312843832  84.2558302288
73.3  112.403793935  85.2856346574  80.182877343  84.0389972806
73.4  112.345469062  85.0158108978  80.1381372346  83.8230060116
73.5  112.292118199  84.7458675488  80.0969618692  83.6078786665
73.6  112.243597861  84.475857817  80.059248413  83.3936372246
73.7  112.199756644  84.2058365509  80.0248884024  83.180303395
73.8  112.160450441  83.9358568309  79.9937785996  82.9678986121
73.9  112.125525925  83.6659737146  79.96580921  82.7564440322
74.0  112.09482525  83.3962432081  79.9408672366  82.5459605284
74.1  112.068204806  83.1267180094  79.9188498553  82.3364686868
74.2  112.045496623  82.8574563218  79.899636889  82.127988803
74.3  112.026554057  82.5885114451  79.8831233888  81.9205408773
74.4  112.011212067  82.3199408764  79.8691913086  81.714144611
74.5  111.999313231  82.0518003705  79.8577280519  81.5088194028
74.6  111.990705545  81.7841444339  79.8486249079  81.304584345
74.7  111.985226358  81.5170300585  79.8417655908  81.1014582196
74.8  111.982709412  81.2505151267  79.8370312638  80.8994594946
74.9  111.983004504  80.9846538296  79.8343145568  80.6986063208
75.0  111.985952794  80.7195024213  79.8335019595  80.4989165277
75.0  111.985953201  80.7195023256  79.8335022496  80.4989165277
75.1  111.991391702  80.4551181062  79.8344773133  80.3004076209
75.2  111.999167687  80.191556039  79.8371309228  80.1030967782
75.3  112.009123734  79.9288722678  79.8413506335  79.9070008463
75.4  112.021101428  79.667123262  79.8470233112  79.7121363378
75.5  112.03495134  79.4063634423  79.8540422447  79.5185194282
75.6  112.050519877  79.1466483055  79.8622977699  79.3261659528
75.7  112.067652636  78.8880336367  79.8716796647  79.1350914033
75.8  112.086197911  78.6305746732  79.8820796447  78.9453109258
75.9  112.106016699  78.3743236739  79.8933984945  78.7568393173
76.0  112.126959225  78.1193355735  79.9055293378  78.5696910235
76.1  112.148880088  77.8656643367  79.9183684304  78.3838801355
76.2  112.17164016  77.6133624763  79.9318165154  78.199420388
76.3  112.195098919  77.3624829115  79.9457733544  78.0163251569
76.4  112.219122652  77.1130769507  79.9601435772  77.834607456
76.5  112.243569625  76.7774639171  79.9748261103  77.5908852131
76.6  112.268313882  76.7099315892  79.9897311386  77.5445713363
76.7  112.293229563  76.6424586617  80.0047689258  77.4983530963
76.8  112.318184517  76.5750450824  80.0198452676  77.4522062496
76.9  112.343058  76.5076907991  80.0348740981  77.4061085754
77.0  112.367729359  76.4403957596  80.0497694278  77.3600378023
77.1  112.392082711  76.3731599118  80.0644486786  77.3139724705
77.2  112.416006157  76.3059832037  80.0788321195  77.2678917895
77.3  112.43937833  76.2388655833  80.0928332865  77.2217731628
77.4  112.462104706  76.1718069985  80.1063848464  77.1755988788
77.5  112.484074511  76.1048073975  80.1194079017  77.1293481765
77.6  112.505185941  76.0378667283  80.1318299525  77.0830018929
77.7  112.525345932  75.9709849392  80.1435847327  77.0365424278
77.8  112.544451274  75.9041619783  80.1545987603  76.9899502579
77.9  112.56242579  75.8373977939  80.1648178128  76.9432108119
78.0  112.579168259  75.7706923343  80.1741698399  76.8963048441
78.1  112.594604016  75.7040455478  80.1826017106  76.8492179832
78.2  112.608649852  75.6374573828  80.1900542164  76.8019342404
78.3  112.621226859  75.5709277879  80.1964712199  76.7544383899
78.4  112.632264369  75.5044567114  80.201802454  76.7067167031
78.5  112.641694567  75.4380441018  80.2059996924  76.6587559553
78.6  112.649448332  75.3716899078  80.2090137822  76.6105426546
78.7  112.655468199  75.305394078  80.2108038746  76.5620654541
78.8  112.659693025  75.2391565611  80.2113265082  76.5133123057
78.9  112.662071752  75.1729773057  80.2105454051  76.4642730228
79.0  112.662548139  75.1068562605  80.2084206005  76.4149364408
79.1  112.661078679  75.0407933745  80.2049212007  76.3652937581
79.2  112.657616792  74.9747885964  80.2000141256  76.3153355935
79.3  112.652127091  74.9088418752  80.1936742685  76.26505465
79.4  112.644565675  74.8429531597  80.1858704604  76.2144420384
79.5  112.634908421  74.7771223989  80.1765856178  76.1634925652
79.6  112.623123634  74.711349542  80.1657972655  76.1121996251
79.7  112.609180994  74.6456345378  80.1534839101  76.060556874
79.8  112.593065462  74.5799773357  80.139634936  76.0085608338
79.9  112.574761134  74.5143778846  80.124239113  75.9562078751
80.0  112.554245085  74.4488361338  80.1072802117  75.9034930635
80.1  112.531506432  74.3833520326  80.0887505765  75.8504137319
80.2  112.506547205  74.3179255303  80.0686517416  75.7969696492
80.3  112.479358184  74.2525565761  80.0469772318  75.7431584906
80.4  112.449933826  74.1872451195  80.0237231906  75.6889786369
80.5  112.418286733  74.1219911099  79.9988986717  75.6344318918
80.6  112.384412556  74.0567944968  79.9725006652  75.5795168961
80.7  112.348329354  73.9916552297  79.9445421069  75.5242365184
80.8  112.310044174  73.9265732581  79.9150280913  75.4685915785
80.9  112.269578317  73.8615485316  79.8839738571  75.4125855971
81.0  112.226941901  73.7965809999  79.8513866814  75.3562200128
81.1  112.182167937  73.7316706128  79.8172901283  75.2995005915
81.2  112.135283003  73.6668173198  79.7817031817  75.2424319126
81.3  112.086304208  73.6020210709  79.7446380858  75.1850167945
81.4  112.035265754  73.5372818157  79.706119243  75.1272612943
81.5  111.982215666  73.4725995043  79.6661808861  75.0691740952
81.6  111.927174725  73.4079740865  79.6248378625  75.0107587711
81.7  111.870193705  73.3434055122  79.5821263523  74.9520245666
81.8  111.811306336  73.2788937315  79.5380704083  74.8929775364
81.9  111.750573998  73.2144386945  79.4927137466  74.8336289666
82.0  111.688023856  73.1500403511  79.4460757426  74.7739837142
82.1  111.623721472  73.0856986516  79.3982030778  74.7140538933
82.2  111.557713203  73.021413546  79.3491287703  74.6538480166
82.3  111.490054518  72.9571849848  79.2988923133  74.5933763321
82.4  111.420811662  72.893012918  79.2475408619  74.5326511388
82.5  111.350024609  72.828897296  79.195102878  74.4716797938
82.6  111.277787295  72.7648380692  79.1416452006  74.4104798535
82.7  111.204140829  72.7008351879  79.0871970904  74.3490589189
82.8  111.129150144  72.6368886026  79.0318047474  74.2874291004
82.9  111.052889813  72.5729982638  78.9755212225  74.2256043408
83.0  110.975432343  72.509164122  78.9183980914  74.163598205
83.1  110.896846993  72.4453861278  78.8604846133  74.1014236551
83.2  110.817192699  72.3816642317  78.801822702  74.0390917132
83.3  110.736566361  72.3179983845  78.7424812641  73.9766205807
83.4  110.655030459  72.2543885369  78.6825047214  73.9140219657
83.5  110.572662639  72.1908346395  78.621948276  73.8513104484
83.6  110.489531798  72.1273366432  78.5608609029  73.7884989621
83.7  110.405737388  72.0638944988  78.4993132991  73.7256062189
83.8  110.321346439  72.0005081572  78.4373530992  73.6626448101
83.9  110.236443171  71.9371775693  78.3750401574  73.5996305796
84.0  110.151095644  71.873902686  78.3124228319  73.5365763217
84.1  110.065402846  71.8106834584  78.2495714643  73.4735006777
84.2  109.979437433  71.7475198375  78.1865376697  73.4104173168
84.3  109.893271726  71.6844117743  78.1233728188  73.3473398468
84.4  109.807015676  71.6213592201  78.0601550291  73.284288989
84.5  109.720722352  71.558362126  77.996921975  73.2212747181
84.6  109.634496695  71.4954204433  77.9337482018  73.1583168134
84.7  109.548404636  71.4325341231  77.8706805159  73.0954276837
84.8  109.462532522  71.3697031167  77.8077802329  73.0326235985
84.9  109.37695688  71.3069273757  77.7451016835  72.9699189735
85.0  109.291776252  71.2442068512  77.6827148397  72.9073323875
85.1  109.207036994  71.1815414948  77.620652577  72.8448725592
85.2  109.122843708  71.1189312579  77.5589891662  72.7825592186
85.3  109.039270141  71.056376092  77.4977769408  72.7204062677
85.4  108.95639498  70.9938759488  77.4370717417  72.6584285461
85.5  108.874276312  70.9314307797  77.3769147651  72.5966370038
85.6  108.793002861  70.8690405365  77.3173689756  72.535048387
85.7  108.712649161  70.8067051709  77.2584872509  72.4736767661
85.8  108.633272502  70.7444246345  77.2003102068  72.4125329568
85.9  108.554956865  70.6821988792  77.1428974258  72.3516328291
86.0  108.477757635  70.6200278567  77.0862881643  72.2909868536
86.1  108.401745282  70.557911519  77.0305323951  72.2306083622
86.2  108.326975724  70.4958498178  76.9756697461  72.1705079438
86.3  108.253528605  70.4338427052  76.9217567026  72.1107006859
86.4  108.181433315  70.3718901332  76.8688140368  72.0511921807
86.5  108.11076586  70.3099920537  76.8168956419  71.9919968503
86.6  108.041576919  70.2481484189  76.7660374124  71.9331243386
86.7  107.97390904  70.1863591808  76.7162694634  71.8745827637
86.8  107.907816296  70.1246242917  76.6676300957  71.8163824383
86.9  107.843349731  70.0629437036  76.6201554554  71.7585331174
87.0  107.780547999  70.0013173689  76.5738728855  71.701042226
87.1  107.719433263  69.9397452398  76.5287980098  71.6439140805
87.2  107.660072931  69.8782272686  76.4849785955  71.5871615831
87.3  107.602477658  69.8167634077  76.4424220885  71.5307869035
87.4  107.546686763  69.7553536095  76.4011562983  71.4747976575
87.5  107.492712397  69.6939978265  76.3611897327  71.4191963292
87.6  107.440588632  69.6326960112  76.3225464707  71.3639895741
87.7  107.390356044  69.571448116  76.285255213  71.3091853012
87.8  107.342004547  69.5102540935  76.249308668  71.254781828
87.9  107.295547517  69.4491138965  76.2147162153  71.2007819371
88.0  107.251015541  69.3880274774  76.1814994559  71.1471916943
88.1  107.20839638  69.3269947891  76.1496495729  71.0940090539
88.2  107.16769435  69.2660157842  76.1191695105  71.0412351267
88.3  107.128916437  69.2050904155  76.0900641073  70.9888715452
88.4  107.092061345  69.1442186359  76.0623323232  70.9369183844
88.5  107.057112328  69.0834003982  76.0359621429  70.8853727942
88.6  107.024077825  69.0226356554  76.0109594422  70.8342367261
88.7  106.992917568  68.9619243603  75.9872955039  70.7835028779
88.8  106.963623038  68.901266466  75.9649641628  70.7331699943
88.9  106.936163474  68.8406619255  75.9439434595  70.6832325949
89.0  106.910561698  68.7801106918  75.9242494874  70.6336954117
89.1  106.886716398  68.7196127181  75.9058101891  70.5845395352
89.2  106.864678556  68.6591679576  75.8886616609  70.5357750786
89.3  106.844348985  68.5987763634  75.8727333593  70.4873835324
89.4  106.82568946  68.5384378887  75.8579980377  70.4393580017
89.5  106.808708372  68.4781524868  75.8444615518  70.3917004912
89.6  106.793328861  68.4179201112  75.8320692249  70.3443967308
89.7  106.779498314  68.357740715  75.8207836011  70.2974370666
89.8  106.767197893  68.2976142517  75.810591211  70.250818295
89.9  106.756333402  68.2375406748  75.801425078  70.204522792
90.0  106.746905761  68.1775199377  75.7932857675  70.1585511172
90.0  106.74690932  68.1775199377  75.7932882947  70.1585517988
90.1  106.738812083  68.117551994  75.786100141  70.1128839516
90.2  106.732006622  68.0576367972  75.7798356363  70.0675128936
90.3  106.726413713  67.9977743009  75.7744384515  70.0224237912
90.4  106.721990796  67.9379644588  75.7698782938  69.9776088187
90.5  106.718643923  67.8782072246  75.7660883894  69.9330502709
90.6  106.71634437  67.8185025519  75.7630482757  69.8887429368
90.7  106.714972255  67.7588503946  75.7606727759  69.8446640736
90.8  106.714479665  67.6992507065  75.758927811  69.8008047311
90.9  106.714795722  67.6397034414  75.7577630046  69.7571515215
91.0  106.715821062  67.5802085531  75.7571077593  69.7136855404
91.1  106.717523642  67.5207659957  75.7569392759  69.6704008133
91.2  106.719786244  67.4613757231  75.7571742922  69.627274929
91.3  106.722525949  67.4020376893  75.7577539001  69.5842920405
91.4  106.725672095  67.3427518483  75.7586278979  69.5414386293
91.5  106.72912817  67.2835181544  75.7597277361  69.4986961502
91.6  106.732843794  67.2243365615  75.7610176179  69.4560549299
91.7  106.736697661  67.1652070238  75.7624114048  69.4134915538
91.8  106.740626941  67.1061294957  75.7638644708  69.3709938659
91.9  106.744555351  67.0471039312  75.7653226423  69.3285470751
92.0  106.748351887  66.9881302848  75.7666929139  69.2861257511
92.1  106.75197067  66.9292085107  75.7679427023  69.2437209054
92.2  106.755320912  66.8703385634  75.7690075535  69.2013148149
92.3  106.758295039  66.8115203971  75.7698111049  69.1588864555
92.4  106.76085358  66.7527539665  75.7703253316  69.1164279802
92.5  106.762874256  66.694039226  75.7704634422  69.0739154298
92.6  106.764243799  66.6353761301  75.7701450466  69.0313265412
92.7  106.764939674  66.5767646334  75.7693541513  68.9886566556
92.8  106.8348754  66.5182046905  75.8192398434  68.9599421739
92.9  106.740905015  66.4596962561  75.7512302921  68.8989209527
93.0  106.647017285  66.4012392848  75.6832871423  68.8379551004
93.1  106.553212137  66.3428337314  75.6154103015  68.7770445592
93.2  106.459489499  66.2844795507  75.5475996777  68.7161892716
93.3  106.365849298  66.2261766974  75.4798551787  68.6553891799
93.4  106.272291461  66.1679251265  75.412176713  68.5946442267
93.5  106.178815917  66.1097247929  75.3445641891  68.5339543547
93.6  106.085422592  66.0515756513  75.2770175158  68.4733195065
93.7  105.992111415  65.9934776569  75.2095366022  68.4127396251
93.8  105.898882313  65.9354307647  75.1421213576  68.3522146533
93.9  105.805735214  65.8774349296  75.0747716915  68.2917445342
94.0  105.712670045  65.8194901068  75.0074875138  68.231329211
94.1  105.619686736  65.7615962515  74.9402687346  68.1709686269
94.2  105.526785213  65.7037533187  74.8731152641  68.1106627251
94.3  105.433965405  65.6459612637  74.806027013  68.0504114492
94.4  105.341227239  65.5882200418  74.739003892  67.9902147426
94.5  105.248570645  65.5305296082  74.6720458121  67.9300725489
94.6  105.155995551  65.4728899182  74.6051526848  67.869984812
94.7  105.063501884  65.4153009273  74.5383244214  67.8099514755
94.8  104.971089573  65.3577625907  74.4715609338  67.7499724834
94.9  104.878758547  65.3002748641  74.404862134  67.6900477797
95.0  104.786508733  65.2428377028  74.3382279342  67.6301773085
95.1  104.694340061  65.1854510625  74.2716582469  67.5703610139
95.2  104.60225246  65.1281148985  74.2051529849  67.5105988402
95.3  104.510245857  65.0708291666  74.1387120611  67.4508907319
95.4  104.418320182  65.0135938224  74.0723353886  67.3912366333
95.5  104.326475364  64.9564088215  74.006022881  67.331636489
95.6  104.23471133  64.8992741198  73.9397744518  67.2720902438
95.7  104.143028011  64.8421896729  73.873590015  67.2125978422
95.8  104.051425336  64.7851554366  73.8074694847  67.1531592292
95.9  103.959903233  64.7281713668  73.7414127753  67.0937743496
96.0  103.868461631  64.6712374193  73.6754198012  67.0344431486
96.1  103.77710046  64.6143535502  73.6094904773  66.9751655711
96.2  103.685819649  64.5575197152  73.5436247187  66.9159415624
96.3  103.594619127  64.5007358704  73.4778224406  66.8567710678
96.4  103.503498824  64.4440019719  73.4120835585  66.7976540326
96.5  103.412458668  64.3873179756  73.346407988  66.7385904023
96.6  103.321498591  64.3306838378  73.2807956452  66.6795801225
96.7  103.230618521  64.2740995146  73.2152464461  66.6206231388
96.8  103.139818387  64.217564962  73.1497603071  66.5617193969
96.9  103.04909812  64.1610801365  73.0843371448  66.5028688427
97.0  102.958457649  64.1046449941  73.018976876  66.444071422
97.1  102.867896904  64.0482594913  72.9536794178  66.3853270809
97.2  102.777415815  63.9919235843  72.8884446873  66.3266357654
97.3  102.687014312  63.9356372296  72.8232726021  66.2679974218
97.4  102.596692324  63.8794003835  72.7581630798  66.2094119961
97.5  102.506449783  63.8232130025  72.6931160382  66.1508794349
97.6  102.416286617  63.7670750431  72.6281313955  66.0923996845
97.7  102.326202758  63.7109864619  72.56320907  66.0339726914
97.8  102.236198135  63.6549472153  72.4983489802  65.9755984023
97.9  102.146272679  63.59895726  72.4335510448  65.9172767638
98.0  102.05642632  63.5430165527  72.3688151828  65.8590077226
98.1  101.966658989  63.48712505  72.3041413133  65.8007912258
98.2  101.876970615  63.4312827086  72.2395293557  65.74262722
98.3  101.78736113  63.3754894854  72.1749792295  65.6845156525
98.4  101.697830465  63.319745337  72.1104908546  65.6264564703
98.5  101.608378549  63.2640502204  72.0460641508  65.5684496206
98.6  101.519005314  63.2084040923  71.9816990383  65.5104950506
98.7  101.42971069  63.1528069098  71.9173954376  65.4525927078
98.8  101.340494608  63.0972586298  71.8531532691  65.3947425395
98.9  101.251357  63.0417592092  71.7889724538  65.3369444934
99.0  101.162297795  62.986308605  71.7248529126  65.2791985168
99.1  101.073316926  62.9309067745  71.6607945666  65.2215045577
99.2  100.984414323  62.8755536745  71.5967973372  65.1638625637
99.3  100.895589918  62.8202492623  71.5328611461  65.1062724827
99.4  100.806843641  62.7649934951  71.4689859149  65.0487342625
99.5  100.718175424  62.70978633  71.4051715657  64.9912478513
99.6  100.629585199  62.6546277244  71.3414180207  64.9338131971
99.7  100.541072896  62.5995176354  71.2777252022  64.8764302481
99.8  100.452638447  62.5444560205  71.2140930327  64.8190989525
99.9  100.364281783  62.4894428369  71.150521435  64.7618192587
100.0  100.276002837  62.4344780421  71.0870103321  64.704591115
100.1  100.18780154  62.3795615936  71.023559647  64.64741447
100.2  100.099677824  62.3246934488  70.9601693032  64.5902892722
100.3  100.011631619  62.2698735651  70.8968392241  64.5332154703
100.4  99.9236628594  62.2151019003  70.8335693334  64.476193013
100.5  99.8357714753  62.1603784117  70.770359555  64.4192218491
100.6  99.7479573992  62.1057030572  70.707209813  64.3623019274
100.7  99.660220563  62.0510757943  70.6441200317  64.305433197
100.8  99.5725608989  61.9964965807  70.5810901355  64.2486156069
100.9  99.484978339  61.9419653743  70.518120049  64.1918491062
101.0  99.3974728153  61.8874821326  70.4552096971  64.135133644
101.1  99.3100442603  61.8330468136  70.3923590048  64.0784691697
101.2  99.2226926061  61.7786593751  70.3295678972  64.0218556326
101.3  99.1354177851  61.7243197751  70.2668362998  63.9652929821
101.4  99.0482197298  61.6700279713  70.204164138  63.9087811677
101.5  98.9610983726  61.6157839218  70.1415513376  63.852320139
101.6  98.8740536461  61.5615875845  70.0789978246  63.7959098456
101.7  98.7870854829  61.5074389176  70.0165035249  63.7395502372
101.8  98.7001938155  61.453337879  69.9540683649  63.6832412638
101.9  98.6133785768  61.399284427  69.891692271  63.626982875
102.0  98.5266396995  61.3452785195  69.8293751699  63.5707750209
102.1  98.4399771165  61.2913201148  69.7671169883  63.5146176515
102.2  98.3533907605  61.2374091712  69.7049176532  63.4585107169
102.3  98.2668805647  61.1835456468  69.6427770917  63.4024541672
102.4  98.180446462  61.1297295  69.5806952312  63.3464479528
102.5  98.0940883854  61.0759606891  69.5186719992  63.2904920238
102.6  98.0078062681  61.0222391724  69.4567073232  63.2345863308
102.7  97.9216000433  60.9685649084  69.3948011313  63.1787308242
102.8  97.8354696442  60.9149378555  69.3329533513  63.1229254544
102.9  97.7494150042  60.8613579722  69.2711639115  63.0671701722
103.0  97.6634360565  60.8078252169  69.2094327402  63.0114649282
103.1  97.5775327347  60.7543395483  69.1477597658  62.9558096731
103.2  97.4917049722  60.7009009248  69.0861449172  62.9002043578
103.3  97.4059527025  60.6475093052  69.0245881232  62.8446489332
103.4  97.3202758592  60.5941646481  68.9630893127  62.7891433502
103.5  97.234674376  60.5408669122  68.9016484149  62.7336875599
103.6  97.1491481867  60.4876160561  68.8402653593  62.6782815134
103.7  97.0636972249  60.4344120387  68.7789400753  62.6229251619
103.8  96.9783214245  60.3812548188  68.7176724926  62.5676184566
103.9  96.8930207194  60.3281443552  68.656462541  62.5123613489
104.0  96.8077950436  60.2750806068  68.5953101506  62.4571537901
104.1  96.722644331  60.2220635325  68.5342152515  62.4019957316
104.2  96.6375685158  60.1690930912  68.473177774  62.3468871252
104.3  96.5525675319  60.116169242  68.4121976487  62.2918279222
104.4  96.4676413137  60.0632919437  68.3512748061  62.2368180745
104.5  96.3827897953  60.0104611556  68.2904091772  62.1818575337
104.6  96.2980129111  59.9576768367  68.2296006928  62.1269462517
104.7  96.2133105954  59.904938946  68.168849284  62.0720841803
104.8  96.1286827826  59.8522474429  68.1081548823  62.0172712715
104.9  96.0441294072  59.7996022864  68.0475174189  61.9625074773
105.0  95.9596504037  59.7470034358  67.9869368255  61.9077927498
105.0  95.9596504037  59.7470034358  67.9869368255  61.9077927498
105.1  95.8752457066  59.6944508504  67.9264130339  61.8531270411
105.2  95.7909152507  59.6419444895  67.8659459759  61.7985103034
105.3  95.7066589707  59.5894843124  67.8055355837  61.7439424891
105.4  95.6224768012  59.5370702785  67.7451817893  61.6894235504
105.5  95.5383686771  59.4847023472  67.6848845253  61.6349534399
105.6  95.4543345333  59.432380478  67.6246437241  61.5805321099
105.7  95.3703743046  59.3801046303  67.5644593183  61.5261595131
105.8  95.2864879262  59.3278747637  67.5043312409  61.4718356021
105.9  95.202675333  59.2756908377  67.4442594247  61.4175603295
106.0  95.1189364601  59.2235528119  67.384243803  61.3633336481
106.1  95.0352712427  59.1714606459  67.3242843089  61.3091555107
106.2  94.9516796159  59.1194142995  67.2643808759  61.2550258703
106.3  94.8681615152  59.0674137323  67.2045334375  61.2009446796
106.4  94.7847168757  59.015458904  67.1447419276  61.1469118919
106.5  94.701345633  58.9635497744  67.0850062799  61.0929274601
106.6  94.6180477223  58.9116863033  67.0253264284  61.0389913374
106.7  94.5348230792  58.8598684505  66.9657023073  60.985103477
106.8  94.4516716394  58.808096176  66.9061338509  60.9312638322
106.9  94.3685933383  58.7563694396  66.8466209937  60.8774723563
107.0  94.2855881116  58.7046882013  66.7871636702  60.8237290028
107.1  94.2026558952  58.6530524211  66.7277618152  60.770033725
107.2  94.1197966247  58.6014620589  66.6684153635  60.7163864765
107.3  94.037010236  58.5499170748  66.6091242502  60.662787211
107.4  93.9542966649  58.498417429  66.5498884104  60.609235882
107.5  93.8716558476  58.4469630814  66.4907077795  60.5557324433
107.6  93.7890877198  58.3955539924  66.4315822928  60.5022768487
107.7  93.7065922178  58.344190122  66.3725118859  60.4488690521
107.8  93.6241692776  58.2928714306  66.3134964946  60.3955090072
107.9  93.5418188354  58.2415978783  66.2545360547  60.3421966682
108.0  93.4595408275  58.1903694255  66.1956305023  60.288931989
108.1  93.3773351901  58.1391860325  66.1367797734  60.2357149238
108.2  93.2952018595  58.0880476596  66.0779838043  60.1825454266
108.3  93.2131407722  58.0369542673  66.0192425315  60.1294234518
108.4  93.1311518647  57.985905816  65.9605558914  60.0763489536
108.5  93.0492350734  57.9349022661  65.9019238209  60.0233218863
108.6  92.9673903348  57.8839435783  65.8433462566  59.9703422044
108.7  92.8856175858  57.8330297129  65.7848231355  59.9174098624
108.8  92.8039167628  57.7821606306  65.7263543948  59.8645248146
108.9  92.7222878026  57.731336292  65.6679399716  59.8116870158
109.0  92.6407306421  57.6805566578  65.6095798033  59.7588964207
109.1  92.5592452181  57.6298216886  65.5512738274  59.7061529838
109.2  92.4778314675  57.5791313451  65.4930219815  59.65345666
109.3  92.3964893271  57.5284855881  65.4348242033  59.6008074041
109.4  92.3152187342  57.4778843784  65.3766804308  59.5482051709
109.5  92.2340196256  57.4273276767  65.3185906018  59.4956499156
109.6  92.1528919386  57.376815444  65.2605546547  59.443141593
109.7  92.0718356104  57.3263476411  65.2025725276  59.3906801582
109.8  91.990850578  57.2759242289  65.1446441589  59.3382655664
109.9  91.909936779  57.2255451684  65.0867694872  59.2858977727
110.0  91.8290941505  57.1752104206  65.0289484511  59.2335767325
110.1  91.74832263  57.1249199465  64.9711809894  59.1813024009
110.2  91.6676221549  57.0746737072  64.9134670411  59.1290747334
110.3  91.5869926628  57.0244716637  64.855806545  59.0768936854
110.4  91.5064340912  56.9743137772  64.7981994405  59.0247592124
110.5  91.4259463777  56.9242000088  64.7406456668  58.9726712699
110.6  91.3455294601  56.8741303198  64.6831451633  58.9206298135
110.7  91.2651832759  56.8241046713  64.6256978695  58.8686347988
110.8  91.1849077631  56.7741230246  64.5683037251  58.8166861817
110.9  91.1047028595  56.7241853411  64.5109626699  58.7647839178
111.0  91.0245685029  56.674291582  64.4536746438  58.712927963
111.1  90.9445046314  56.6244417088  64.3964395868  58.6611182732
111.2  90.8645111828  56.5746356827  64.3392574391  58.6093548043
111.3  90.7845880953  56.5248734654  64.2821281409  58.5576375124
111.4  90.7047353069  56.4751550181  64.2250516327  58.5059663534
111.5  90.6249527559  56.4254803024  64.1680278549  58.4543412835
111.6  90.5452403805  56.3758492799  64.1110567483  58.4027622589
111.7  90.4655981188  56.3262619121  64.0541382534  58.3512292358
111.8  90.3860259094  56.2767181606  63.9972723113  58.2997421705
111.9  90.3065236905  56.2272179871  63.9404588629  58.2483010193
112.0  90.2270914006  56.1777613532  63.8836978494  58.1969057386
112.1  90.1477289781  56.1283482206  63.8269892119  58.1455562849
112.2  90.0684363617  56.0789785511  63.7703328918  58.0942526147
112.3  89.9892134899  56.0296523064  63.7137288305  58.0429946845
112.4  89.9100603013  55.9803694484  63.6571769698  57.991782451
112.5  89.8309767348  55.9311299389  63.6006772511  57.9406158708
112.6  89.7519627289  55.8819337396  63.5442296165  57.8894949007
112.7  89.6730182227  55.8327808127  63.4878340077  57.8384194974
112.8  89.5941431548  55.7836711199  63.4314903669  57.7873896179
112.9  89.5153374644  55.7346046233  63.3751986361  57.7364052189
113.0  89.4366010902  55.6855812849  63.3189587577  57.6854662575
113.1  89.3579339714  55.6366010667  63.2627706741  57.6345726906
113.2  89.279336047  55.5876639307  63.2066343277  57.5837244753
113.3  89.2008072563  55.5387698392  63.1505496612  57.5329215687
113.4  89.1223475382  55.4899187541  63.0945166173  57.482163928
113.5  89.0439568322  55.4411106378  63.0385351388  57.4314515104
113.6  88.9656350776  55.3923454524  62.9826051686  57.3807842731
113.7  88.8873822135  55.3436231601  62.9267266499  57.3301621736
113.8  88.8091981796  55.2949437232  62.8708995258  57.2795851691
113.9  88.7310829151  55.246307104  62.8151237396  57.2290532171
114.0  88.6530363597  55.1977132649  62.7593992346  57.1785662752
114.1  88.575058453  55.1491621682  62.7037259544  57.1281243007
114.2  88.4971491344  55.1006537764  62.6481038426  57.0777272514
114.3  88.4193083437  55.0521880518  62.5925328429  57.0273750849
114.4  88.3415360206  55.0037649569  62.537012899  56.9770677589
114.5  88.263832105  54.9553844543  62.4815439551  56.9268052311
114.6  88.1861965365  54.9070465065  62.426125955  56.8765874593
114.7  88.1086292552  54.858751076  62.370758843  56.8264144014
114.8  88.0311302009  54.8104981255  62.3154425632  56.7762860153
114.9  87.9536993136  54.7622876175  62.2601770601  56.7262022589
120.0  84.0937242599  52.3589655772  59.5076951091  54.2301409377

#SVE monte-carlo points sigmaR (r, sigmaR_med, sigmaR_std)
26.3  231.940555566  0.0
29.8  203.062874027  0.0
33.2  190.904175857  0.0
36.7  186.383428483  0.0
40.2  178.775161294  0.0
43.7  166.235274748  0.0
47.1  155.827765677  0.0
50.6  152.839357931  0.0
54.1  155.640705117  0.0
57.6  157.389519321  0.0
61.0  152.649880054  0.0
64.5  140.05605816  0.0
68.0  124.681210084  0.0
71.5  114.446035851  0.0
75.0  111.980057955  0.0
78.4  112.623427094  0.0
81.9  111.739247753  0.0
85.4  108.943212808  0.0
88.9  106.921428235  0.0
92.3  106.742090932  0.0
95.8  104.034455346  0.0
99.3  100.875644666  0.0
102.8  97.8127453335  0.0
106.2  94.9264348261  0.0
109.7  92.0441720679  0.0
113.2  89.2494238005  0.0

#SVE monte-carlo points sigmaZ (r, sigmaZ_med, sigmaZ_std)
26.7  42.0348759877  0.0
30.1  57.4963485179  0.0
33.6  62.803746276  0.0
37.1  68.0832992145  0.0
40.6  78.1952141355  0.0
44.1  90.8337431884  0.0
47.5  101.408884189  0.0
51.0  108.380075864  0.0
54.5  111.261254238  0.0
58.0  110.838796624  0.0
61.4  108.226558392  0.0
64.9  103.823203549  0.0
68.4  97.4657586267  0.0
71.9  89.0528910314  0.0
75.3  79.9593437277  0.0
78.8  75.2699057743  0.0
82.3  72.9844765719  0.0
85.8  70.7684401313  0.0
89.3  68.6196894717  0.0
92.7  66.594823182  0.0
96.2  64.5727965558  0.0
99.7  62.6121649673  0.0
103.2  60.7110642715  0.0
106.6  58.9195699001  0.0
110.1  57.1305879125  0.0
113.6  55.3959250002  0.0

#SVE monte-carlo points sigmaPhi (r, sigmaPhi_med, sigmaPhi_std)
27.2  167.728746395  0.0
30.6  148.2650875  0.0
34.1  140.206626796  0.0
37.6  135.980292242  0.0
41.1  128.526455397  0.0
44.6  118.547477401  0.0
48.0  111.743938274  0.0
51.5  110.631492065  0.0
55.0  112.611175828  0.0
58.5  112.619869591  0.0
61.9  107.485098196  0.0
65.4  97.2568655493  0.0
68.9  86.5743197489  0.0
72.4  80.6618700624  0.0
75.8  79.791691894  0.0
79.3  80.1113883076  0.0
82.8  78.9585210851  0.0
86.3  76.8574983126  0.0
89.8  75.7536955065  0.0
93.2  75.4966283579  0.0
96.7  73.1710762906  0.0
100.2  70.9219691324  0.0
103.7  68.7459632649  0.0
107.1  66.6992201975  0.0
110.6  64.658584442  0.0
114.1  62.6826211112  0.0
