#SVE points (r, sigmaR, sigmaZ, sigmaPhi, sigmaMajRestored)
10.0  126.533940714  63.2669703568  110.589963524  97.6390727243
10.1  126.049092542  63.0245462709  110.107711606  97.2190546144
10.2  125.557228348  62.7786141742  109.619932516  96.7941018774
10.3  125.058479544  62.5292397722  109.126748612  96.3643217329
10.4  124.55297974  62.2764898699  108.628283881  95.9298228686
10.5  124.040864624  62.0204323122  108.124663836  95.4907153455
10.6  123.52227185  61.7611359248  107.616015409  95.0471105046
10.7  122.997340913  61.4986704565  107.102466845  94.5991208761
10.8  122.466213045  61.2331065225  106.584147604  94.1468600905
10.9  121.929031098  60.9645155488  106.061188261  93.6904427914
11.0  121.385939436  60.6929697178  105.533720411  93.2299845503
11.1  120.83708383  60.418541915  105.00187657  92.765601784
11.2  120.282611353  60.1413056765  104.465790089  92.2974116728
11.3  119.722670276  59.8613351378  103.925595058  91.8255320811
11.4  119.157409968  59.5787049839  103.381426225  91.3500814805
11.5  118.5869808  59.2934903998  102.833418901  90.8711788731
11.6  118.011534045  59.0057670227  102.281708886  90.3889437183
11.7  117.431221789  58.7156108946  101.726432379  89.9034958605
11.8  116.846196833  58.4230984164  101.167725904  89.4149554581
11.9  116.256612606  58.1283063029  100.605726229  88.9234429157
12.0  115.662623077  57.8313115384  100.040570292  88.4290788163
12.1  115.064382668  57.5321913339  99.4723951252  87.9319838564
12.2  114.462046169  57.2310230847  98.9013377846  87.432278782
12.3  113.855768658  56.9278843291  98.327535279  86.9300843269
12.4  113.245705417  56.6228527084  97.751124502  86.4255211517
12.5  112.632011855  56.3160059274  97.1722421655  85.9187097856
12.6  112.014843432  56.007421716  96.5910247346  85.4097705683
12.7  111.394355583  55.6971777916  96.0076083651  84.8988235949
12.8  110.770703645  55.3853518224  95.4221288419  84.3859886612
12.9  110.144042784  55.072021392  94.8347215196  83.8713852108
13.0  109.514527928  54.7572639641  94.2455212646  83.3551322842
13.1  108.882313698  54.4411568488  93.6546623992  82.8373484687
13.2  108.247554339  54.1237771693  93.0622786464  82.3181518498
13.3  107.610403659  53.8052018295  92.4685030775  81.7976599645
13.4  106.971014966  53.485507483  91.8734680607  81.2759897551
13.5  106.329541004  53.1647705018  91.2773052107  80.7532575257
13.6  105.686133894  52.8430669468  90.6801453413  80.2295788983
13.7  105.040945078  52.5204725388  90.0821184179  79.705068772
13.8  104.394125261  52.1970626303  89.4833535125  79.1798412821
13.9  103.745824355  51.8729121776  88.88397876  78.6540097612
14.0  103.09619143  51.5480957148  88.2841213155  78.1276867018
14.1  102.445374654  51.2226873272  87.6839073137  77.6009837191
14.2  101.793521253  50.8967606266  87.0834618291  77.0740115161
14.3  101.140777453  50.5703887267  86.4829088378  76.5468798495
14.4  100.487288439  50.2436442193  85.8823711808  76.0196974963
14.5  99.8331983028  49.9165991514  85.2819705284  75.4925722229
14.6  99.1786500062  49.5893250031  84.6818273462  74.9656107534
14.7  98.5237853315  49.2618926658  84.0820608617  74.4389187412
14.8  97.8687448426  48.9343724213  83.4827890332  73.9126007397
14.9  97.213667844  48.606833922  82.8841285192  73.3867601757
15.0  96.5586923419  48.279346171  82.2861946489  72.8614993226
15.0  96.5586923419  48.279346171  82.2861946489  72.8614993226
15.1  95.9039550064  47.9519775032  81.6891013947  72.3369192757
15.2  95.2495911352  47.6247955676  81.0929613452  71.813119928
15.3  94.5957346187  47.2978673094  80.4978856796  71.2901999468
15.4  93.9425179058  46.9712589529  79.9039841431  70.768256752
15.5  93.2900719717  46.6450359858  79.3113650235  70.2473864949
15.6  92.6385262863  46.3192631432  78.7201351292  69.7276840378
15.7  91.9880087846  45.9940043923  78.1303997679  69.2092429351
15.8  91.3386458372  45.6693229186  77.5422627263  68.6921554149
15.9  90.6905622229  45.3452811115  76.9558262512  68.176512362
16.0  90.0438811025  45.0219405512  76.3711910314  67.6624033009
16.1  89.3987239926  44.6993619963  75.7884561808  67.1499163808
16.2  88.7552107423  44.3776053712  75.2077192219  66.6391383607
16.3  88.1134595093  44.0567297547  74.6290760714  66.1301545956
16.4  87.4735867383  43.7367933692  74.0526210255  65.6230490237
16.5  86.83570714  43.41785357  73.478446747  65.117904154
16.6  86.1999336709  43.0999668354  72.9066442529  64.6148010552
16.7  85.5663775149  42.7831887574  72.3373029031  64.113819345
16.8  84.9351480652  42.4675740326  71.7705103898  63.6150371806
16.9  84.3063529078  42.1531764539  71.2063527282  63.1185312494
17.0  83.6800978051  41.8400489025  70.6449142471  62.624376761
17.1  83.0564866818  41.5282433409  70.0862775817  62.1326474396
17.2  82.4356216106  41.2178108053  69.5305236659  61.6434155173
17.3  81.8176027994  40.9088013997  68.9777317262  61.1567517278
17.4  81.2025285794  40.6012642897  68.4279792762  60.6727253014
17.5  80.5904953941  40.295247697  67.8813421116  60.1914039601
17.6  79.9815977888  39.9907988944  67.3378943066  59.7128539133
17.7  79.3759284017  39.6879642009  66.7977082102  59.2371398551
17.8  78.7735779556  39.3867889778  66.2608544436  58.7643249609
17.9  78.1746352498  39.0873176249  65.7274018989  58.2944708856
18.0  77.579187154  38.789593577  65.1974177371  57.827637762
18.1  76.987318602  38.493659301  64.6709673884  57.3638842001
18.2  76.3991125869  38.1995562934  64.1481145518  56.9032672866
18.3  75.8146501568  37.9073250784  63.6289211961  56.445842585
18.4  75.2340104112  37.6170052056  63.1134475616  55.9916641369
18.5  74.6572704982  37.3286352491  62.6017521615  55.5407844629
18.6  74.0845056129  37.0422528065  62.0938917854  55.0932545648
18.7  73.5157889957  36.7578944979  61.5899215019  54.6491239279
18.8  72.9511919322  36.4755959661  61.0898946626  54.2084405239
18.9  72.3907837528  36.1953918764  60.5938629066  53.7712508147
19.0  71.8346318346  35.9173159173  60.1018761654  53.3375997558
19.1  71.2828016017  35.6414008009  59.6139826685  52.9075308011
19.2  70.7353565286  35.3676782643  59.1302289489  52.4810859076
19.3  70.1923581423  35.0961790711  58.6506598502  52.0583055408
19.4  69.6538660261  34.8269330131  58.1753185334  51.6392286807
19.5  69.119937824  34.559968912  57.7042464842  51.2238928275
19.6  68.5906292448  34.2953146224  57.2374835212  50.8123340087
19.7  68.0659940684  34.0329970342  56.7750678041  50.4045867859
19.8  67.5460841508  33.7730420754  56.3170358428  50.0006842624
19.9  67.0309494312  33.5154747156  55.8634225066  49.6006580909
20.0  66.5206379391  33.2603189696  55.4142610338  49.2045384819
20.1  66.0151958017  33.0075979008  54.9695830422  48.8123542119
20.2  65.514667252  32.757333626  54.529418539  48.424132633
20.3  65.0190946379  32.5095473189  54.0937959324  48.0398996815
20.4  64.5285184309  32.2642592155  53.6627420427  47.659679888
20.5  64.0429772363  32.0214886182  53.2362821136  47.2834963871
20.6  63.562507803  31.7812539015  52.8144398247  46.9113709279
20.7  63.0871450344  31.5435725172  52.3972373036  46.5433238845
20.8  62.6169219993  31.3084609996  51.9846951388  46.1793742668
20.9  62.1518699436  31.0759349718  51.5768323925  45.8195397317
21.0  61.6920183026  30.8460091513  51.1736666141  45.463836595
21.1  61.2373947129  30.6186973565  50.7752138539  45.1122798425
21.2  60.7880250256  30.3940125128  50.3814886769  44.7648831423
21.3  60.3439333195  30.1719666598  49.9925041769  44.4216588574
21.4  59.9051419148  29.9525709574  49.6082719913  44.0826180574
21.5  59.4716713871  29.7358356935  49.2288023158  43.7477705322
21.6  59.0435405816  29.5217702908  48.8541039191  43.4171248043
21.7  58.6207666284  29.3103833142  48.4841841587  43.0906881423
21.8  58.2033649572  29.1016824786  48.1190489957  42.7684665744
21.9  57.7913493126  28.8956746563  47.7587030112  42.4504649016
22.0  57.3847317707  28.6923658853  47.4031494216  42.1366867121
22.1  56.9835227542  28.4917613771  47.0523900955  41.827134395
22.2  56.5877310495  28.2938655248  46.7064255692  41.5218091544
22.3  56.1973638233  28.0986819116  46.3652550639  41.2207110241
22.4  55.8124266394  27.9062133197  46.0288765019  40.9238388817
22.5  55.4329234761  27.7164617381  45.6972865239  40.631190464
22.6  55.058856744  27.529428372  45.370480506  40.342762381
22.7  54.6902273033  27.3451136516  45.0484525765  40.0585501314
22.8  54.3270344823  27.1635172412  44.7311956337  39.7785481179
22.9  53.9692760957  26.9846380479  44.4187013633  39.502749662
23.0  53.6169484628  26.8084742314  44.110960256  39.2311470196
23.1  53.2700464265  26.6350232133  43.807961625  38.9637313968
23.2  52.9285633723  26.4642816862  43.5096936245  38.700492965
23.3  52.5924912474  26.2962456237  43.2161432669  38.4414208769
23.4  52.2618205801  26.13091029  42.9272964417  38.1865032825
23.5  51.9365404991  25.9682702496  42.6431379329  37.9357273447
23.6  51.6166387538  25.8083193769  42.363651438  37.6890792554
23.7  51.3021017338  25.6510508669  42.0888195858  37.4465442517
23.8  50.9929144887  25.4964572443  41.818623955  37.2081066319
23.9  50.689060749  25.3445303745  41.5530450931  36.973749772
24.0  50.3905229461  25.195261473  41.2920625342  36.7434561414
24.1  50.0972822325  25.0486411162  41.0356548183  36.51720732
24.2  49.8093185029  24.9046592515  40.7837995096  36.2949840139
24.3  49.5266104148  24.7633052074  40.5364732154  36.0767660722
24.4  49.2491354091  24.6245677046  40.2936516047  35.8625325037
24.5  48.9768697315  24.4884348657  40.0553094271  35.6522614926
24.6  48.709788453  24.3548942265  39.8214205314  35.445930416
24.7  48.4478654916  24.2239327458  39.5919578847  35.2435158596
24.8  48.1910736331  24.0955368166  39.3668935911  35.044993635
24.9  47.9393845527  23.9696922763  39.1461989104  34.8503387956
25.0  47.6927688359  23.846384418  38.9298442774  34.6595256539
25.1  47.4511960006  23.7255980003  38.7177993199  34.4725277973
25.2  47.2146345181  23.607317259  38.5100328785  34.2893181054
25.3  46.9830518344  23.4915259172  38.3065130248  34.1098687663
25.4  46.7564143926  23.3782071963  38.1072070803  33.9341512929
25.5  46.5346876536  23.2673438268  37.9120816353  33.7621365399
25.6  46.3178361182  23.1589180591  37.7211025674  33.5937947202
25.7  46.1058233487  23.0529116743  37.5342350605  33.4290954212
25.8  45.8986119902  22.9493059951  37.3514436233  33.2680076214
25.9  45.6961637929  22.8480818964  37.1726921078  33.1104997069
26.0  45.498439633  22.7492198165  36.9979437283  32.9565394879
26.1  45.305399535  22.6526997675  36.8271610792  32.8060942147
26.2  45.1170026929  22.5585013465  36.6603061543  32.6591305944
26.3  44.9332074921  22.4666037461  36.4973403645  32.515614807
26.4  44.7539715308  22.3769857654  36.3382245564  32.3755125215
26.5  44.5792516416  22.2896258208  36.1829190306  32.2387889123
26.6  44.409003913  22.2045019565  36.03138356  32.1054086751
26.7  44.2431837113  22.1215918557  35.8835774074  31.975336043
26.8  44.0817457013  22.0408728507  35.7394593441  31.8485348025
26.9  43.9246438684  21.9623219342  35.5989876676  31.7249683091
27.0  43.7718315394  21.8859157697  35.4621202193  31.6045995038
27.1  43.6232614041  21.8116307021  35.3288144024  31.487390928
27.2  43.4788855365  21.7394427682  35.1990271996  31.3733047395
27.3  43.3386554157  21.6693277079  35.0727151905  31.2623027285
27.4  43.2025219473  21.6012609736  34.9498345692  31.1543463323
27.5  43.0704354839  21.535217742  34.8303411615  31.0493966512
27.6  42.9423458467  21.4711729233  34.7141904423  30.9474144637
27.7  42.8182023455  21.4091011727  34.6013375524  30.8483602415
27.8  42.6979537999  21.3489769  34.4917373158  30.7521941648
27.9  42.58154856  21.29077428  34.3853442565  30.6588761374
28.0  42.4689345265  21.2344672632  34.2821126151  30.5683658013
28.1  42.3600591712  21.1800295856  34.1819963657  30.4806225515
28.2  42.2548695577  21.1274347789  34.0849492321  30.3956055511
28.3  42.1533123611  21.0766561805  33.9909247044  30.3132737451
28.4  42.0553338879  21.027666944  33.8998760549  30.2335858757
28.5  41.9608800968  20.9804400484  33.8117563547  30.1565004959
28.6  41.8698966174  20.9349483087  33.7265184891  30.0819759841
28.7  41.7823287705  20.8911643852  33.644115174  30.0099705583
28.8  41.6981215876  20.8490607938  33.5644989709  29.9404422895
28.9  41.6172198302  20.8086099151  33.487622303  29.8733491161
29.0  41.5395680088  20.7697840044  33.4134374702  29.8086488573
29.1  41.4651104025  20.7325552012  33.3418966645  29.7462992268
29.2  41.3937910773  20.6968955387  33.272951985  29.6862578462
29.3  41.3255539056  20.6627769528  33.2065554529  29.6284822584
29.4  41.2603425844  20.6301712922  33.1426590261  29.5729299404
29.5  41.1981006537  20.5990503269  33.0812146139  29.5195583168
29.6  41.1387715153  20.5693857577  33.0221740915  29.4683247726
29.7  41.0822984504  20.5411492252  32.965489314  29.4191866658
29.8  41.0286246379  20.5143123189  32.9111121309  29.3721013398
29.9  40.9776931722  20.4888465861  32.8589943998  29.3270261365
30.0  40.9294470806  20.4647235403  32.8090880001  29.2839184082
30.0  40.9294470806  20.4647235403  32.8090880001  29.2839184082
30.1  40.8838293413  20.4419146707  32.7613448468  29.2427355296
30.2  40.8407829  20.42039145  32.715716904  29.2034349102
30.3  40.8002506875  20.4001253438  32.6721561978  29.1659740061
30.4  40.7621756364  20.3810878182  32.6306148297  29.1303103316
30.5  40.726500698  20.363250349  32.5910449897  29.0964014709
30.6  40.6931688586  20.3465844293  32.5533989683  29.0642050893
30.7  40.662123156  20.331061578  32.5176291699  29.0336789447
30.8  40.6333066959  20.3166533479  32.4836881248  29.0047808987
30.9  40.6066626673  20.3033313337  32.4515285014  28.9774689274
31.0  40.582134359  20.2910671795  32.4211031184  28.9517011323
31.1  40.5596651744  20.2798325872  32.3923649563  28.927435751
31.2  40.5391986475  20.2695993237  32.3652671696  28.9046311675
31.3  40.5206784578  20.2603392289  32.3397630977  28.8832459227
31.4  40.5040484452  20.2520242226  32.3158062768  28.8632387245
31.5  40.4892526251  20.2446263126  32.2933504505  28.8445684576
31.6  40.4762352025  20.2381176013  32.2723495811  28.8271941939
31.7  40.4649405867  20.2324702934  32.2527578601  28.8110752014
31.8  40.4553134053  20.2276567026  32.234529719  28.7961709543
31.9  40.4472985181  20.2236492591  32.2176198394  28.7824411422
32.0  40.440841031  20.2204205155  32.2019831636  28.7698456792
32.1  40.4358863092  20.2179431546  32.1875749041  28.7583447129
32.2  40.4323799908  20.2161899954  32.1743505539  28.7478986334
32.3  40.4302679997  20.2151339998  32.1622658958  28.7384680819
32.4  40.4294965584  20.2147482792  32.1512770119  28.7300139592
32.5  40.4300122008  20.2150061004  32.141340293  28.7224974342
32.6  40.4317617846  20.2158808923  32.1324124477  28.7158799518
32.7  40.4346925034  20.2173462517  32.124450511  28.7101232412
32.8  40.4387518986  20.2193759493  32.1174118532  28.7051893238
32.9  40.4438878714  20.2219439357  32.1112541884  28.7010405205
33.0  40.4500486943  20.2250243472  32.1059355828  28.6976394598
33.1  40.4571830222  20.2285915111  32.1014144628  28.6949490847
33.2  40.4652399036  20.2326199518  32.0976496228  28.6929326601
33.3  40.4741687916  20.2370843958  32.0946002333  28.6915537796
33.4  40.4839195542  20.2419597771  32.0922258481  28.6907763727
33.5  40.4944424853  20.2472212427  32.0904864121  28.6905647115
33.6  40.5056883143  20.2528441571  32.0893422678  28.6908834167
33.7  40.5176082162  20.2588041081  32.0887541631  28.6916974645
33.8  40.5301538217  20.2650769108  32.0886832575  28.6929721928
33.9  40.5432772263  20.2716386131  32.0890911291  28.6946733068
34.0  40.5569309998  20.2784654999  32.0899397808  28.6967668852
34.1  40.5710681953  20.2855340976  32.0911916468  28.6992193859
34.2  40.5856423581  20.292821179  32.0928095983  28.7019976513
34.3  40.6006075342  20.3003037671  32.0947569498  28.7050689141
34.4  40.6159182788  20.3079591394  32.0969974645  28.7084008019
34.5  40.6315296645  20.3157648322  32.0994953599  28.711961343
34.6  40.6473972889  20.3236986445  32.1022153133  28.7157189704
34.7  40.6634772829  20.3317386414  32.1051224666  28.7196425274
34.8  40.6797263175  20.3398631588  32.1081824316  28.7237012716
34.9  40.6961016118  20.3480508059  32.1113612947  28.7278648794
35.0  40.7125609393  20.3562804696  32.1146256213  28.7321034504
35.1  40.7290626352  20.3645313176  32.1179424605  28.7363875112
35.2  40.745565603  20.3727828015  32.1212793493  28.7406880197
35.3  40.7620293205  20.3810146602  32.1246043165  28.7449763685
35.4  40.7784138462  20.3892069231  32.1278858866  28.7492243887
35.5  40.7946798254  20.3973399127  32.1310930839  28.7534043533
35.6  40.8107884955  20.4053942477  32.1341954355  28.7574889804
35.7  40.8267016916  20.4133508458  32.1371629752  28.7614514365
35.8  40.8423818522  20.4211909261  32.139966246  28.7652653393
35.9  40.8577920234  20.4288960117  32.1425763039  28.7689047607
36.0  40.8728958646  20.4364479323  32.1449647203  28.7723442294
36.1  40.8876576526  20.4438288263  32.1471035846  28.7755587333
36.2  40.9020422859  20.451021143  32.1489655072  28.778523722
36.3  40.9160152895  20.4580076447  32.1505236211  28.7812151089
36.4  40.929542818  20.464771409  32.1517515849  28.7836092736
36.5  40.94259166  20.47129583  32.1526235841  28.7856830634
36.6  40.9551292416  20.4775646208  32.1531143334  28.7874137951
36.7  40.9671236293  20.4835618146  32.1531990781  28.7887792571
36.8  40.9785435334  20.4892717667  32.1528535958  28.7897577102
36.9  40.9893583109  20.4946791555  32.1520541977  28.7903278895
37.0  40.9995379683  20.4997689842  32.1507777298  28.7904690053
37.1  41.0090531638  20.5045265819  32.1490015739  28.7901607442
37.2  41.0178752098  20.5089376049  32.1467036484  28.7893832699
37.3  41.0259760749  20.5129880374  32.1438624094  28.7881172244
37.4  41.0333283858  20.5166641929  32.1404568508  28.7863437281
37.5  41.0399054291  20.5199527145  32.1364665048  28.7840443805
37.6  41.0456811524  20.5228405762  32.1318714425  28.7812012607
37.7  41.0506301662  20.5253150831  32.1266522737  28.7777969273
37.8  41.0547277442  20.5273638721  32.1207901471  28.7738144189
37.9  41.057949825  20.5289749125  32.1142667496  28.7692372536
38.0  41.060273012  20.530136506  32.1070643067  28.7640494292
38.1  41.0616745745  20.5308372873  32.0991655816  28.7582354227
38.2  41.0621324479  20.531066224  32.0905538745  28.7517801899
38.3  41.0616252335  20.5308126167  32.0812130222  28.7446691648
38.4  41.0601321986  20.5300660993  32.0711273967  28.7368882589
38.5  41.0576332765  20.5288166383  32.0602819048  28.7284238606
38.6  41.0541090657  20.5270545329  32.0486619863  28.719262834
38.7  41.0495408294  20.5247704147  32.0362536132  28.7093925179
38.8  41.0439104947  20.5219552473  32.0230432878  28.6988007246
38.9  41.0372006517  20.5186003258  32.0090180415  28.6874757388
39.0  41.0293945521  20.514697276  31.9941654328  28.6754063158
39.1  41.0204761082  20.5102380541  31.9784735457  28.6625816804
39.2  41.0104298911  20.5052149455  31.9619309877  28.6489915249
39.3  40.999241129  20.4996205645  31.9445268875  28.6346260075
39.4  40.9868957057  20.4934478528  31.926250893  28.6194757504
39.5  40.9733801581  20.4866900791  31.9070931688  28.6035318378
39.6  40.9586816745  20.4793408372  31.887044394  28.5867858137
39.7  40.9427880916  20.4713940458  31.8660957594  28.5692296799
39.8  40.9256878927  20.4628439463  31.8442389646  28.5508558936
39.9  40.9073702045  20.4536851023  31.8214662159  28.5316573649
40.0  40.8878247946  20.4439123973  31.7977702225  28.5116274543
40.1  40.8670420682  20.4335210341  31.7731441942  28.4907599703
40.2  40.8450130651  20.4225065325  31.7475818377  28.4690491661
40.3  40.8217294564  20.4108647282  31.7210773538  28.4464897376
40.4  40.7971835413  20.3985917706  31.6936254335  28.4230768199
40.5  40.7713682428  20.3856841214  31.6652212551  28.3988059843
40.6  40.7442771046  20.3721385523  31.6358604803  28.3736732354
40.7  40.7159042872  20.3579521436  31.6055392505  28.3476750079
40.8  40.6862445633  20.3431222817  31.5742541833  28.3208081632
40.9  40.6552933142  20.3276466571  31.5420023682  28.2930699859
41.0  40.6230465252  20.3115232626  31.5087813631  28.2644581807
41.1  40.5895007812  20.2947503906  31.4745891898  28.2349708683
41.2  40.5546532623  20.2773266312  31.4394243301  28.2046065824
41.3  40.5185017387  20.2592508694  31.4032857216  28.1733642654
41.4  40.4810445662  20.2405222831  31.3661727531  28.1412432651
41.5  40.4422806811  20.2211403405  31.3280852605  28.1082433301
41.6  40.4022095951  20.2011047975  31.2890235218  28.0743646068
41.7  40.36083139  20.180415695  31.2489882531  28.0396076345
41.8  40.3181467127  20.1590733564  31.2079806036  28.0039733417
41.9  40.2741567693  20.1370783847  31.1660021507  27.9674630419
42.0  40.2288633199  20.1144316599  31.1230548955  27.9300784292
42.1  40.1822686724  20.0911343362  31.0791412576  27.891821574
42.2  40.1343756773  20.0671878387  31.0342640703  27.8526949187
42.3  40.0851877217  20.0425938608  30.9884265755  27.8127012732
42.4  40.0347087227  20.0173543613  30.9416324183  27.7718438102
42.5  39.982943122  19.991471561  30.8938856424  27.7301260608
42.6  39.9298958794  19.9649479397  30.8451906841  27.6875519097
42.7  39.8755724663  19.9377862332  30.7955523676  27.6441255908
42.8  39.8199788596  19.9099894298  30.744975899  27.5998516817
42.9  39.7631215349  19.8815607674  30.6934668615  27.5547350998
43.0  39.7050074601  19.8525037301  30.6410312092  27.5087810966
43.1  39.6456440887  19.8228220443  30.587675262  27.4619952533
43.2  39.5850393528  19.7925196764  30.5334056999  27.4143834755
43.3  39.5232016565  19.7616008282  30.4782295571  27.3659519882
43.4  39.4601398688  19.7300699344  30.4221542163  27.3167073308
43.5  39.3958633166  19.6979316583  30.3651874031  27.2666563518
43.6  39.3303817776  19.6651908888  30.3073371799  27.2158062039
43.7  39.2637054731  19.6318527366  30.2486119402  27.1641643382
43.8  39.1958450606  19.5979225303  30.1890204026  27.1117384997
43.9  39.1268116268  19.5634058134  30.1285716047  27.0585367212
44.0  39.0566166798  19.5283083399  30.0672748973  27.0045673186
44.1  38.9852721419  19.4926360709  30.0051399381  26.9498388849
44.2  38.912790342  19.456395171  29.9421766857  26.8943602853
44.3  38.8391840079  19.4195920039  29.8783953936  26.8381406513
44.4  38.7644662588  19.3822331294  29.8138066036  26.7811893755
44.5  38.6886505976  19.3443252988  29.7484211401  26.7235161061
44.6  38.6117509027  19.3058754513  29.6822501036  26.6651307408
44.7  38.5337814208  19.2668907104  29.6153048643  26.6060434221
44.8  38.4547567587  19.2273783794  29.5475970562  26.5462645307
44.9  38.3746918753  19.1873459377  29.4791385702  26.4858046806
45.0  38.2936020739  19.1468010369  29.4099415484  26.4246747132
45.0  38.2936020739  19.1468010369  29.4099415484  26.4246747132
45.1  38.2115029937  19.1057514968  29.3400183772  26.3628856915
45.2  38.1284106024  19.0642053012  29.2693816812  26.3004488944
45.3  38.0443411876  19.0221705938  29.1980443165  26.2373758111
45.4  37.9593113489  18.9796556744  29.1260193648  26.1736781354
45.5  37.8733379896  18.9366689948  29.0533201263  26.1093677598
45.6  37.7864383087  18.8932191544  28.9799601138  26.0444567695
45.7  37.6986297925  18.8493148963  28.9059530457  25.9789574373
45.8  37.6099302063  18.8049651032  28.83131284  25.912882217
45.9  37.5203575863  18.7601787932  28.7560536076  25.8462437382
46.0  37.4299302312  18.7149651156  28.6801896458  25.7790548
46.1  37.3386666938  18.6693333469  28.6037354316  25.7113283658
46.2  37.2465857729  18.6232928864  28.5267056156  25.6430775566
46.3  37.1537065046  18.5768532523  28.4491150153  25.5743156461
46.4  37.0600481542  18.5300240771  28.3709786083  25.5050560541
46.5  36.9656302078  18.4828151039  28.2923115262  25.4353123411
46.6  36.8704723636  18.4352361818  28.2131290481  25.3650982025
46.7  36.7745945239  18.3872972619  28.1334465937  25.2944274623
46.8  36.6780167864  18.3390083932  28.0532797169  25.2233140679
46.9  36.5807594361  18.290379718  27.9726440999  25.1517720837
47.0  36.4828429364  18.2414214682  27.8915555458  25.0798156857
47.1  36.3842879212  18.1921439606  27.8100299728  25.0074591554
47.2  36.2851151862  18.1425575931  27.7280834074  24.9347168744
47.3  36.1853456805  18.0926728403  27.6457319782  24.8616033179
47.4  36.0850004985  18.0425002492  27.5629919091  24.7881330498
47.5  35.984100871  17.9920504355  27.4798795134  24.7143207163
47.6  35.8826681573  17.9413340786  27.3964111869  24.6401810403
47.7  35.7807238365  17.8903619183  27.3126034018  24.5657288157
47.8  35.6782894996  17.8391447498  27.2284727002  24.4909789018
47.9  35.5753868407  17.7876934203  27.1440356881  24.4159462175
48.0  35.4720376487  17.7360188244  27.0593090283  24.3406457354
48.1  35.3682637997  17.6841318998  26.9743094352  24.2650924768
48.2  35.2640872478  17.6320436239  26.8890536677  24.1893015051
48.3  35.1595300174  17.5797650087  26.8035585231  24.1132879211
48.4  35.0546141953  17.5273070976  26.7178408314  24.0370668569
48.5  34.9493619215  17.4746809607  26.6319174484  23.9606534705
48.6  34.8437953822  17.4218976911  26.5458052501  23.8840629401
48.7  34.7379368009  17.3689684005  26.4595211265  23.8073104591
48.8  34.631808431  17.3159042155  26.3730819754  23.7304112299
48.9  34.5254325468  17.2627162734  26.2865046962  23.653380459
49.0  34.4188314367  17.2094157183  26.1998061843  23.5762333514
49.1  34.3120273942  17.1560136971  26.1130033249  23.4989851053
49.2  34.2050427106  17.1025213553  26.0261129874  23.4216509067
49.3  34.097899667  17.0489498335  25.9391520187  23.3442459242
49.4  33.9906205265  16.9953102632  25.8521372385  23.2667853034
49.5  33.8832275261  16.9416137631  25.7650854325  23.1892841621
49.6  33.7757428697  16.8878714348  25.6780133474  23.1117575851
49.7  33.6681887195  16.8340943598  25.5909376848  23.0342206186
49.8  33.5605871894  16.7802935947  25.5038750955  22.9566882656
49.9  33.4529603366  16.7264801683  25.4168421742  22.8791754804
50.0  33.3453301545  16.6726650773  25.3298554537  22.8016971641
50.1  33.2377185654  16.6188592827  25.2429313996  22.7242681593
50.2  33.1301474127  16.5650737063  25.1560864046  22.6469032449
50.3  33.0226384538  16.5113192269  25.0693367834  22.569617132
50.4  32.9152133532  16.4576066766  24.9826987671  22.4924244582
50.5  32.8078936745  16.4039468372  24.8961884979  22.4153397836
50.6  32.7007008741  16.3503504371  24.8098220243  22.3383775854
50.7  32.5936562938  16.2968281469  24.7236152954  22.2615522536
50.8  32.4867811538  16.2433905769  24.6375841559  22.1848780863
50.9  32.3800965457  16.1900482728  24.5517443416  22.1083692853
51.0  32.2736234259  16.136811713  24.4661114734  22.0320399511
51.1  32.1673826089  16.0836913045  24.3807010533  21.9559040788
51.2  32.0613947603  16.0306973802  24.295528459  21.8799755538
51.3  31.9556803904  15.9778401952  24.2106089395  21.8042681469
51.4  31.8502598477  15.9251299239  24.1259576099  21.7287955109
51.5  31.7451533123  15.8725766561  24.041589447  21.6535711752
51.6  31.6403807897  15.8201903948  23.9575192845  21.5786085426
51.7  31.5359621045  15.7679810522  23.873761809  21.5039208849
51.8  31.4319168942  15.7159584471  23.7903315548  21.4295213386
51.9  31.328264603  15.6641323015  23.7072428998  21.355422901
52.0  31.2250244758  15.6125122379  23.6245100615  21.2816384264
52.1  31.1222155526  15.5611077763  23.5421470921  21.2081806223
52.2  31.019856662  15.509928331  23.4601678749  21.1350620452
52.3  30.9179664161  15.4589832081  23.3785861198  21.0622950973
52.4  30.8165632045  15.4082816022  23.2974153594  20.9898920224
52.5  30.7156651887  15.3578325944  23.216668945  20.9178649028
52.6  30.615290297  15.3076451485  23.1363600426  20.8462256552
52.7  30.5154562186  15.2577281093  23.0565016295  20.7749860276
52.8  30.4161803988  15.2080901994  22.9771064899  20.7041575958
52.9  30.3174800335  15.1587400168  22.8981872117  20.6337517598
53.0  30.2193720642  15.1096860321  22.8197561829  20.563779741
53.1  30.1218731732  15.0609365866  22.7418255878  20.4942525787
53.2  30.0249997784  15.0124998892  22.6644074037  20.4251811268
53.3  29.9287680286  14.9643840143  22.5875133977  20.356576051
53.4  29.8331937994  14.9165968997  22.5111551232  20.2884478261
53.5  29.7382926876  14.8691463438  22.4353439167  20.2208067322
53.6  29.6440800075  14.8220400037  22.360090895  20.1536628526
53.7  29.5505707862  14.7752853931  22.2854069517  20.0870260709
53.8  29.4577797598  14.7288898799  22.2113027546  20.0209060679
53.9  29.3657213683  14.6828606842  22.1377887427  19.9553123196
54.0  29.2744097527  14.6372048764  22.0648751233  19.890254094
54.1  29.1838587502  14.5919293751  21.9925718694  19.8257404491
54.2  29.0940818908  14.5470409454  21.9208887173  19.7617802302
54.3  29.0050923935  14.5025461967  21.8498351636  19.6983820677
54.4  28.9169031625  14.4584515813  21.7794204631  19.6355543748
54.5  28.8295267842  14.4147633921  21.7096536261  19.5733053454
54.6  28.7429755232  14.3714877616  21.6405434165  19.511642952
54.7  28.6572613194  14.3286306597  21.5720983495  19.4505749433
54.8  28.5723957847  14.2861978924  21.5043266891  19.3901088428
54.9  28.4883902003  14.2441951001  21.4372364466  19.3302519467
55.0  28.4052555131  14.2026277565  21.3708353782  19.271011322
55.1  28.3230023334  14.1615011667  21.3051309836  19.2123938047
55.2  28.2416409322  14.1208204661  21.2401305039  19.1544059987
55.3  28.1611812385  14.0805906192  21.1758409199  19.0970542735
55.4  28.0816328365  14.0408164182  21.1122689506  19.0403447632
55.5  28.0030049638  14.0015024819  21.0494210517  18.984283365
55.6  27.9253065088  13.9626532544  20.9873034142  18.9288757378
55.7  27.8485460088  13.9242730044  20.9259219631  18.8741273011
55.8  27.7727316479  13.886365824  20.8652823559  18.8200432334
55.9  27.6978712549  13.8489356274  20.8053899816  18.7666284717
56.0  27.623972302  13.811986151  20.7462499598  18.7138877103
56.1  27.5510419025  13.7755209513  20.6878671393  18.6618253994
56.2  27.4790868102  13.7395434051  20.6302460977  18.6104457451
56.3  27.4081134168  13.7040567084  20.5733911401  18.5597527076
56.4  27.3381277516  13.6690638758  20.5173062987  18.5097500014
56.5  27.2691354798  13.6345677399  20.461995332  18.4604410944
56.6  27.2011419019  13.6005709509  20.4074617245  18.4118292072
56.7  27.1341519519  13.5670759759  20.3537086857  18.3639173125
56.8  27.0681701975  13.5340850987  20.3007391505  18.3167081355
56.9  27.0032008385  13.5016004192  20.2485557781  18.2702041524
57.0  26.9392477069  13.4696238535  20.1971609524  18.2244075913
57.1  26.8763142662  13.4381571331  20.1465567816  18.1793204314
57.2  26.8144036107  13.4072018054  20.0967450983  18.1349444034
57.3  26.7535184658  13.3767592329  20.0477274594  18.0912809888
57.4  26.6936611876  13.3468305938  19.9995051465  18.0483314207
57.5  26.6348337629  13.3174168814  19.9520791658  18.0060966838
57.6  26.5770378094  13.2885189047  19.9054502488  17.9645775144
57.7  26.520274576  13.260137288  19.8596188524  17.9237744007
57.8  26.4645449428  13.2322724714  19.8145851594  17.8836875839
57.9  26.4098494222  13.2049247111  19.7703490794  17.8443170577
58.0  26.3561881589  13.1780940795  19.7269102491  17.8056625695
58.1  26.3035609308  13.1517804654  19.6842680332  17.7677236209
58.2  26.25196715  13.125983575  19.6424215252  17.7304994682
58.3  26.2014058635  13.1007029318  19.6013695483  17.6939891237
58.4  26.1518757543  13.0759378772  19.5611106565  17.6581913558
58.5  26.1033751427  13.0516875714  19.5216431355  17.6231046906
58.6  26.0559019876  13.0279509938  19.4829650042  17.5887274128
58.7  26.0094538873  13.0047269437  19.4450740154  17.5550575663
58.8  25.9640280822  12.9820140411  19.4079676576  17.5220929562
58.9  25.9196214551  12.9598107275  19.3716431562  17.4898311491
59.0  25.8762305338  12.9381152669  19.3360974751  17.4582694751
59.1  25.8338514927  12.9169257463  19.3013273181  17.427405029
59.2  25.7924801546  12.8962400773  19.2673291308  17.3972346716
59.3  25.7521119933  12.8760559966  19.2340991021  17.3677550314
59.4  25.7127421349  12.8563710675  19.2016331662  17.3389625063
59.5  25.6743653608  12.8371826804  19.1699270041  17.3108532647
59.6  25.6369761099  12.8184880549  19.1389760461  17.2834232481
59.7  25.600568481  12.8002842405  19.1087754735  17.2566681722
59.8  25.5651362355  12.7825681178  19.079320221  17.2305835292
59.9  25.5306728  12.7653364  19.0506049782  17.2051645895
60.0  25.4971712695  12.7485856347  19.0226241929  17.1804064038
60.0  25.4971712695  12.7485856347  19.0226241929  17.1804064038
60.1  25.4646244096  12.7323122048  18.9953720727  17.1563038054
60.2  25.4330246601  12.7165123301  18.9688425873  17.1328514117
60.3  25.4023641383  12.7011820691  18.943029472  17.1100436275
60.4  25.3726346415  12.6863173208  18.9179262289  17.0878746462
60.5  25.343827651  12.6719138255  18.8935261305  17.0663384527
60.6  25.3159343351  12.6579671676  18.8698222222  17.0454288258
60.7  25.2889455531  12.6444727765  18.8468073247  17.0251393406
60.8  25.2628518584  12.6314259292  18.8244740375  17.0054633711
60.9  25.2376435022  12.6188217511  18.8028147409  16.9863940925
61.0  25.2133104383  12.6066552191  18.7818216  16.9679244843
61.1  25.1898423258  12.5949211629  18.761486567  16.950047333
61.2  25.1672285335  12.5836142668  18.7418013845  16.9327552343
61.3  25.1454581446  12.5727290723  18.722757589  16.9160405968
61.4  25.12451996  12.56225998  18.7043465137  16.8998956442
61.5  25.1044025029  12.5522012515  18.6865592918  16.8843124186
61.6  25.0850940238  12.5425470119  18.6693868604  16.8692827835
61.7  25.0665825039  12.5332912519  18.6528199633  16.8547984268
61.8  25.0488556602  12.5244278301  18.6368491547  16.8408508639
61.9  25.0319009504  12.5159504752  18.6214648032  16.8274314411
62.0  25.0157055771  12.5078527885  18.6066570944  16.8145313385
62.1  25.0002564928  12.5001282464  18.5924160357  16.8021415735
62.2  24.9855404047  12.4927702023  18.5787314589  16.7902530041
62.3  24.9715437801  12.48577189  18.5655930253  16.7788563326
62.4  24.9582528504  12.4791264252  18.5529902279  16.767942108
62.5  24.9456536176  12.4728268088  18.5409123967  16.7575007311
62.6  24.9337318584  12.4668659292  18.529348702  16.7475224566
62.7  24.9224731299  12.4612365649  18.5182881582  16.7379973974
62.8  24.9118627748  12.4559313874  18.5077196285  16.7289155282
62.9  24.9018859271  12.4509429635  18.4976318282  16.7202666887
63.0  24.8925275171  12.4462637586  18.4880133294  16.7120405882
63.1  24.8837722773  12.4418861387  18.4788525647  16.7042268083
63.2  24.875604748  12.437802374  18.470137832  16.6968148075
63.3  24.8680092829  12.4340046415  18.4618572983  16.6897939249
63.4  24.8609700546  12.4304850273  18.4539990041  16.6831533837
63.5  24.854471061  12.4272355305  18.4465508681  16.6768822955
63.6  24.8484961302  12.4242480651  18.4395006907  16.6709696641
63.7  24.8430289278  12.4215144639  18.4328361597  16.6654043897
63.8  24.8380529616  12.4190264808  18.4265448536  16.6601752725
63.9  24.8335515881  12.4167757941  18.4206142468  16.6552710173
64.0  24.8295080191  12.4147540095  18.4150317141  16.6506802372
64.1  24.8259053267  12.4129526633  18.4097845345  16.6463914578
64.2  24.8227264507  12.4113632253  18.4048598971  16.6423931216
64.3  24.8199542038  12.4099771019  18.4002449046  16.6386735918
64.4  24.8175712791  12.4087856396  18.3959265787  16.6352211568
64.5  24.8155602552  12.4077801276  18.3918918645  16.6320240347
64.6  24.8139036029  12.4069518014  18.3881276348  16.6290703767
64.7  24.8125836924  12.4062918462  18.384620696  16.6263482724
64.8  24.8115827986  12.4057913993  18.3813577916  16.6238457534
64.9  24.8108831084  12.4054415542  18.3783256077  16.6215507979
65.0  24.8104667272  12.4052333636  18.3755107781  16.6194513353
65.1  24.8103156852  12.4051578426  18.3728998885  16.6175352505
65.2  24.8104119435  12.4052059717  18.3704794813  16.6157903874
65.3  24.8107374018  12.4053687009  18.3682360612  16.6142045549
65.4  24.8112739043  12.4056369522  18.3661560995  16.6127655301
65.5  24.8120032472  12.4060016236  18.3642260396  16.6114610634
65.6  24.812907184  12.406453592  18.3624323011  16.6102788827
65.7  24.8139674336  12.4069837168  18.3607612855  16.6092066976
65.8  24.815165686  12.407582843  18.3591993807  16.6082322046
65.9  24.8164836104  12.4082418052  18.3577329662  16.6073430912
66.0  24.8179028602  12.4089514301  18.356348418  16.6065270399
66.1  24.8194050816  12.4097025408  18.3550321136  16.6057717341
66.2  24.8209719191  12.4104859596  18.3537704371  16.605064861
66.3  24.822585023  12.4112925115  18.352549784  16.6043941172
66.4  24.8242260561  12.412113028  18.3513565661  16.6037472129
66.5  24.8258767004  12.4129383502  18.350177217  16.6031118765
66.6  24.8275186638  12.4137593319  18.3489981964  16.6024758589
66.7  24.8291336877  12.4145668439  18.3478059958  16.6018269382
66.8  24.8307035532  12.4153517766  18.3465871432  16.6011529246
66.9  24.8322100877  12.4161050438  18.3453282077  16.6004416641
67.0  24.8336351725  12.4168175862  18.344015805  16.5996810438
67.1  24.8349607493  12.4174803747  18.3426366026  16.5988589959
67.2  24.8361688268  12.4180844134  18.3411773237  16.5979635026
67.3  24.837241488  12.418620744  18.3396247534  16.5969826003
67.4  24.8381608968  12.4190804484  18.3379657429  16.5959043842
67.5  24.8389093044  12.4194546522  18.3361872148  16.594717013
67.6  24.8394690565  12.4197345283  18.3342761673  16.5934087126
67.7  24.8398226005  12.4199113003  18.3322196804  16.5919677817
67.8  24.8399524912  12.4199762456  18.3300049194  16.5903825954
67.9  24.8398413983  12.4199206992  18.3276191408  16.5886416098
68.0  24.839472113  12.4197360565  18.3250496966  16.5867333665
68.1  24.8388275542  12.4194137771  18.322284039  16.5846464968
68.2  24.837890776  12.418945388  18.3193097262  16.5823697266
68.3  24.8366449735  12.4183224867  18.3161144257  16.57989188
68.4  24.8350734896  12.4175367448  18.3126859199  16.577201884
68.5  24.8331598218  12.4165799109  18.309012111  16.5742887726
68.6  24.8308876286  12.4154438143  18.3050810251  16.5711416915
68.7  24.8282407358  12.4141203679  18.3008808172  16.5677499018
68.8  24.8252031434  12.4126015717  18.2963997759  16.5641027847
68.9  24.8217590313  12.4108795156  18.2916263279  16.5601898452
69.0  24.8178927656  12.4089463828  18.2865490418  16.5560007163
69.1  24.8135889064  12.4067944532  18.2811566345  16.5515251637
69.2  24.8088322118  12.4044161059  18.2754379733  16.546753089
69.3  24.8036076459  12.4018038229  18.2693820823  16.5416745344
69.4  24.7979003837  12.3989501919  18.2629781456  16.5362796864
69.5  24.7916958184  12.3958479092  18.2562155123  16.5305588799
69.6  24.784979566  12.392489783  18.2490837004  16.524502602
69.7  24.7777374727  12.3888687364  18.2415724013  16.5181014958
69.8  24.7699556196  12.3849778098  18.2336714839  16.5113463645
69.9  24.7616203295  12.3808101648  18.2253709988  16.5042281752
70.0  24.7527181719  12.3763590859  18.2166611824  16.4967380623
70.1  24.7432359689  12.3716179844  18.2075324609  16.4888673312
70.2  24.7331608013  12.3665804007  18.1979754544  16.4806074626
70.3  24.7224800134  12.3612400067  18.1879809806  16.4719501151
70.4  24.7111812193  12.3555906096  18.1775400591  16.4628871297
70.5  24.6992523076  12.3496261538  18.166643915  16.4534105329
70.6  24.686681447  12.3433407235  18.1552839826  16.4435125398
70.7  24.6734570916  12.3367285458  18.1434519091  16.433185558
70.8  24.6595679859  12.329783993  18.1311395585  16.4224221905
70.9  24.6450031704  12.3225015852  18.118339015  16.4112152398
71.0  24.6297519851  12.3148759925  18.105042586  16.3995577095
71.1  24.613804077  12.3069020385  18.0912428073  16.3874428097
71.2  24.5971494019  12.298574701  18.0769324439  16.3748639577
71.3  24.5797782313  12.2898891157  18.0621044953  16.3618147829
71.4  24.5616811561  12.280840578  18.0467521981  16.3482891286
71.5  24.5428490911  12.2714245455  18.0308690289  16.3342810557
71.6  24.5232732801  12.26163664  18.0144487082  16.319784845
71.7  24.5029452991  12.2514726495  17.9974852021  16.3047949998
71.8  24.4818570615  12.2409285307  17.9799727265  16.2893062495
71.9  24.4600008217  12.2300004108  17.9619057495  16.2733135512
72.0  24.4373691793  12.2186845897  17.9432789938  16.2568120927
72.1  24.413955083  12.2069775415  17.9240874402  16.2397972952
72.2  24.3897518336  12.1948759168  17.9043263289  16.2222648148
72.3  24.3647530895  12.1823765447  17.8839911642  16.2042105465
72.4  24.338952868  12.169476434  17.8630777143  16.1856306245
72.5  24.3123455502  12.1561727751  17.8415820157  16.1665214255
72.6  24.2849258847  12.1424629423  17.8195003751  16.1468795711
72.7  24.2566889886  12.1283444943  17.7968293704  16.1267019285
72.8  24.227630353  12.1138151765  17.7735658541  16.1059856135
72.9  24.1977458448  12.0988729224  17.7497069549  16.0847279925
73.0  24.1670317094  12.0835158547  17.7252500797  16.0629266832
73.1  24.1354845739  12.067742287  17.7001929148  16.0405795571
73.2  24.103101449  12.0515507245  17.6745334285  16.0176847409
73.3  24.0698797326  12.0349398663  17.6482698723  15.9942406181
73.4  24.0358172104  12.0179086052  17.6214007823  15.9702458302
73.5  24.00091206  12.00045603  17.5939249811  15.9456992782
73.6  23.9651628513  11.9825814257  17.5658415788  15.9206001238
73.7  23.9285685488  11.9642842744  17.5371499736  15.8949477901
73.8  23.8911285143  11.9455642572  17.5078498547  15.8687419638
73.9  23.8528425072  11.9264212536  17.4779412012  15.8419825947
74.0  23.8137106872  11.9068553436  17.447424285  15.8146698982
74.1  23.7737336142  11.8868668071  17.41629967  15.7868043541
74.2  23.7329122508  11.8664561254  17.3845682137  15.7583867091
74.3  23.6912479625  11.8456239812  17.3522310677  15.7294179765
74.4  23.6487425193  11.8243712597  17.3192896781  15.6998994367
74.5  23.6053980961  11.802699048  17.285745786  15.6698326381
74.6  23.5612172718  11.7806086359  17.251601427  15.639219396
74.7  23.5162030335  11.7581015168  17.2168589333  15.6080617952
74.8  23.4703587728  11.7351793864  17.1815209317  15.5763621875
74.9  23.4236882874  11.7118441437  17.145590344  15.5441231933
75.0  23.3761957827  11.6880978913  17.1090703887  15.5113477012
75.0  23.3761957825  11.6880978913  17.1090703885  15.5113477011
75.1  23.3278858682  11.6639429341  17.0719645773  15.4780388671
75.2  23.2787635609  11.6393817804  17.0342767175  15.4442001149
75.3  23.2288342822  11.6144171411  16.9960109104  15.4098351355
75.4  23.1781038579  11.589051929  16.9571715505  15.374947886
75.5  23.126578518  11.563289259  16.9177633252  15.3395425898
75.6  23.0742648948  11.5371324474  16.8777912135  15.3036237349
75.7  23.0211700219  11.510585011  16.8372604853  15.2671960739
75.8  22.9673013341  11.483650667  16.7961767004  15.2302646228
75.9  22.9126666649  11.4563333324  16.7545457078  15.1928346601
76.0  22.8572742436  11.4286371218  16.7123736424  15.1549117244
76.1  22.8011326965  11.4005663483  16.669666926  15.1165016151
76.2  22.7442510423  11.3721255211  16.6264322642  15.0776103893
76.3  22.6866386911  11.3433193456  16.5826766453  15.0382443614
76.4  22.6283054425  11.3141527213  16.5384073386  14.9984101012
76.5  22.5692614816  11.2846307408  16.4936318916  14.9581144314
76.6  22.5095173778  11.2547586889  16.4483581291  14.917364427
76.7  22.449084081  11.2245420405  16.4025941501  14.8761674121
76.8  22.3879729196  11.1939864598  16.356348326  14.8345309591
76.9  22.3261955966  11.1630977983  16.3096292985  14.7924628858
77.0  22.2637641861  11.1318820931  16.2624459759  14.7499712528
77.1  22.2006911307  11.1003455654  16.2148075318  14.707064362
77.2  22.1369892363  11.0684946181  16.1667234009  14.663750753
77.3  22.0726716701  11.0363358351  16.1182032777  14.6200392019
77.4  22.0077519555  11.0038759777  16.0692571121  14.5759387171
77.5  21.9422439675  10.9711219838  16.0198951069  14.5314585374
77.6  21.8761619288  10.9380809644  15.9701277137  14.486608128
77.7  21.8095204062  10.9047602031  15.9199656313  14.4413971795
77.8  21.7423343047  10.8711671523  15.8694198006  14.3958356024
77.9  21.6746188612  10.8373094306  15.8185014001  14.3499335242
78.0  21.6063896434  10.8031948217  15.767221845  14.3037012878
78.1  21.5376625412  10.7688312706  15.715592781  14.2571494461
78.2  21.4684537615  10.7342268807  15.6636260803  14.2102887585
78.3  21.3987798253  10.6993899127  15.6113338393  14.1631301885
78.4  21.3286575584  10.6643287792  15.5587283719  14.1156848982
78.5  21.2581040875  10.6290520438  15.5058222067  14.0679642453
78.6  21.1871368331  10.5935684166  15.4526280815  14.0199797781
78.7  21.1157735065  10.5578867533  15.3991589411  13.971743234
78.8  21.0440320964  10.5220160482  15.3454279275  13.92326653
78.9  20.9719308694  10.4859654347  15.2914483806  13.8745617639
79.0  20.8994883591  10.4497441795  15.2372338293  13.8256412058
79.1  20.8267233621  10.413361681  15.1827979895  13.7765172965
79.2  20.7536549259  10.3768274629  15.1281547546  13.7272026391
79.3  20.6803023467  10.3401511733  15.073318194  13.6777099973
79.4  20.6066851602  10.3033425801  15.0183025466  13.6280522894
79.5  20.5328231338  10.2664115669  14.9631222147  13.5782425833
79.6  20.4587362569  10.2293681285  14.9077917573  13.52829409
79.7  20.3844447371  10.1922223685  14.8523258865  13.4782201607
79.8  20.3099689881  10.1549844941  14.7967394602  13.4280342796
79.9  20.2353296234  10.1176648117  14.7410474754  13.3777500584
80.0  20.1605474475  10.0802737237  14.6852650638  13.3273812322
80.1  20.0856434481  10.0428217241  14.6294074847  13.2769416526
80.2  20.0106387846  10.0053193923  14.5734901171  13.2264452813
80.3  19.9355547826  9.96777739132  14.5175284558  13.175906186
80.4  19.8604129233  9.93020646163  14.4615381034  13.1253385332
80.5  19.7852348317  9.89261741584  14.4055347619  13.0747565809
80.6  19.7100422734  9.85502113671  14.3495342304  13.0241746759
80.7  19.6348571386  9.81742856932  14.2935523931  12.9736072438
80.8  19.5597014361  9.77985071807  14.2376052153  12.9230687846
80.9  19.4845972829  9.74229864145  14.1817087357  12.872573866
81.0  19.4095668935  9.70478344677  14.1258790587  12.8221371165
81.1  19.3346325692  9.66731628461  14.0701323464  12.7717732178
81.2  19.2598166904  9.6299083452  14.0144848132  12.7214969006
81.3  19.1851417043  9.59257085213  13.958952717  12.6713229356
81.4  19.1106301124  9.55531505619  13.9035523498  12.6212661259
81.5  19.0363044654  9.51815223271  13.8483000342  12.5713413031
81.6  18.9621873466  9.48109367332  13.7932121113  12.5215633169
81.7  18.8883013638  9.44415068189  13.7383049347  12.4719470295
81.8  18.8146691394  9.40733456972  13.683594864  12.3958331165
81.9  18.7409357475  9.37046787373  13.6288236916  12.3738836741
82.0  18.7088316629  9.35441583147  13.6043361672  12.3519754847
82.1  18.6767825742  9.3383912871  13.5798959501  12.3301084581
82.2  18.644788387  9.32239419351  13.5555029344  12.3082825046
82.3  18.6128490073  9.30642450367  13.5311570144  12.2864975346
82.4  18.5809643413  9.29048217065  13.5068580849  12.2647534588
82.5  18.5491342951  9.27456714757  13.4826060406  12.2430501881
82.6  18.5173587753  9.25867938767  13.458400777  12.2213876337
82.7  18.4856376884  9.24281884422  13.4342421894  12.199765707
82.8  18.4539709412  9.22698547062  13.4101301738  12.1781843198
82.9  18.4223584406  9.21117922031  13.3860646262  12.1566433839
83.0  18.3908000937  9.19540004684  13.3620454429  12.1351428117
83.1  18.3592958076  9.17964790382  13.3380725208  12.1136825155
83.2  18.3278454899  9.16392274494  13.3141457567  12.092262408
83.3  18.296449048  9.14822452398  13.2902650479  12.0708824022
83.4  18.2651063896  9.1325531948  13.2664302919  12.0495424113
83.5  18.2338174226  9.11690871132  13.2426413866  12.0282423488
83.6  18.2025820551  9.10129102756  13.21889823  12.0069821282
83.7  18.1714001952  9.08570009761  13.1952007206  11.9857616635
83.8  18.1402717513  9.07013587565  13.1715487569  11.9645808689
83.9  18.1091966318  9.05459831591  13.147942238  11.9434396589
84.0  18.0781747454  9.03908737272  13.1243810631  11.9223379479
84.1  18.047206001  9.02360300049  13.1008651316  11.9012756511
84.2  18.0162903074  9.00814515371  13.0773943433  11.8802526834
84.3  17.9854275739  8.99271378693  13.0539685983  11.8592689602
84.4  17.9546177096  8.97730885478  13.0305877969  11.8383243972
84.5  17.923860624  8.961930312  13.0072518397  11.8174189101
84.6  17.8931562267  8.94657811336  12.9839606275  11.7965524152
84.7  17.8625044275  8.93125221375  12.9607140616  11.7757248286
84.8  17.8319051362  8.91595256811  12.9375120433  11.7549360669
84.9  17.8013582629  8.90067913146  12.9143544743  11.7341860469
85.0  17.7708637178  8.88543185892  12.8912412566  11.7134746856
85.1  17.7404214113  8.87021070565  12.8681722924  11.6928019003
85.2  17.7100312538  8.85501562692  12.8451474841  11.6721676084
85.3  17.6796931561  8.83984657806  12.8221667345  11.6515717276
85.4  17.6494070289  8.82470351447  12.7992299467  11.6310141759
85.5  17.6191727833  8.80958639165  12.776337024  11.6104948714
85.6  17.5889903303  8.79449516515  12.7534878698  11.5900137325
85.7  17.5588595812  8.77942979062  12.730682388  11.5695706778
85.8  17.5287804475  8.76439022377  12.7079204827  11.5491656262
85.9  17.4987528408  8.74937642039  12.6852020582  11.5287984966
86.0  17.4687766727  8.73438833634  12.6625270191  11.5084692084
86.1  17.4388518551  8.71942592757  12.6398952703  11.4881776811
86.2  17.4089783002  8.7044891501  12.6173067168  11.4679238345
86.3  17.37915592  8.68957796001  12.5947612641  11.4477075883
86.4  17.3493846269  8.67469231347  12.5722588177  11.427528863
86.5  17.3196643335  8.65983216674  12.5497992836  11.4073875787
86.6  17.2899949522  8.64499747611  12.5273825679  11.3872836562
86.7  17.260376396  8.630188198  12.505008577  11.3672170162
86.8  17.2308085777  8.61540428886  12.4826772175  11.3471875798
86.9  17.2012914105  8.60064570523  12.4603883963  11.3271952683
87.0  17.1718248075  8.58591240374  12.4381420206  11.3072400031
87.1  17.1424086821  8.57120434107  12.4159379978  11.2873217059
87.2  17.113042948  8.55652147398  12.3937762356  11.2674402986
87.3  17.0837275187  8.54186375933  12.3716566417  11.2475957033
87.4  17.054462308  8.52723115401  12.3495791245  11.2277878424
87.5  17.02524723  8.51262361501  12.3275435922  11.2080166383
87.6  16.9960821988  8.49804109941  12.3055499536  11.1882820139
87.7  16.9669671286  8.48348356432  12.2835981175  11.1685838921
87.8  16.9379019339  8.46895096696  12.261687993  11.1489221961
87.9  16.9088865292  8.45444326461  12.2398194895  11.1292968491
88.0  16.8799208292  8.43996041462  12.2179925167  11.1097077749
88.1  16.8510047488  8.42550237441  12.1962069844  11.0901548972
88.2  16.822138203  8.4110691015  12.1744628027  11.07063814
88.3  16.7933211069  8.39666055344  12.152759882  11.0511574275
88.4  16.7645533758  8.38227668789  12.1310981328  11.031712684
88.5  16.7358349251  8.36791746256  12.109477466  11.0123038343
88.6  16.7071656705  8.35358283525  12.0878977926  10.9929308032
88.7  16.6785455276  8.33927276381  12.0663590239  10.9735935155
88.8  16.6499744124  8.32498720618  12.0448610716  10.9542918966
88.9  16.6214522407  8.31072612037  12.0234038472  10.9350258719
89.0  16.5929789289  8.29648946445  12.001987263  10.9157953669
89.1  16.5645543932  8.28227719658  11.980611231  10.8966003075
89.2  16.53617855  8.26808927498  11.9592756639  10.8774406198
89.3  16.5078513159  8.25392565794  11.9379804742  10.8583162299
89.4  16.4795726077  8.23978630383  11.916725575  10.8392270642
89.5  16.4513423422  8.22567117108  11.8955108794  10.8201730493
89.6  16.4231604364  8.2115802182  11.8743363008  10.8011541121
89.7  16.3950268075  8.19751340377  11.8532017529  10.7821701795
89.8  16.3669413729  8.18347068645  11.8321071495  10.7632211787
89.9  16.3389040499  8.16945202494  11.8110524047  10.7443070371
90.0  16.3109147561  8.15545737804  11.7900374329  10.7254276824
90.0  16.3109147561  8.15545737804  11.7900374329  10.7254276824
90.1  16.2829734092  8.14148670462  11.7690621486  10.7065830421
90.2  16.2550799272  8.1275399636  11.7481264665  10.6877730444
90.3  16.227234228  8.113617114  11.7272303017  10.6689976174
90.4  16.1994362297  8.09971811487  11.7063735693  10.6502566893
90.5  16.1716858507  8.08584292537  11.685556185  10.6315501888
90.6  16.1439830094  8.0719915047  11.6647780642  10.6128780446
90.7  16.1163276243  8.05816381216  11.6440391229  10.5942401855
90.8  16.0887196142  8.04435980709  11.6233392773  10.5756365407
90.9  16.0611588978  8.03057944891  11.6026784436  10.5570670394
91.0  16.0336453942  8.01682269712  11.5820565384  10.5385316112
91.1  16.0061790226  8.00308951128  11.5614734785  10.5200301856
91.2  15.978759702  7.98937985102  11.5409291809  10.5015626925
91.3  15.9513873521  7.97569367604  11.5204235629  10.4831290619
91.4  15.9240618922  7.9620309461  11.4999565417  10.4647292241
91.5  15.8967832421  7.94839162105  11.4795280351  10.4463631094
91.6  15.8695513216  7.93477566079  11.459137961  10.4280306484
91.7  15.8423660506  7.92118302529  11.4387862374  10.4097317718
91.8  15.8152273492  7.90761367461  11.4184727826  10.3914664106
91.9  15.7881351377  7.89406756884  11.3981975152  10.3732344959
92.0  15.7610893364  7.88054466818  11.3779603538  10.355035959
92.1  15.7340898657  7.86704493287  11.3577612174  10.3368707313
92.2  15.7071366464  7.85356832322  11.3376000251  10.3187387446
92.3  15.6802295993  7.84011479963  11.3174766963  10.3006399306
92.4  15.6533686451  7.82668432254  11.2973911505  10.2825742213
92.5  15.626553705  7.81327685248  11.2773433076  10.2645415489
92.6  15.5997847001  7.79989235003  11.2573330875  10.2465418459
92.7  15.5730615517  7.78653077585  11.2373604104  10.2285750446
92.8  15.5463841813  7.77319209065  11.2174251967  10.2106410779
92.9  15.5197525105  7.75987625524  11.197527367  10.1927398786
93.0  15.4931664609  7.74658323047  11.1776668422  10.1748713797
93.1  15.4666259545  7.73331297726  11.1578435432  10.1570355145
93.2  15.4401309132  7.7200654566  11.1380573913  10.1392322164
93.3  15.4136812591  7.70684062956  11.1183083079  10.121461419
93.4  15.3872769145  7.69363845725  11.0985962146  10.1037230559
93.5  15.3609178017  7.68045890087  11.0789210333  10.0860170612
93.6  15.3346038434  7.66730192168  11.0592826861  10.0683433688
93.7  15.308334962  7.65416748099  11.039681095  10.0507019131
93.8  15.2821110804  7.64105554021  11.0201161827  10.0330926285
93.9  15.2559321216  7.62796606079  11.0005878717  10.0155154495
94.0  15.2297980085  7.61489900424  10.981096085  9.99797031086
94.1  15.2037086643  7.60185433216  10.9616407454  9.98045714758
94.2  15.1776640124  7.58883200621  10.9422217763  9.96297589473
94.3  15.1516639762  7.5758319881  10.9228391011  9.94552648753
94.4  15.1257084792  7.56285423962  10.9034926434  9.92810886143
94.5  15.0997974452  7.54989872261  10.884182327  9.91072295199
94.6  15.073930798  7.53696539901  10.8649080761  9.89336869497
94.7  15.0481084616  7.52405423078  10.8456698148  9.87604602627
94.8  15.02233036  7.51116517998  10.8264674675  9.85875488198
94.9  14.9965964174  7.49829820871  10.8073009588  9.84149519832
95.0  14.9709065583  7.48545327916  10.7881702136  9.82426691169
95.1  14.9452607071  7.47263035356  10.7690751568  9.80706995865
95.2  14.9196587884  7.45982939422  10.7500157136  9.78990427592
95.3  14.894100727  7.44705036352  10.7309918095  9.77276980038
95.4  14.8685864478  7.43429322388  10.7120033699  9.75566646907
95.5  14.8431158756  7.4215579378  10.6930503206  9.73859421918
95.6  14.8176889357  7.40884446786  10.6741325877  9.72155298806
95.7  14.7923055534  7.39615277668  10.6552500971  9.70454271324
95.8  14.7669656539  7.38348282695  10.6364027753  9.68756333238
95.9  14.7416691628  7.37083458142  10.6175905488  9.67061478331
96.0  14.7164160058  7.35820800292  10.5988133442  9.65369700402
96.1  14.6912061087  7.34560305433  10.5800710885  9.63680993264
96.2  14.6660393972  7.3330196986  10.5613637088  9.61995350746
96.3  14.6409157975  7.32045789873  10.5426911322  9.60312766694
96.4  14.6158352356  7.3079176178  10.5240532863  9.58633234967
96.5  14.5907976379  7.29539881895  10.5054500987  9.56956749443
96.6  14.5658029308  7.28290146538  10.4868814971  9.5528330401
96.7  14.5408510407  7.27042552035  10.4683474097  9.53612892576
96.8  14.5159418944  7.25797094719  10.4498477645  9.51945509063
96.9  14.4910754186  7.24553770929  10.4313824899  9.50281147406
97.0  14.4662515402  7.23312577009  10.4129515145  9.48619801557
97.1  14.4414701862  7.22073509311  10.394554767  9.46961465483
97.2  14.4167312839  7.20836564194  10.3761921763  9.45306133166
97.3  14.3920347604  7.1960173802  10.3578636715  9.43653798602
97.4  14.3673805432  7.1836902716  10.3395691818  9.42004455802
97.5  14.3427685598  7.17138427991  10.3213086367  9.40358098794
97.6  14.3181987379  7.15909936894  10.3030819658  9.38714721618
97.7  14.2936710052  7.1468355026  10.2848890989  9.37074318331
97.8  14.2691852896  7.13459264482  10.266729966  9.35436883002
97.9  14.2447415192  7.12237075962  10.2486044972  9.33802409717
98.0  14.2203396221  7.11016981106  10.2305126228  9.32170892576
98.1  14.1959795266  7.0979897633  10.2124542734  9.30542325693
98.2  14.171661161  7.08583058052  10.1944293797  9.28916703198
98.3  14.1473844539  7.07369222697  10.1764378723  9.27294019233
98.4  14.123149334  7.06157466699  10.1584796825  9.25674267955
98.5  14.0989557299  7.04947786494  10.1405547414  9.24057443539
98.6  14.0748035705  7.03740178527  10.1226629803  9.22443540169
98.7  14.050692785  7.02534639248  10.1048043308  9.20832552046
98.8  14.0266233023  7.01331165113  10.0869787246  9.19224473385
98.9  14.0025950517  7.00129752584  10.0691860936  9.17619298415
99.0  13.9786079626  6.98930398131  10.0514263699  9.1601702138
99.1  13.9546619645  6.97733098227  10.0336994856  9.14417636536
99.2  13.930756987  6.96537849352  10.0160053731  9.12821138154
99.3  13.9068929599  6.95344647994  9.99834396507  9.11227520521
99.4  13.8830698129  6.94153490645  9.98071519416  9.09636777934
99.5  13.8592874761  6.92964373803  9.96311899326  9.08048904708
99.6  13.8355458795  6.91777293973  9.94555529546  9.06463895168
99.7  13.8118449533  6.90592247665  9.92802403397  9.04881743656
99.8  13.7881846279  6.89409231396  9.91052514219  9.03302444525
99.9  13.7645648338  6.88228241688  9.89305855368  9.01725992144
100.0  13.7409855014  6.87049275069  9.87562420217  9.00152380895
100.1  13.7174465615  6.85872328075  9.85822202153  8.98581605173
100.2  13.6939479449  6.84697397245  9.84085194583  8.97013659386
100.3  13.6704895825  6.83524479126  9.82351390928  8.95448537958
100.4  13.6470714054  6.82353570269  9.80620784625  8.93886235324
100.5  13.6236933447  6.81184667234  9.7889336913  8.92326745933
100.6  13.6003553316  6.80017766582  9.77169137912  8.90770064249
100.7  13.5770572977  6.78852864885  9.75448084457  8.89216184746
100.8  13.5537991744  6.77689958719  9.73730202269  8.87665101916
100.9  13.5305808933  6.76529044664  9.72015484865  8.86116810259
101.0  13.5074023862  6.75370119308  9.70303925781  8.84571304293
101.1  13.4842635849  6.74213179244  9.68595518566  8.83028578545
101.2  13.4611644215  6.73058221073  9.66890256787  8.81488627559
101.3  13.4381048279  6.71905241397  9.65188134027  8.79951445889
101.4  13.4150847366  6.70754236829  9.63489143883  8.78417028104
101.5  13.3921040797  6.69605203984  9.61793279968  8.76885368785
101.6  13.3691627897  6.68458139486  9.60100535914  8.75356462526
101.7  13.3462607992  6.67313039962  9.58410905363  8.73830303934
101.8  13.3233980409  6.66169902046  9.56724381978  8.7230688763
101.9  13.3005744475  6.65028722377  9.55040959433  8.70786208246
102.0  13.277789952  6.63889497602  9.53360631422  8.69268260427
102.1  13.2550444874  6.62752224372  9.51683391651  8.67753038833
102.2  13.2323379868  6.61616899342  9.50009233842  8.66240538134
102.3  13.2096703835  6.60483519177  9.48338151734  8.64730753014
102.4  13.1870416109  6.59352080544  9.46670139079  8.63223678169
102.5  13.1644516023  6.58222580117  9.45005189646  8.61719308309
102.6  13.1419002915  6.57095014577  9.4334329722  8.60217638154
102.7  13.1193876122  6.55969380608  9.41684455597  8.5871866244
102.8  13.096913498  6.54845674902  9.40028658593  8.57222375912
102.9  13.0744778831  6.53723894156  9.38375900037  8.55728773329
103.0  13.0520807014  6.52604035071  9.36726173772  8.54237849463
103.1  13.0297218871  6.51486094356  9.35079473658  8.52749599097
103.2  13.0074013745  6.50370068726  9.33435793568  8.51264017028
103.3  12.985119098  6.49255954898  9.31795127392  8.49781098063
103.4  12.962874992  6.48143749599  9.30157469032  8.48300837023
103.5  12.9406689912  6.47033449559  9.28522812408  8.46823228741
103.6  12.9185010303  6.45925051513  9.26891151453  8.45348268061
103.7  12.8963710441  6.44818552205  9.25262480115  8.43875949841
103.8  12.8742789676  6.4371394838  9.23636792355  8.42406268949
103.9  12.8522247359  6.42611236793  9.22014082152  8.40939220266
104.0  12.830208284  6.41510414202  9.20394343498  8.39474798686
104.1  12.8082295474  6.4041147737  9.18777570397  8.38012999113
104.2  12.7862884613  6.39314423067  9.17163756873  8.36553816464
104.3  12.7643849614  6.38219248069  9.15552896958  8.35097245669
104.4  12.7425189831  6.37125949156  9.13944984704  8.33643281667
104.5  12.7206904623  6.36034523114  9.12340014174  8.32191919411
104.6  12.6988993347  6.34944966735  9.10737979446  8.30743153866
104.7  12.6771455363  6.33857276817  9.09138874613  8.29296980007
104.8  12.6554290032  6.32771450161  9.07542693782  8.27853392822
104.9  12.6337496715  6.31687483576  9.05949431073  8.26412387311
105.0  12.6121074775  6.30605373876  9.04359080622  8.24973958484
105.0  12.6121074775  6.30605373876  9.04359080622  8.24973958484
105.1  12.5905023576  6.2952511788  9.02771636578  8.23538101363
105.2  12.5689342482  6.28446712411  9.01187093104  8.22104810984
105.3  12.547403086  6.27370154301  8.99605444377  8.20674082391
105.4  12.5259088077  6.26295440385  8.98026684588  8.19245910642
105.5  12.50445135  6.25222567502  8.96450807943  8.17820290804
105.6  12.48303065  6.24151532501  8.9487780866  8.16397217959
105.7  12.4616466446  6.23082332231  8.93307680973  8.14976687198
105.8  12.440299271  6.22014963551  8.91740419127  8.13558693622
105.9  12.4189884664  6.20949423322  8.90176017384  8.12143232346
120.0  9.75207444851  4.87603722425  6.95706165299  6.35760705344
135.0  7.54060780236  3.77030390118  5.36193585208  4.90477449377
150.0  5.83063289039  2.9153164452  4.1374750322  3.78627520419
165.0  4.50842701193  2.25421350596  3.19505581033  2.92386178337
180.0  3.48605623163  1.74302811581  2.46848316349  2.25832852312

#SVE monte-carlo points sigmaR (r, sigmaR_med, sigmaR_std)
10.1  125.583519525  0.0
13.6  105.658746748  0.0
17.0  83.892426313  0.0
20.5  64.3573593928  0.0
24.0  50.7340151045  0.0
27.5  43.4284232477  0.0
30.9  40.9890330243  0.0
34.4  41.0319309211  0.0
37.9  41.5012787967  0.0
41.4  40.9313166535  0.0
44.9  38.8066566578  0.0
48.3  35.5545296668  0.0
51.8  31.7803418606  0.0
55.3  28.4662552545  0.0
58.8  26.2366917712  0.0
62.2  25.2384422452  0.0
65.7  25.0543682624  0.0
69.2  25.0376852743  0.0
72.7  24.4687710993  0.0
76.1  22.9896416022  0.0
79.6  20.6178471562  0.0
83.1  18.4962642541  0.0
86.6  17.4155407841  0.0
90.0  16.4261947118  0.0
93.5  15.4664239222  0.0
97.0  14.5627318523  0.0
100.5  13.7118418626  0.0
104.0  12.9106687655  0.0

#SVE monte-carlo points sigmaZ (r, sigmaZ_med, sigmaZ_std)
10.5  61.8175600362  0.0
14.0  51.5530750523  0.0
17.4  40.7163092244  0.0
20.9  31.2359590636  0.0
24.4  24.7971217819  0.0
27.9  21.4708631787  0.0
31.3  20.4533389114  0.0
34.8  20.5497490688  0.0
38.3  20.7534838161  0.0
41.8  20.3837932373  0.0
45.2  19.2788708184  0.0
48.7  17.563907541  0.0
52.2  15.6814837178  0.0
55.7  14.0746395809  0.0
59.2  13.0311288882  0.0
62.6  12.5924605934  0.0
66.1  12.5292876374  0.0
69.6  12.5061332758  0.0
73.1  12.1725811682  0.0
76.5  11.3772932263  0.0
80.0  10.1581072415  0.0
83.5  9.18471724161  0.0
87.0  8.64806079295  0.0
90.4  8.15677975352  0.0
93.9  7.68018495589  0.0
97.4  7.23143725087  0.0
100.9  6.80890955277  0.0
104.4  6.41106984538  0.0

#SVE monte-carlo points sigmaPhi (r, sigmaPhi_med, sigmaPhi_std)
11.0  105.627809783  0.0
14.5  85.2667516519  0.0
17.9  65.654434645  0.0
21.4  49.5114135475  0.0
24.9  39.0415070126  0.0
28.4  33.7887688645  0.0
31.8  32.1135219567  0.0
35.3  31.9916564949  0.0
38.8  31.8813745515  0.0
42.3  30.8452622243  0.0
45.7  28.7691059781  0.0
49.2  25.9016153983  0.0
52.7  22.9464399325  0.0
56.2  20.5329996205  0.0
59.7  19.0206244426  0.0
63.1  18.3959953726  0.0
66.6  18.2696272912  0.0
70.1  18.1320051894  0.0
73.6  17.4963331956  0.0
77.0  16.2012522769  0.0
80.5  14.3542759117  0.0
84.0  13.0835026796  0.0
87.5  12.2949910208  0.0
90.9  11.5771829327  0.0
94.4  10.8842682604  0.0
97.9  10.2347230291  0.0
101.4  9.62551045705  0.0
104.9  9.05385833001  0.0
