#SVE points (r, sigmaR, sigmaZ, sigmaPhi, sigmaMajRestored)
26.2  130.340875231  65.1704376157  98.4120162564  74.8600919372
26.3  130.200292398  65.1001461989  98.2524506109  74.7611354311
26.4  130.060798149  65.0303990743  98.0942643702  74.6630072432
26.5  129.922423544  64.9612117718  97.9374747399  74.5657227848
26.6  129.785199664  64.892599832  97.7820989526  74.4692974885
26.7  129.6491576  64.8245787998  97.6281542581  74.3737468007
26.8  129.514328437  64.7571642183  97.4756579156  74.2790861756
26.9  129.380743246  64.690371623  97.3246271844  74.1853310674
27.0  129.24843307  64.6242165352  97.1750793154  74.092496924
27.1  129.117428912  64.5587144562  97.0270315427  74.00059918
27.2  128.987761723  64.4938808616  96.8805010749  73.90965325
27.3  128.859462389  64.4297311947  96.7355050868  73.8196745217
27.4  128.732561722  64.3662808612  96.5920607109  73.7306783497
27.5  128.607090445  64.3035452227  96.4501850292  73.6426800482
27.6  128.483079183  64.2415395913  96.3098950648  73.5556948849
27.7  128.360558447  64.1802792236  96.171207774  73.4697380744
27.8  128.23955863  64.1197793148  96.034140038  73.3848247715
27.9  128.120109986  64.0600549932  95.8987086549  73.300970065
28.0  128.002242629  64.0011213143  95.7649303318  73.2181889715
28.1  127.88598651  63.9429932552  95.6328216772  73.1364964284
28.2  127.771371419  63.8856857093  95.5023991925  73.0559072885
28.3  127.65842696  63.8292134802  95.3736792652  72.9764363132
28.4  127.547182553  63.7735912766  95.2466781607  72.8980981666
28.5  127.437667414  63.718833707  95.1214120148  72.8209074095
28.6  127.329910547  63.6649552736  94.9978968267  72.7448784931
28.7  127.223940736  63.611970368  94.8761484509  72.6700257534
28.8  127.11978653  63.559893265  94.7561825908  72.5963634052
28.9  127.017476236  63.5087381178  94.6380147908  72.5239055361
29.0  126.917037906  63.458518953  94.5216604295  72.4526661011
29.1  126.81849933  63.409249665  94.4071347128  72.3826589166
29.2  126.721888023  63.3609440115  94.2944526668  72.313897655
29.3  126.627231217  63.3136156083  94.1836291311  72.2463958392
29.4  126.534555848  63.2672779241  94.0746787521  72.1801668369
29.5  126.443888553  63.2219442763  93.9676159764  72.1152238554
29.6  126.355255651  63.1776278255  93.862455044  72.0515799364
29.7  126.268683143  63.1343415715  93.7592099822  71.9892479504
29.8  126.184196696  63.0920983479  93.6578945994  71.928240592
29.9  126.101821636  63.0509108181  93.5585224782  71.8685703743
30.0  126.021582941  63.0107914707  93.46110697  71.8102496245
30.0  126.021582941  63.0107914707  93.46110697  71.8102496245
30.1  125.94350523  62.9717526148  93.3656611888  71.7532904785
30.2  125.867612752  62.9338063758  93.2721980048  71.697704876
30.3  125.793929382  62.8969646911  93.1807300394  71.6435045564
30.4  125.722478612  62.8612393059  93.0912696586  71.5907010532
30.5  125.653283538  62.8266417689  93.0038289682  71.5393056902
30.6  125.586366857  62.7931834284  92.9184198076  71.4893295764
30.7  125.521750856  62.7608754282  92.835053745  71.4407836021
30.8  125.459457408  62.7297287038  92.7537420716  71.3936784338
30.9  125.399507956  62.6997539781  92.6744957969  71.3480245108
31.0  125.341923517  62.6709617584  92.597325643  71.3038320405
31.1  125.286724664  62.6433623319  92.5222420402  71.2611109942
31.2  125.233931525  62.6169657625  92.449255122  71.2198711035
31.3  125.183563774  62.5917818872  92.3783747201  71.1801218562
31.4  125.135640625  62.5678203127  92.30961036  71.1418724921
31.5  125.090180823  62.5450904117  92.2429712563  71.1051320001
31.6  125.04720264  62.52360132  92.1784663085  71.0699091135
31.7  125.006723866  62.503361933  92.1161040964  71.0362123073
31.8  124.968761805  62.4843809024  92.055892876  71.0040497941
31.9  124.933333267  62.4666666337  91.9978405756  70.9734295211
32.0  124.900454565  62.4502272826  91.9419547914  70.9443591666
32.1  124.870141505  62.4350707524  91.8882427842  70.916846137
32.2  124.842409382  62.4212046911  91.8367114751  70.8908975631
32.3  124.817272977  62.4086364885  91.787367442  70.8665202979
32.4  124.794746548  62.397373274  91.7402169162  70.8437209128
32.5  124.774843827  62.3874219133  91.695265779  70.8225056955
32.6  124.757578013  62.3787890067  91.6525195582  70.8028806466
32.7  124.742961772  62.371480886  91.6119834248  70.7848514775
32.8  124.731007225  62.3655036124  91.5736621904  70.7684236071
32.9  124.721725949  62.3608629743  91.5375603037  70.7536021602
33.0  124.715128971  62.3575644853  91.5036818479  70.7403919641
33.1  124.711226763  62.3556133816  91.4720305378  70.7287975472
33.2  124.710029241  62.3550146204  91.4426097174  70.7188231362
33.3  124.711545756  62.3557728779  91.4154223572  70.7104726542
33.4  124.715785095  62.3578925474  91.3904710516  70.7037497184
33.5  124.722755475  62.3613777374  91.3677580169  70.6986576386
33.6  124.732464541  62.3662322703  91.3472850892  70.695199415
33.7  124.744919361  62.3724596803  91.3290537218  70.6933777363
33.8  124.760126425  62.3800632124  91.3130649837  70.6931949786
33.9  124.778091641  62.3890458206  91.2993195576  70.6946532032
34.0  124.798820333  62.3994101666  91.2878177381  70.6977541553
34.1  124.822317237  62.4111586187  91.27855943  70.7024992628
34.2  124.848586501  62.4242932504  91.271544147  70.7088896348
34.3  124.877631679  62.4388158395  91.2667710101  70.7169260603
34.4  124.909455734  62.454727867  91.2642387464  70.7266090072
34.5  124.944061032  62.4720305161  91.2639456879  70.7379386212
34.6  124.981449343  62.4907246713  91.26588977  70.7509147248
34.7  125.021621835  62.5108109177  91.2700685314  70.7655368166
34.8  125.064579081  62.5322895405  91.2764791123  70.7818040703
34.9  125.110321048  62.5551605239  91.2851182542  70.7997153341
35.0  125.158847102  62.579423551  91.2959822992  70.8192691302
35.1  125.210156006  62.6050780032  91.3090671892  70.840463654
35.2  125.264245919  62.6321229597  91.3243684657  70.863296774
35.3  125.321114395  62.6605571974  91.3418812692  70.8877660313
35.4  125.380758381  62.6903791904  91.3616003394  70.9138686392
35.5  125.443174221  62.7215871104  91.3835200146  70.9416014834
35.6  125.508357652  62.7541788259  91.407634232  70.9709611216
35.7  125.576303806  62.7881519028  91.4339365278  71.0019437836
35.8  125.647007208  62.8235036042  91.4624200371  71.0345453713
35.9  125.720461781  62.8602308907  91.4930774945  71.0687614592
36.0  125.796660841  62.8983304206  91.5259012343  71.1045872942
36.1  125.8755971  62.9377985502  91.5608831912  71.1420177963
36.2  125.957262668  62.9786313342  91.5980149006  71.1810475588
36.3  126.041649052  63.0208245262  91.6372874996  71.2216708489
36.4  126.128747159  63.0643735794  91.6786917278  71.2638816083
36.5  126.218547293  63.1092736467  91.7222179278  71.3076734538
36.6  126.311039164  63.1555195821  91.7678560466  71.3530396782
36.7  126.406211882  63.203105941  91.8155956368  71.3999732509
36.8  126.504053962  63.2520269812  91.8654258573  71.4484668191
36.9  126.604553327  63.3022766636  91.917335475  71.4985127084
37.0  126.707697307  63.3538486537  91.971312866  71.5501029243
37.1  126.813472644  63.406736322  92.0273460173  71.6032291531
37.2  126.921865491  63.4609327457  92.0854225279  71.6578827632
37.3  127.032861419  63.5164307095  92.1455296113  71.7140548063
37.4  127.146445414  63.5732227071  92.2076540963  71.7717360188
37.5  127.262601885  63.6313009424  92.2717824296  71.8309168234
37.6  127.381314662  63.690657331  92.3379006773  71.8915873306
37.7  127.502567003  63.7512835016  92.4059945274  71.9537373402
37.8  127.626341595  63.8131707975  92.4760492912  72.0173563428
37.9  127.752620557  63.8763102784  92.5480499064  72.0824335221
38.0  127.881385444  63.9406927219  92.6219809386  72.1489577562
38.1  128.01261725  64.0063086252  92.6978265845  72.2169176196
38.2  128.146296414  64.073148207  92.7755706734  72.2863013854
38.3  128.282402819  64.1412014095  92.8551966708  72.3570970271
38.4  128.4209158  64.2104578999  92.9366876802  72.4292922207
38.5  128.561814146  64.2809070728  93.0200264465  72.5028743472
38.6  128.705076104  64.3525380521  93.1051953582  72.5778304943
38.7  128.850679386  64.425339693  93.1921764508  72.6541474592
38.8  128.998601169  64.4993005844  93.2809514095  72.7318117505
38.9  129.148818102  64.5744090509  93.3715015724  72.8108095912
39.0  129.301306311  64.6506531553  93.4638079335  72.8911269206
39.1  129.456041402  64.7280207008  93.5578511459  72.9727493975
39.2  129.612998467  64.8064992333  93.6536115255  73.0556624022
39.3  129.772152089  64.8860760443  93.7510690536  73.1398510396
39.4  129.933476345  64.9667381727  93.8502033812  73.2253001419
39.5  130.096944816  65.0484724081  93.9509938317  73.311994271
39.6  130.262530586  65.1312652929  94.0534194052  73.3999177222
39.7  130.430206251  65.2151031254  94.1574587818  73.4890545263
39.8  130.599943924  65.2999719621  94.2630903251  73.579388453
39.9  130.771715242  65.3858576208  94.3702920865  73.6709030139
40.0  130.945491366  65.4727456832  94.4790418088  73.7635814656
40.1  131.121242996  65.5606214979  94.5893169302  73.8574068127
40.2  131.298940367  65.6494701834  94.7010945882  73.9523618112
40.3  131.478553262  65.7392766309  94.8143516237  74.0484289717
40.4  131.660051015  65.8300255076  94.9290645852  74.1455905627
40.5  131.843402519  65.9217012594  95.0452097331  74.243828614
40.6  132.028576228  66.0142881142  95.1627630435  74.34312492
40.7  132.21554017  66.1077700852  95.2817002131  74.4434610434
40.8  132.404261948  66.2021309738  95.4019966631  74.5448183183
40.9  132.594708747  66.2973543733  95.5236275441  74.6471778542
41.0  132.786847343  66.3934236715  95.64656774  74.7505205396
41.1  132.98064411  66.4903220549  95.770791873  74.8548270452
41.2  133.176065022  66.5880325112  95.8962743083  74.9600778281
41.3  133.373075667  66.6865378335  96.0229891581  75.0662531352
41.4  133.571641246  66.785820623  96.1509102871  75.1733330072
41.5  133.771726586  66.8858632932  96.2800113168  75.2812972824
41.6  133.973296146  66.986648073  96.4102656302  75.3901256003
41.7  134.17631402  67.0881570102  96.5416463771  75.4997974061
41.8  134.380743951  67.1903719755  96.6741264788  75.610291954
41.9  134.586549332  67.2932746658  96.807678633  75.7215883115
42.0  134.793693216  67.3968466078  96.9422753187  75.8336653636
42.1  135.002138324  67.5010691622  97.0778888014  75.9465018165
42.2  135.211847053  67.6059235267  97.2144911385  76.0600762019
42.3  135.422781481  67.7113907405  97.3520541836  76.1743668811
42.4  135.634903375  67.8174516875  97.4905495927  76.2893520491
42.5  135.848174201  67.9240871005  97.6299488285  76.4050097389
42.6  136.06255513  68.0312775648  97.7702231661  76.5213178259
42.7  136.278007045  68.1390035225  97.9113436985  76.6382540316
42.8  136.494490551  68.2472452756  98.0532813415  76.7557959284
42.9  136.711965982  68.3559829909  98.196006839  76.8739209438
43.0  136.930393406  68.4651967032  98.3394907691  76.9926063647
43.1  137.149732639  68.5748663196  98.4837035486  77.1118293417
43.2  137.369943247  68.6849716237  98.6286154391  77.2315668936
43.3  137.590984558  68.795492279  98.7741965523  77.351795912
43.4  137.812815667  68.9064078337  98.9204168556  77.4724931652
43.5  138.035395448  69.0176977241  99.0672461773  77.5936353032
43.6  138.258682559  69.1293412793  99.2146542128  77.7151988622
43.7  138.482635449  69.2413177245  99.3626105295  77.8371602685
43.8  138.707212372  69.3536061862  99.511084573  77.9594958438
43.9  138.93237139  69.4661856952  99.6600456723  78.0821818094
44.0  139.158070383  69.5790351917  99.8094630459  78.2051942904
44.1  139.384267058  69.6921335288  99.9593058072  78.3285093212
44.2  139.610918954  69.8054594771  100.10954297  78.4521028491
44.3  139.837983457  69.9189917287  100.260143455  78.5759507396
44.4  140.065417803  70.0327089013  100.411076095  78.7000287808
44.5  140.293179085  70.1465895427  100.56230964  78.8243126881
44.6  140.52122427  70.260612135  100.713812764  78.9487781086
44.7  140.749510197  70.3747550984  100.865554072  79.0734006261
44.8  140.977993592  70.4889967961  101.017502102  79.1981557657
44.9  141.206631076  70.6033155381  101.169625333  79.3230189983
45.0  141.435379171  70.7176895855  101.321892194  79.4479657456
45.0  141.435379171  70.7176895855  101.321892194  79.4479657456
45.1  141.66419431  70.8320971551  101.474271064  79.5729713844
45.2  141.893032846  70.9465164232  101.62673028  79.6980112516
45.3  142.12185106  71.0609255302  101.779238146  79.823060649
45.4  142.35060517  71.1753025848  101.931762935  79.9480948477
45.5  142.579251336  71.2896256682  102.084272896  80.0730890929
45.6  142.807745677  71.4038728386  102.23673626  80.1980186089
45.7  143.03604427  71.5180221352  102.389121245  80.3228586033
45.8  143.264103165  71.6320515827  102.541396065  80.4475842725
45.9  143.491878391  71.7459391955  102.693528932  80.5721708055
46.0  143.719325964  71.859662982  102.845488063  80.6965933892
46.1  143.946401898  71.9732009488  102.997241688  80.8208272133
46.2  144.173062211  72.0865311053  103.148758052  80.9448474742
46.3  144.399262935  72.1996314674  103.300005424  81.0686293806
46.4  144.624960124  72.3124800622  103.450952103  81.1921481576
46.5  144.850109865  72.4250549323  103.60156642  81.3153790518
46.6  145.07466828  72.5373341398  103.751816748  81.4382973356
46.7  145.298591541  72.6492957706  103.901671508  81.5608783123
46.8  145.521835878  72.7609179388  104.051099169  81.6830973204
46.9  145.744357582  72.8721787908  104.200068262  81.8049297384
47.0  145.966113019  72.9830565095  104.348547379  81.9263509898
47.1  146.187058637  73.0935293184  104.496505182  82.0473365469
47.2  146.407150973  73.2035754864  104.643910408  82.1678619364
47.3  146.626346662  73.3131733311  104.790731876  82.2879027434
47.4  146.844602447  73.4223012236  104.93693849  82.4074346161
47.5  147.061875185  73.5309375924  105.082499247  82.5264332705
47.6  147.278121855  73.6390609276  105.227383243  82.644874495
47.7  147.49329957  73.746649785  105.371559676  82.7627341548
47.8  147.707365581  73.8536827904  105.514997854  82.8799881965
47.9  147.920277287  73.9601386434  105.657667199  82.9966126525
48.0  148.131992243  74.0659961216  105.799537254  83.112583646
48.1  148.342468169  74.1712340846  105.940577689  83.2278773947
48.2  148.551662957  74.2758314784  106.080758305  83.3424702159
48.3  148.759534677  74.3797673387  106.220049038  83.4563385305
48.4  148.966041591  74.4830207956  106.358419968  83.5694588678
48.5  149.171142154  74.5855710772  106.495841325  83.6818078694
48.6  149.374795027  74.6873975136  106.632283488  83.7933622942
48.7  149.576959082  74.788479541  106.767716999  83.9040990221
48.8  149.777593411  74.8887967053  106.902112561  84.0139950586
48.9  149.976657332  74.9883286662  107.035441048  84.1230275393
49.0  150.174110402  75.0870552012  107.167673508  84.2311737338
49.1  150.369912418  75.1849562088  107.29878117  84.3384110499
49.2  150.564023426  75.2820117132  107.428735446  84.4447170382
49.3  150.756403735  75.3782018673  107.557507941  84.5500693959
49.4  150.947013914  75.4735069569  107.685070453  84.6544459711
49.5  151.135814809  75.5679074043  107.811394983  84.7578247668
49.6  151.322767544  75.6613837719  107.936453736  84.8601839451
49.7  151.507833531  75.7539167657  108.060219127  84.9615018313
49.8  151.690974479  75.8454872397  108.182663789  85.0617569175
49.9  151.872152397  75.9360761984  108.303760574  85.1609278671
50.0  152.051329602  76.0256648012  108.423482559  85.2589935183
50.1  152.228468731  76.1142343656  108.541803053  85.3559328885
50.2  152.403532741  76.2017663706  108.658695597  85.4517251776
50.3  152.576484921  76.2882424605  108.774133977  85.5463497721
50.4  152.747288896  76.3736444481  108.888092217  85.639786249
50.5  152.915908636  76.4579543179  109.000544596  85.7320143795
50.6  153.08230846  76.5411542301  109.111465644  85.8230141323
50.7  153.246453046  76.6232265231  109.22083015  85.912765678
50.8  153.408307435  76.7041537174  109.328613166  86.0012493921
50.9  153.567837037  76.7839185186  109.434790009  86.0884458589
51.0  153.725007642  76.8625038209  109.539336273  86.1743358751
51.1  153.879785419  76.9398927095  109.642227823  86.2589004529
51.2  154.03213693  77.0160684648  109.743440807  86.3421208241
51.3  154.182029129  77.0910145647  109.842951657  86.423978443
51.4  154.329429376  77.1647146878  109.940737093  86.5044549898
51.5  154.474305434  77.2371527168  110.036774131  86.5835323744
51.6  154.616625482  77.3083127411  110.13104008  86.6611927389
51.7  154.756358119  77.3781790596  110.223512553  86.7374184618
51.8  154.893472368  77.4467361842  110.314169467  86.8121921604
51.9  155.027937684  77.5139688419  110.402989047  86.8854966941
52.0  155.159723956  77.5798619782  110.489949834  86.957315168
52.1  155.288801519  77.6444007595  110.575030681  87.0276309351
52.2  155.415141152  77.7075705759  110.658210765  87.0964276002
52.3  155.538714088  77.769357044  110.739469586  87.1636890222
52.4  155.659492019  77.8297460093  110.81878697  87.2293993173
52.5  155.777447098  77.8887235491  110.896143075  87.2935428615
52.6  155.892551949  77.9462759745  110.971518396  87.3561042941
52.7  156.004779667  78.0023898335  111.044893762  87.4170685196
52.8  156.114103826  78.0570519132  111.116250346  87.4764207112
52.9  156.220498484  78.1102492418  111.185569664  87.5341463126
53.0  156.323938183  78.1619690916  111.252833582  87.5902310413
53.1  156.424397962  78.2121989809  111.318024314  87.644660891
53.2  156.521853353  78.2609266763  111.38112443  87.6974221337
53.3  156.61628039  78.3081401949  111.442116858  87.7485013224
53.4  156.707655613  78.3538278067  111.500984882  87.7978852936
53.5  156.795956072  78.3979780362  111.557712154  87.8455611694
53.6  156.88115933  78.4405796648  111.612282688  87.8915163599
53.7  156.963243466  78.481621733  111.664680868  87.9357385653
53.8  157.042187083  78.5210935416  111.714891448  87.9782157781
53.9  157.117969309  78.5589846546  111.762899558  88.0189362852
54.0  157.1905698  78.5952849001  111.808690701  88.0578886699
54.1  157.259968745  78.6299843727  111.852250761  88.0950618141
54.2  157.32614687  78.6630734352  111.893566003  88.1304448998
54.3  157.38908544  78.6945427199  111.932623074  88.1640274114
54.4  157.448766261  78.7243831307  111.969409007  88.1957991373
54.5  157.505171689  78.7525858444  112.003911224  88.2257501717
54.6  157.558284625  78.7791423123  112.036117536  88.253870916
54.7  157.608088523  78.8040442617  112.066016145  88.2801520811
54.8  157.654567395  78.8272836974  112.093595648  88.3045846884
54.9  157.697705806  78.848852903  112.118845038  88.3271600714
55.0  157.737488884  78.8687444421  112.141753705  88.3478698773
55.1  157.77390232  78.8869511598  112.162311438  88.3667060685
55.2  157.806932368  78.9034661838  112.180508427  88.3836609236
55.3  157.836565851  78.9182829255  112.196335265  88.3987270388
55.4  157.862790162  78.9313950812  112.209782947  88.4118973294
55.5  157.885593266  78.9427966331  112.220842876  88.4231650305
55.6  157.904963701  78.9524818503  112.22950686  88.4325236985
55.7  157.920890579  78.9604452897  112.235767116  88.4399672118
55.8  157.933363594  78.966681797  112.23961627  88.4454897719
55.9  157.942373015  78.9711865074  112.241047357  88.4490859044
56.0  157.947909693  78.9739548465  112.240053824  88.4507504597
56.1  157.949965061  78.9749825307  112.236629531  88.450478614
56.2  157.948531137  78.9742655684  112.230768751  88.4482658696
56.3  157.94360052  78.9718002601  112.22246617  88.4441080561
56.4  157.935166398  78.9675831992  112.211716889  88.4380013307
56.5  157.923222545  78.9616112726  112.198516426  88.4299421785
56.6  157.907763321  78.9538816607  112.182860711  88.4199274135
56.7  157.888783677  78.9443918383  112.164746096  88.4079541788
56.8  157.866279149  78.9331395745  112.144169344  88.3940199467
56.9  157.840245867  78.9201229333  112.121127639  88.3781225193
57.0  157.810680547  78.9053402736  112.09561858  88.3602600286
57.1  157.777580499  78.8887902494  112.067640186  88.3404309368
57.2  157.74094362  78.8704718099  112.037190893  88.3186340359
57.3  157.700768399  78.8503841997  112.004269552  88.2948684486
57.4  157.657053917  78.8285269586  111.968875434  88.2691336274
57.5  157.609799843  78.8048999213  111.931008229  88.2414293551
57.6  157.559006436  78.779503218  111.89066804  88.2117557443
57.7  157.504674547  78.7523372736  111.847855392  88.1801132376
57.8  157.446805615  78.7234028073  111.802571222  88.1465026068
57.9  157.385401666  78.6927008332  111.754816885  88.1109249528
58.0  157.320465318  78.660232659  111.704594154  88.0733817054
58.1  157.251999772  78.625999886  111.651905213  88.0338746225
58.2  157.180008818  78.5900044089  111.596752662  87.9924057899
58.3  157.104496829  78.5522484147  111.539139516  87.9489776203
58.4  157.025468765  78.5127343826  111.4790692  87.903592853
58.5  156.942930166  78.4714650831  111.416545554  87.8562545531
58.6  156.856887155  78.4284435773  111.351572826  87.8069661108
58.7  156.767346433  78.3836732167  111.284155675  87.7557312403
58.8  156.674315283  78.3371576414  111.214299169  87.7025539791
58.9  156.577801561  78.2889007803  111.142008783  87.647438687
59.0  156.477813699  78.2389068495  111.067290397  87.5903900453
59.1  156.374360703  78.1871803515  110.990150297  87.5314130553
59.2  156.267452149  78.1337260744  110.910595172  87.4705130373
59.3  156.157098181  78.0785490907  110.828632113  87.4076956299
59.4  156.043309512  78.0216547559  110.74426861  87.3429667877
59.5  155.926097416  77.9630487079  110.657512553  87.2763327812
59.6  155.80547373  77.9027368651  110.568372228  87.2078001945
59.7  155.681450852  77.8407254258  110.476856314  87.1373759241
59.8  155.554041733  77.7770208663  110.382973886  87.0650671776
59.9  155.42325988  77.7116299398  110.286734408  86.9908814721
60.0  155.28911935  77.6445596749  110.188147733  86.9148266324
60.0  155.28911935  77.6445596749  110.188147733  86.9148266324
60.1  155.151634748  77.575817374  110.087224102  86.8369107893
60.2  155.010821224  77.505410612  109.98397414  86.7571423783
60.3  154.866694469  77.4333472344  109.878408853  86.6755301371
60.4  154.719270712  77.359635356  109.770539628  86.5920831045
60.5  154.568566717  77.2842833586  109.66037823  86.5068106179
60.6  154.41459978  77.2072998901  109.547936798  86.4197223117
60.7  154.257387724  77.1286938619  109.433227845  86.3308281151
60.8  154.096948895  77.0484744474  109.316264252  86.2401382501
60.9  153.933302161  76.9666510803  109.197059267  86.1476632294
61.0  153.766466904  76.8832334522  109.075626506  86.0534138539
61.1  153.596463022  76.7982315109  108.951979941  85.9574012112
61.2  153.423310916  76.7116554581  108.826133907  85.8596366722
61.3  153.247031495  76.6235157476  108.698103092  85.76013189
61.4  153.067646166  76.5338230831  108.567902539  85.6588987963
61.5  152.885176831  76.4425884157  108.435547639  85.5559495998
61.6  152.699645884  76.3498229419  108.301054128  85.4512967835
61.7  152.511076202  76.2555381012  108.164438088  85.3449531016
61.8  152.319491148  76.1597455741  108.025715939  85.2369315778
61.9  152.124914558  76.0624572792  107.884904436  85.1272455018
62.0  151.927370742  75.9636853709  107.742020671  85.0159084269
62.1  151.726884475  75.8634422374  107.597082062  84.9029341676
62.2  151.523480995  75.7617404974  107.450106353  84.7883367961
62.3  151.317185997  75.6585929983  107.301111611  84.6721306398
62.4  151.108025626  75.5540128128  107.150116223  84.5543302785
62.5  150.896026474  75.4480132372  106.997138889  84.4349505411
62.6  150.681215575  75.3406077877  106.842198619  84.3140065029
62.7  150.463620397  75.2318101984  106.685314733  84.1915134824
62.8  150.243268836  75.1216344182  106.526506852  84.067487038
62.9  150.020189216  75.0100946079  106.365794896  83.9419429651
63.0  149.794410275  74.8972051376  106.203199082  83.814897293
63.1  149.565961168  74.7829805838  106.038739917  83.6863662813
63.2  149.334871452  74.6674357259  105.872438194  83.5563664169
63.3  149.101171088  74.550585544  105.70431499  83.4249144105
63.4  148.864890431  74.4324452153  105.534391659  83.2920271932
63.5  148.626060223  74.3130301113  105.362689831  83.1577219133
63.6  148.38471159  74.1923557948  105.189231404  83.0220159326
63.7  148.140876032  74.0704380162  105.014038542  82.884926823
63.8  147.894585422  73.9472927112  104.837133669  82.7464723629
63.9  147.645871993  73.8229359967  104.658539466  82.6066705337
64.0  147.394768337  73.6973841683  104.478278866  82.4655395161
64.1  147.141307393  73.5706536965  104.296375048  82.3230976864
64.2  146.885522447  73.4427612236  104.112851434  82.179363613
64.3  146.627447121  73.3137235604  103.927731684  82.0343560524
64.4  146.367115365  73.1835576827  103.741039689  81.8880939455
64.5  146.104561456  73.0522807279  103.552799569  81.7405964139
64.6  145.839819983  72.9199099915  103.363035669  81.5918827557
64.7  145.572925848  72.786462924  103.171772549  81.4419724424
64.8  145.303914254  72.6519571269  102.979034985  81.290885114
64.9  145.032820698  72.5164103492  102.78484796  81.1386405756
65.0  144.759680969  72.3798404843  102.589236661  80.9852587935
65.1  144.484531132  72.2422655659  102.392226471  80.8307598908
65.2  144.207407529  72.1037037646  102.193842969  80.6751641436
65.3  143.928346768  71.9641733842  101.994111921  80.518491977
65.4  143.647385716  71.8236928582  101.793059274  80.3607639606
65.5  143.364561491  71.6822807457  101.590711155  80.2020008049
65.6  143.079911456  71.5399557282  101.387093862  80.0422233568
65.7  142.79347321  71.3967366051  101.182233859  79.8814525952
65.8  142.505284582  71.2526422908  100.976157774  79.7197096275
65.9  142.215383621  71.1076918104  100.768892389  79.5570156845
66.0  141.923808592  70.9619042958  100.560464639  79.3933921167
66.1  141.630597964  70.815298982  100.350901601  79.2288603899
66.2  141.335790407  70.6678952036  100.140230497  79.0634420807
66.3  141.03942478  70.51971239  99.928478678  78.8971588722
66.4  140.741540125  70.3707700626  99.7156736283  78.73003255
66.5  140.44217566  70.2210878299  99.5018429534  78.5620849973
66.6  140.141370769  70.0706853843  99.2870143774  78.3933381906
66.7  139.839164995  69.9195824975  99.0712157366  78.2238141959
66.8  139.535598035  69.7677990173  98.8544749739  78.0535351632
66.9  139.230709725  69.6153548627  98.6368201334  77.8825233229
67.0  138.924540041  69.4622700207  98.4182793546  77.7108009811
67.1  138.617129084  69.3085645418  98.1988808666  77.5383905147
67.2  138.308517072  69.1542585361  97.9786529826  77.3653143677
67.3  137.998744339  68.9993721693  97.7576240944  77.1915950458
67.4  137.687851317  68.8439256585  97.5358226659  77.0172551125
67.5  137.375878537  68.6879392683  97.3132772283  76.8423171843
67.6  137.062866614  68.5314333069  97.0900163737  76.6668039261
67.7  136.748856243  68.3744281213  96.8660687498  76.4907380468
67.8  136.433888188  68.216944094  96.6414630536  76.3141422947
67.9  136.118003277  68.0590016385  96.416228026  76.1370394527
68.0  135.80124239  67.9006211952  96.190392446  75.9594523339
68.1  135.483646455  67.7418232274  95.9639851244  75.781403777
68.2  135.165256434  67.5826282172  95.737034899  75.6029166417
68.3  134.846113322  67.423056661  95.5095706273  75.4240138039
68.4  134.526258132  67.2631290661  95.2816211824  75.2447181514
68.5  134.205731891  67.1028659457  95.0532154456  75.065052579
68.6  133.884575631  66.9422878154  94.8243823015  74.885039984
68.7  133.562830378  66.7814151889  94.595150632  74.7047032617
68.8  133.240537147  66.6202685737  94.3655493102  74.5240653005
68.9  132.917736935  66.4588684673  94.1356071948  74.3431489775
69.0  132.594470705  66.2972353525  93.9053531242  74.1619771538
69.1  132.270779388  66.135389694  93.6748159107  73.9805726698
69.2  131.946703867  65.9733519337  93.4440243346  73.798958341
69.3  131.622284973  65.8111424867  93.2130071386  73.6171569527
69.4  131.297563475  65.6487817373  92.9817930214  73.435191256
69.5  130.97258007  65.486290035  92.7504106328  73.2530839629
69.6  130.64737538  65.3236876901  92.5188885672  73.0708577418
69.7  130.321989939  65.1609949696  92.2872553578  72.8885352129
69.8  129.996464187  64.9982320934  92.0555394715  72.7061389437
69.9  129.67083846  64.8354192301  91.8237693023  72.5236914442
70.0  129.345152985  64.6725764927  91.5919731663  72.3412151629
70.1  129.01944787  64.5097239348  91.3601792953  72.1587324813
70.2  128.693763093  64.3468815466  91.1284158315  71.9762657106
70.3  128.368138501  64.1840692505  90.8967108218  71.793837086
70.4  128.042613795  64.0213068974  90.6650922119  71.6114687631
70.5  127.717228525  63.8586142627  90.4335878409  71.4291828132
70.6  127.392022084  63.696011042  90.2022254353  71.2470012181
70.7  127.067033695  63.5335168475  89.9710326038  71.0649458669
70.8  126.742302408  63.3711512039  89.7400368317  70.8830385508
70.9  126.417867088  63.2089335442  89.5092654746  70.7013009585
71.0  126.093766412  63.0468832062  89.2787457542  70.5197546726
71.1  125.770038857  62.8850194283  89.0485047512  70.3384211644
71.2  125.446722691  62.7233613457  88.8185694011  70.1573217903
71.3  125.123855973  62.5619279867  88.5889664884  69.976477787
71.4  124.801476537  62.4007382685  88.3597226407  69.7959102673
71.5  124.479621987  62.2398109936  88.1308643238  69.6156402157
71.6  124.158329693  62.0791648464  87.9024178366  69.435688485
71.7  123.837636776  61.9188183882  87.6744093045  69.2560757904
71.8  123.517580111  61.7587900553  87.4468646762  69.0768227076
71.9  123.198196307  61.5990981534  87.2198097162  68.8979496661
72.0  122.879521711  61.4397608555  86.9932700015  68.7194769475
72.1  122.561592394  61.2807961968  86.767270915  68.5414246796
72.2  122.244444145  61.1222220724  86.5418376414  68.3638128333
72.3  121.928112466  60.9640562328  86.3169951613  68.1866612181
72.4  121.612632561  60.8063162807  86.0927682471  68.0099894786
72.5  121.298039335  60.6490196675  85.869181457  67.8338170902
72.6  120.984367379  60.4921836893  85.6462591307  67.6581633551
72.7  120.671650968  60.3358254842  85.4240253844  67.4830473987
72.8  120.359924057  60.1799620283  85.2025041056  67.3084881655
72.9  120.049220265  60.0246101326  84.9817189491  67.1345044157
73.0  119.739572879  59.8697864393  84.7616933311  66.9611147209
73.1  119.431014838  59.715507419  84.5424504256  66.7883374609
73.2  119.123578733  59.5617893667  84.3240131591  66.6161908195
73.3  118.817296798  59.4086483991  84.106404206  66.4446927812
73.4  118.512200903  59.2561004515  83.8896459847  66.2738611279
73.5  118.208322547  59.1041612737  83.673760652  66.1037134345
73.6  117.905692857  58.9528464283  83.4587701003  65.9342670663
73.7  117.604342573  58.8021712863  83.2446959515  65.7655391751
73.8  117.304302049  58.6521510247  83.0315595538  65.5975466955
73.9  117.005601247  58.5028006235  82.8193819771  65.4303063423
74.0  116.708269725  58.3541348626  82.6081840091  65.2638346069
74.1  116.412336637  58.2061683186  82.3979861505  65.0981477532
74.2  116.117830726  58.0589153628  82.188808612  64.9332618161
74.3  115.824780315  57.9123901576  81.9806713095  64.7691925969
74.4  115.533213307  57.7666066536  81.7735938601  64.6059556604
74.5  115.243157175  57.6215785877  81.567595579  64.4435663327
74.6  114.95463896  57.4773194798  81.3626954754  64.2820396974
74.7  114.667685261  57.3338426303  81.1589122482  64.1213905928
74.8  114.382322235  57.1911611175  80.9562642834  63.9616336095
74.9  114.098575591  57.0492877953  80.7547696497  63.8027830868
75.0  113.816470581  56.9082352905  80.5544460954  63.6448531107
75.0  113.816470581  56.9082352905  80.5544460954  63.6448531108
75.1  113.536032001  56.7680160004  80.355311045  63.4878575109
75.2  113.257284181  56.6286420904  80.1573815957  63.3318098576
75.3  112.980250984  56.4901254922  79.9606745142  63.1767234602
75.4  112.704955801  56.3524779005  79.7652062335  63.0226113633
75.5  112.431421544  56.2157107721  79.5709928503  62.8694863457
75.6  112.159670645  56.0798353223  79.3780501204  62.7173609165
75.7  111.889725049  55.9448625244  79.1863934582  62.5662473143
75.8  111.621606213  55.8108031065  78.9960379317  62.4161575038
75.9  111.3553351  55.6776675498  78.8069982608  62.2671031739
76.0  111.090932174  55.545466087  78.6192888141  62.1190957358
76.1  110.828417401  55.4142087004  78.4329236072  61.972146321
76.2  110.567810239  55.2839051195  78.2479162985  61.8262657787
76.3  110.309129641  55.1545648203  78.0642801886  61.6814646746
76.4  110.052394045  55.0261970227  77.8820282171  61.5377532886
76.5  109.797621379  54.8988106895  77.7011729599  61.3951416132
76.6  109.544829049  54.7724145245  77.5217266279  61.2536393515
76.7  109.294033943  54.6470169714  77.3437010645  61.1132559162
76.8  109.045252424  54.522626212  77.1671077434  60.974000427
76.9  108.79850033  54.3992501652  76.9919577674  60.8358817103
77.0  108.553792971  54.2768964853  76.8182618658  60.6989082969
77.1  108.311145122  54.1555725612  76.6460303929  60.5630884208
77.2  108.070571031  54.0352855154  76.4752733273  60.4284300183
77.3  107.832084404  53.9160422022  76.306000269  60.2949407266
77.4  107.595698415  53.7978492073  76.1382204387  60.1626278823
77.5  107.361425693  53.6807128467  75.9719426765  60.0314985209
77.6  107.129278332  53.5646391659  75.8071754403  59.9015593756
77.7  106.899267878  53.4496339389  75.6439268052  59.7728168763
77.8  106.671405336  53.3357026678  75.4822044624  59.6452771491
77.9  106.445701164  53.2228505819  75.3220157177  59.5189460154
78.0  106.222165274  53.1110826369  75.1633674913  59.3938289909
78.1  106.00080703  53.000403515  75.0062663167  59.2699312858
78.2  105.781635248  52.8908176238  74.85071834  59.1472578032
78.3  105.564658193  52.7823290966  74.6967293201  59.02581314
78.4  105.349883583  52.6749417914  74.5443046275  58.9056015856
78.5  105.137318583  52.5686592914  74.3934492442  58.7866271221
78.6  104.926969808  52.463484904  74.2441677637  58.6688934239
78.7  104.718843323  52.3594216617  74.0964643909  58.5524038577
78.8  104.512944643  52.2564723213  73.9503429414  58.4371614826
78.9  104.309278729  52.1546393644  73.8058068428  58.32316905
79.0  104.107849995  52.0539249976  73.6628591342  58.2104290042
79.1  103.908662304  51.9543311519  73.521502466  58.0989434817
79.2  103.711718969  51.8558594847  73.3817391019  57.988714313
79.3  103.517022756  51.7585113782  73.2435709173  57.8797430212
79.4  103.324575883  51.6622879416  73.1069994026  57.7720308247
79.5  103.13438002  51.5671900101  72.972025661  57.6655786355
79.6  102.946436294  51.473218147  72.8386504121  57.5603870619
79.7  102.760745286  51.380372643  72.7068739906  57.4564564074
79.8  102.577307037  51.2886535183  72.5766963495  57.3537866739
79.9  102.396121044  51.198060522  72.448117059  57.2523775596
80.0  102.217186269  51.1085931344  72.3211353101  57.1522284631
80.1  102.040501134  51.0202505672  72.1957499142  57.0533384825
80.2  101.866063529  50.9330317645  72.0719593056  56.9557064171
80.3  101.69387081  50.846935405  71.9497615435  56.8593307694
80.4  101.523919803  50.7619599015  71.8291543121  56.7642097454
80.5  101.356206808  50.678103404  71.7101349243  56.6703412568
80.6  101.1907276  50.5953637998  71.5927003226  56.5777229224
80.7  101.027477431  50.5137387156  71.4768470814  56.4863520695
80.8  100.866451039  50.4332255194  71.3625714099  56.3962257363
80.9  100.707642641  50.3538213207  71.2498691528  56.3073406726
81.0  100.551045948  50.2755229742  71.1387357949  56.2196933431
81.1  100.39665416  50.1983270799  71.0291664614  56.1332799282
81.2  100.244459972  50.122229986  70.9211559222  56.0480963269
81.3  100.094455581  50.0472277904  70.8146985941  55.9641381585
81.4  99.9466326853  49.9733163426  70.7097885433  55.881400765
81.5  99.8009824937  49.9004912468  70.6064194895  55.7998792141
81.6  99.6574957248  49.8287478624  70.5045848071  55.7195683001
81.7  99.5161626157  49.7580813078  70.4042775303  55.640462548
81.8  99.3769729244  49.6884864622  70.3054903558  55.5625562157
81.9  99.239915935  49.6199579675  70.2082156453  55.485843296
82.0  99.1049804643  49.5524902321  70.1124454312  55.4103175206
82.1  98.9721548644  49.4860774322  70.0181714177  55.335972362
82.2  98.8414270292  49.4207135146  69.9253849858  55.2628010363
82.3  98.7127844008  49.3563922004  69.8340771978  55.1907965076
82.4  98.5862139748  49.2931069874  69.7442388007  55.1199514903
82.5  98.4617023041  49.230851152  69.6558602293  55.0502584518
82.6  98.3392355077  49.1696177539  69.5689316124  54.981709617
82.7  98.2187992749  49.1093996375  69.4834427752  54.9142969706
82.8  98.1003788723  49.0501894362  69.3993832452  54.8480122616
82.9  97.9839591505  48.9919795752  69.3167422559  54.7828470062
83.0  97.8695245491  48.9347622746  69.2355087513  54.7187924913
83.1  97.7570591056  48.8785295528  69.1556713913  54.6558397792
83.2  97.6465464609  48.8232732305  69.0772185563  54.5939797105
83.3  97.5379698669  48.7689849334  69.0001383521  54.5332029087
83.4  97.4313121924  48.7156560962  68.9244186146  54.4734997833
83.5  97.3265559332  48.6632779666  68.8500469159  54.4148605353
83.6  97.2236832155  48.6118416078  68.7770105683  54.3572751596
83.7  97.1226758081  48.5613379041  68.7052966311  54.3007334511
83.8  97.0235151253  48.5117575626  68.6348919142  54.245225007
83.9  96.9261822393  48.4630911196  68.565782986  54.1907392332
84.0  96.8306578854  48.4153289427  68.4979561773  54.1372653476
84.1  96.7369224714  48.3684612357  68.4313975879  54.0847923852
84.2  96.6449560841  48.322478042  68.3660930913  54.0333092017
84.3  96.5547385007  48.2773692503  68.3020283426  53.9828044798
84.4  96.4662491954  48.2331245977  68.2391887834  53.9332667332
84.5  96.3794673478  48.1897336739  68.1775596474  53.8846843109
84.6  96.2943718536  48.1471859268  68.1171259684  53.8370454033
84.7  96.2109413314  48.1054706657  68.0578725846  53.7903380464
84.8  96.1291541327  48.0645770663  67.999784146  53.7445501266
84.9  96.0489883521  48.0244941761  67.9428451216  53.6996693872
85.0  95.9704218358  47.9852109179  67.8870398051  53.6556834326
85.1  95.89343219  47.946716095  67.8323523215  53.6125797333
85.2  95.8179967928  47.9089983964  67.7787666348  53.5703456326
85.3  95.7440928014  47.8720464007  67.7262665531  53.52896835
85.4  95.6716971649  47.8358485824  67.6748357385  53.4884349892
85.5  95.6007866307  47.8003933153  67.6244577107  53.4487325414
85.6  95.5313377583  47.7656688791  67.575115857  53.4098478925
85.7  95.4633269264  47.7316634632  67.5267934377  53.3717678279
85.8  95.3967303454  47.6983651727  67.4794735942  53.3344790387
85.9  95.3315240645  47.6657620322  67.4331393549  53.2979681263
86.0  95.2676839882  47.6338419941  67.3877736462  53.2622216113
86.1  95.2051858789  47.6025929395  67.3433592945  53.227225935
86.2  95.1440053767  47.5720026884  67.2998790404  53.1929674704
86.3  95.0841180007  47.5420590003  67.2573155394  53.1594325229
86.4  95.0254991683  47.5127495841  67.2156513755  53.1266073417
86.5  94.9681241991  47.4840620995  67.1748690641  53.0944781208
86.6  94.9119683324  47.4559841662  67.1349510645  53.06303101
86.7  94.8570067333  47.4285033666  67.0958797838  53.0322521174
86.8  94.8032145066  47.4016072533  67.0576375871  53.0021275177
86.9  94.7505667069  47.3752833535  67.0202068044  52.9726432575
87.0  94.6990383513  47.3495191757  66.9835697397  52.9437853629
87.1  94.648604429  47.3243022145  66.9477086776  52.9155398442
87.2  94.5992399147  47.2996199574  66.9126058935  52.8878927039
87.3  94.5509197788  47.2754598894  66.8782436595  52.8608299421
87.4  94.5036189997  47.2518094998  66.8446042541  52.8343375636
87.5  94.4573125754  47.2286562877  66.8116699704  52.8084015844
87.6  94.4119755354  47.2059877677  66.7794231238  52.783008038
87.7  94.3675829522  47.1837914761  66.7478460607  52.7581429821
87.8  94.3241099538  47.1620549769  66.7169211674  52.7337925056
87.9  94.2815317344  47.1407658672  66.6866308772  52.7099427346
88.0  94.2398235679  47.119911784  66.6569576803  52.6865798398
88.1  94.1989608186  47.0994804093  66.6278841311  52.6636900426
88.2  94.1589189542  47.0794594771  66.5993928579  52.6412596221
88.3  94.1196735562  47.0598367781  66.5714665694  52.6192749215
88.4  94.0812003352  47.0406001676  66.5440880665  52.5977223559
88.5  94.0434751383  47.0217375691  66.5172402466  52.5765884172
88.6  94.0064739669  47.0032369834  66.490906117  52.5558596833
88.7  93.9701729839  46.9850864919  66.4650687992  52.5355228227
88.8  93.9345485274  46.9672742637  66.4397115393  52.515564602
88.9  93.8995771234  46.9497885617  66.4148177166  52.4959718927
89.0  93.8652355004  46.9326177502  66.3903708538  52.4767316799
89.1  93.8315005943  46.9157502971  66.3663546207  52.4578310645
89.2  93.7983495681  46.8991747841  66.3427528483  52.4392572746
89.3  93.7657598195  46.8828799098  66.3195495337  52.4209976696
89.4  93.7337089964  46.8668544982  66.2967288511  52.4030397487
89.5  93.7021750041  46.8510875021  66.2742751576  52.3853711553
89.6  93.6711360224  46.8355680112  66.2521730043  52.3679796863
89.7  93.6405705138  46.8202852569  66.2304071427  52.3508532965
89.8  93.6104572386  46.8052286193  66.2089625352  52.3339801076
89.9  93.5807752636  46.7903876318  66.1878243614  52.3173484126
90.0  93.5515039762  46.7757519881  66.1669780278  52.3009466837
90.0  93.5515039766  46.7757519883  66.1669780281  52.300946684
90.1  93.5226230968  46.7613115484  66.1464091767  52.2847635796
90.2  93.4941126865  46.7470563432  66.1261036916  52.2687879491
90.3  93.4659531636  46.7329765818  66.1060477091  52.2530088413
90.4  93.438125311  46.7190626555  66.0862276238  52.2374155089
90.5  93.4106102943  46.7053051472  66.0666301011  52.2219974186
90.6  93.3833896618  46.6916948309  66.0472420775  52.2067442513
90.7  93.3564453677  46.6782226838  66.0280507767  52.1916459147
90.8  93.3297597777  46.6648798889  66.0090437139  52.1766925467
90.9  93.3033156783  46.6516578392  65.9902087018  52.1618745205
91.0  93.2770962927  46.6385481463  65.9715338625  52.1471824535
91.1  93.2510852862  46.6255426431  65.9530076307  52.1326072103
91.2  93.2252667844  46.6126333922  65.9346187671  52.1181399131
91.3  93.1996253735  46.5998126868  65.9163563582  52.1037719412
91.4  93.1741461208  46.5870730604  65.8982098311  52.0894949434
91.5  93.1488145793  46.5744072896  65.8801689566  52.0753008397
91.6  93.1236168002  46.5618084001  65.8622238579  52.061181829
91.7  93.0985393411  46.5492696705  65.8443650167  52.0471303931
91.8  93.0735692765  46.5367846383  65.8265832804  52.033139303
91.9  93.048694208  46.524347104  65.8088698691  52.0192016243
92.0  93.0239022748  46.5119511374  65.7912163839  52.0053107233
92.1  92.9991821605  46.4995910802  65.7736148104  51.9914602704
92.2  92.9745231037  46.4872615519  65.7560575274  51.9776442469
92.3  92.9499149075  46.4749574538  65.7385373127  51.9638569491
92.4  92.9253479446  46.4626739723  65.7210473474  51.9500929921
92.5  92.9008131728  46.4504065864  65.7035812264  51.9363473182
92.6  92.8763021356  46.4381510678  65.6861329591  51.922615197
92.7  92.8518069751  46.4259034876  65.6686969781  51.9088922328
92.8  92.8273204378  46.4136602189  65.6512681438  51.895174368
92.9  92.8028358825  46.4014179412  65.6338417498  51.8814578871
93.0  92.7783472864  46.3891736432  65.6164135271  51.8677394205
93.1  92.7538492566  46.3769246283  65.5989796523  51.8540159507
93.2  92.7293370296  46.3646685148  65.5815367473  51.8402848122
93.3  92.7048064839  46.352403242  65.564081888  51.8265436985
93.4  92.6802541427  46.3401270713  65.5466126064  51.8127906631
93.5  92.6556771814  46.3278385907  65.5291268961  51.7990241247
93.6  92.6310734315  46.3155367158  65.5116232146  51.7852428685
93.7  92.6064413882  46.3032206941  65.4941004887  51.7714460509
93.8  92.5817802127  46.2908901063  65.4765581166  51.7576332005
93.9  92.557089738  46.278544869  65.4589959717  51.7438042217
94.0  92.5323704728  46.2661852364  65.4414144051  51.7299593965
94.1  92.507623605  46.2538118025  65.4238142486  51.7160993867
94.2  92.4828510054  46.2414255027  65.4061968169  51.7022252359
94.3  92.4580552314  46.2290276157  65.3885639101  51.6883383714
94.4  92.4332395281  46.2166197641  65.3709178153  51.6744406052
94.5  92.4084078325  46.2042039162  65.3532613084  51.6605341361
94.6  92.383564772  46.191782386  65.3355976541  51.6466215487
94.7  92.3587156711  46.1793578355  65.3179306097  51.6327058175
94.8  92.3338665456  46.1669332728  65.3002644219  51.6187903034
94.9  92.3090241104  46.1545120552  65.2826038315  51.6048787582
95.0  92.2841957734  46.1420978867  65.2649540698  51.590975321
95.1  92.2593896389  46.1296948194  65.2473208603  51.5770845204
95.2  92.2346145042  46.1173072521  65.2297104169  51.5632112725
95.3  92.209879862  46.104939931  65.212129445  51.5493608817
95.4  92.1851958932  46.0925979466  65.1945851372  51.5355390378
95.5  92.1605734699  46.0802867349  65.1770851747  51.5217518164
95.6  92.1360241468  46.0680120734  65.1596377214  51.5080056753
95.7  92.1115601663  46.0557800832  65.1422514277  51.4943074562
95.8  92.0871944422  46.0435972211  65.1249354188  51.4806643766
95.9  92.0629405684  46.0314702842  65.107699301  51.4670840339
96.0  92.0388128043  46.0194064021  65.0905531511  51.4535743978
96.1  92.0148260738  46.0074130369  65.073507516  51.4401438093
96.2  91.9909959565  45.9954979782  65.0565734062  51.4268009761
96.3  91.9673386842  45.9836693421  65.0397622937  51.4135549704
96.4  91.943871128  45.971935564  65.0230861022  51.4004152218
96.5  91.9206107958  45.9603053979  65.0065572062  51.387391516
96.6  91.8975758208  45.9487879104  64.9901884222  51.3744939883
96.7  91.8747849512  45.9373924756  64.9739930016  51.3617331177
96.8  91.852257543  45.9261287715  64.9579846258  51.3491197229
96.9  91.830013548  45.915006774  64.9421773976  51.336664956
97.0  91.8080734975  45.9040367488  64.9265858293  51.3243802928
97.1  91.7864585011  45.8932292505  64.9112248425  51.3122775325
97.2  91.7651902223  45.8825951112  64.8961097504  51.3003687839
97.3  91.7442908708  45.8721454354  64.8812562525  51.2886664611
97.4  91.7237831884  45.8618915942  64.8666804245  51.2771832758
97.5  91.7036904311  45.8518452155  64.8523987058  51.2659322271
97.6  91.684036355  45.8420181775  64.8384278897  51.2549265938
97.7  91.6648452016  45.8324226008  64.8247851123  51.2441799257
97.8  91.646141673  45.8230708365  64.8114878358  51.2337060305
97.9  91.6279509225  45.8139754612  64.7985538414  51.2235189679
98.0  91.6102985283  45.8051492642  64.7860012108  51.2136330353
98.1  91.5932104793  45.7966052396  64.7738483159  51.2040627594
98.2  91.5767131491  45.7883565746  64.7621138011  51.1948228824
98.3  91.5608332771  45.7804166385  64.750816569  51.1859283506
98.4  91.5455979448  45.7727989724  64.7399757645  51.1773943018
98.5  91.5310345527  45.7655172763  64.7296107579  51.169236052
98.6  91.5171707964  45.7585853982  64.7197411283  51.1614690822
98.7  91.5040346391  45.7520173196  64.7103866439  51.1541090231
98.8  91.491654285  45.7458271425  64.7015672434  51.1471716399
98.9  91.4800581565  45.7400290782  64.6933030199  51.14067282
99.0  91.4692748595  45.7346374298  64.6856141961  51.1346285533
99.1  91.4593331594  45.7296665797  64.6785211076  51.1290549189
99.2  91.4502619426  45.7251309713  64.6720441755  51.1239680635
99.3  91.4420901994  45.7210450997  64.6662038943  51.1193841919
99.4  91.4348469726  45.7174234863  64.661020796  51.1153195382
99.5  91.4285613432  45.7142806716  64.6565154392  51.111790358
99.6  91.423262378  45.711631189  64.6527083726  51.1088128989
99.7  91.4189791063  45.7094895531  64.6496201184  51.1064033874
99.8  91.4157404774  45.7078702387  64.6472711422  51.1045780054
99.9  91.4135753259  45.7067876629  64.6456818285  51.1033528707
100.0  91.4125123276  45.7062561638  64.6448724496  51.1027440124
100.1  91.4125799589  45.7062899795  64.6448631366  51.1027673479
100.2  91.4138064646  45.7069032323  64.645673857  51.1034386652
100.3  91.416219801  45.7081099005  64.6473243743  51.1047735913
100.4  91.4198476018  45.7099238009  64.6498342235  51.1067875724
100.5  91.424717132  45.712358566  64.6532226795  51.1094958491
100.6  91.4308552363  45.7154276182  64.6575087195  51.1129134265
100.7  91.4382882906  45.7191441453  64.6627109892  51.1170550481
100.8  91.4470421621  45.7235210811  64.6688477751  51.1219351727
100.9  91.4571421481  45.728571074  64.6759369599  51.1275679407
101.0  91.4686129315  45.7343064658  64.6839959926  51.133967149
101.1  91.4814785183  45.7407392591  64.6930418429  51.141146216
101.2  91.4957621941  45.747881097  64.7030909716  51.1491181576
101.3  91.5114864607  45.7557432304  64.714159285  51.1578955512
101.4  91.5286729795  45.7643364898  64.7262620949  51.1674905046
101.5  91.5473425141  45.773671257  64.7394140786  51.1779146238
101.6  91.5675148687  45.7837574343  64.7536292349  51.1891789784
101.7  91.5892088246  45.7946044123  64.7689208392  51.201294066
101.8  91.6124420807  45.8062210403  64.7853014014  51.2142697794
101.9  91.6372311831  45.8186155916  64.8027826164  51.2281153667
102.0  91.6635914631  45.8317957315  64.8213753199  51.2428393971
102.1  91.6915369655  45.8457684827  64.8410894381  51.2584497205
102.2  91.7210803834  45.8605401917  64.8619339412  51.2749534312
102.3  91.7522329769  45.8761164884  64.883916786  51.2923568223
102.4  91.8768335716  45.9384167858  64.971983072  51.3583467912
102.5  91.799806268  45.899903134  64.9174657696  51.3152257212
102.6  91.7228435423  45.8614217711  64.8629946215  51.2721409229
102.7  91.6459453403  45.8229726701  64.8085695847  51.2290923651
102.8  91.5691116078  45.7845558039  64.7541906163  51.1860800166
102.9  91.4923422909  45.7461711454  64.6998576733  51.1431038461
103.0  91.4156373355  45.7078186677  64.6455707131  51.1001638227
103.1  91.3389966877  45.6694983438  64.5913296928  51.0572599151
103.2  91.2624202935  45.6312101467  64.5371345699  51.0143920924
103.3  91.1859080991  45.5929540496  64.4829853017  50.9715603234
103.4  91.1094600507  45.5547300254  64.4288818458  50.9287645773
103.5  91.0330760945  45.5165380472  64.3748241597  50.886004823
103.6  90.9567561767  45.4783780883  64.3208122012  50.8432810297
103.7  90.8805002437  45.4402501218  64.2668459279  50.8005931663
103.8  90.8043082418  45.4021541209  64.2129252976  50.7579412022
103.9  90.7281801174  45.3640900587  64.1590502682  50.7153251064
104.0  90.652115817  45.3260579085  64.1052207977  50.6727448482
104.1  90.576115287  45.2880576435  64.051436844  50.6302003967
104.2  90.5001784741  45.2500892371  63.9976983653  50.5876917214
104.3  90.4243053247  45.2121526624  63.9440053198  50.5452187915
104.4  90.3484957856  45.1742478928  63.8903576656  50.5027815762
104.5  90.2727498033  45.1363749016  63.8367553612  50.4603800451
104.6  90.1970673246  45.0985336623  63.7831983647  50.4180141675
104.7  90.1214482962  45.0607241481  63.7296866348  50.3756839129
104.8  90.045892665  45.0229463325  63.6762201299  50.3333892507
104.9  89.9704003778  44.9852001889  63.6227988086  50.2911301504
105.0  89.8949713815  44.9474856908  63.5694226295  50.2489065816
105.0  89.8949713815  44.9474856908  63.5694226295  50.2489065816
105.1  89.8196056231  44.9098028115  63.5160915514  50.2067185138
105.2  89.7443030494  44.8721515247  63.462805533  50.1645659167
105.3  89.6690636076  44.8345318038  63.4095645333  50.1224487599
105.4  89.5938872448  44.7969436224  63.3563685111  50.0803670129
105.5  89.5187739079  44.759386954  63.3032174254  50.0383206456
105.6  89.4437235443  44.7218617721  63.2501112353  49.9963096277
105.7  89.368736101  44.6843680505  63.1970498999  49.9543339289
105.8  89.2938115254  44.6469057627  63.1440333784  49.912393519
105.9  89.2189497648  44.6094748824  63.0910616301  49.8704883679
106.0  89.1441507664  44.5720753832  63.0381346142  49.8286184453
106.1  89.0694144777  44.5347072389  62.9852522901  49.7867837212
106.2  88.9947408461  44.497370423  62.9324146174  49.7449841655
106.3  88.920129819  44.4600649095  62.8796215554  49.7032197482
106.4  88.845581344  44.422790672  62.8268730638  49.6614904392
106.5  88.7710953687  44.3855476843  62.7741691022  49.6197962084
106.6  88.6966718405  44.3483359203  62.7215096303  49.5781370261
106.7  88.6223107073  44.3111553536  62.6688946079  49.5365128622
106.8  88.5480119166  44.2740059583  62.6163239948  49.4949236869
106.9  88.4737754162  44.2368877081  62.5637977508  49.4533694702
107.0  88.3996011539  44.1998005769  62.511315836  49.4118501823
107.1  88.3254890775  44.1627445387  62.4588782103  49.3703657935
107.2  88.2514391348  44.1257195674  62.4064848338  49.328916274
107.3  88.1774512738  44.0887256369  62.3541356667  49.2875015939
107.4  88.1035254425  44.0517627212  62.301830669  49.2461217236
107.5  88.0296615887  44.0148307944  62.2495698012  49.2047766335
107.6  87.9558596607  43.9779298303  62.1973530234  49.1634662938
107.7  87.8821196063  43.9410598032  62.1451802961  49.1221906749
107.8  87.8084413739  43.9042206869  62.0930515796  49.0809497472
107.9  87.7348249114  43.8674124557  62.0409668345  49.0397434812
108.0  87.6612701673  43.8306350836  61.9889260213  48.9985718472
108.1  87.5877770896  43.7938885448  61.9369291007  48.9574348159
108.2  87.5143456267  43.7571728134  61.8849760332  48.9163323578
108.3  87.440975727  43.7204878635  61.8330667796  48.8752644433
108.4  87.3676673389  43.6838336694  61.7812013007  48.8342310431
108.5  87.2944204107  43.6472102053  61.7293795572  48.7932321277
108.6  87.2212348909  43.6106174455  61.6776015102  48.7522676679
108.7  87.1481107281  43.5740553641  61.6258671205  48.7113376342
108.8  87.0750478709  43.5375239354  61.5741763492  48.6704419974
108.9  87.0020462677  43.5010231339  61.5225291572  48.6295807282
109.0  86.9291058673  43.4645529337  61.4709255057  48.5887537973
109.1  86.8562266184  43.4281133092  61.419365356  48.5479611756
109.2  86.7834084697  43.3917042348  61.3678486691  48.5072028339
109.3  86.7106513699  43.355325685  61.3163754064  48.4664787429
109.4  86.6379552679  43.318977634  61.2649455292  48.4257888736
109.5  86.5653201126  43.2826600563  61.213558999  48.3851331969
109.6  86.4927458528  43.2463729264  61.1622157771  48.3445116836
109.7  86.4202324375  43.2101162188  61.110915825  48.3039243048
109.8  86.3477798157  43.1738899079  61.0596591043  48.2633710313
109.9  86.2753879364  43.1376939682  61.0084455766  48.2228518344
110.0  86.2030567487  43.1015283744  60.9572752035  48.1823666849
110.1  86.1307862018  43.0653931009  60.9061479468  48.1419155539
110.2  86.0585762446  43.0292881223  60.8550637682  48.1014984126
110.3  85.9864268266  42.9932134133  60.8040226295  48.061115232
110.4  85.9143378969  42.9571689484  60.7530244926  48.0207659833
110.5  85.8423094047  42.9211547024  60.7020693195  47.9804506378
110.6  85.7703412995  42.8851706498  60.651157072  47.9401691665
110.7  85.6984335307  42.8492167653  60.6002877121  47.8999215408
110.8  85.6265860475  42.8132930238  60.5494612021  47.8597077319
110.9  85.5547987995  42.7773993998  60.498677504  47.819527711
111.0  85.4830717363  42.7415358681  60.4479365799  47.7793814496
111.1  85.4114048072  42.7057024036  60.397238392  47.7392689189
111.2  85.339797962  42.669898981  60.3465829028  47.6991900903
111.3  85.2682511501  42.6341255751  60.2959700744  47.6591449353
111.4  85.1967643214  42.5983821607  60.2453998693  47.6191334252
111.5  85.1253374256  42.5626687128  60.1948722498  47.5791555315
111.6  85.0539704122  42.5269852061  60.1443871785  47.5392112257
111.7  84.9826632313  42.4913316157  60.0939446178  47.4993004793
111.8  84.9114158326  42.4557079163  60.0435445304  47.4594232639
111.9  84.8402281659  42.420114083  59.9931868788  47.4195795509
112.0  84.7691001813  42.3845500906  59.9428716257  47.3797693121
112.1  84.6980318286  42.3490159143  59.8925987339  47.3399925189
112.2  84.6270230579  42.313511529  59.8423681661  47.3002491431
112.3  84.5560738193  42.2780369096  59.792179885  47.2605391563
112.4  84.4851840627  42.2425920314  59.7420338536  47.2208625303
112.5  84.4143537384  42.2071768692  59.6919300348  47.1812192367
112.6  84.3435827966  42.1717913983  59.6418683916  47.1416092473
112.7  84.2728711873  42.1364355937  59.5918488868  47.1020325338
112.8  84.202218861  42.1011094305  59.5418714836  47.0624890682
112.9  84.1316257678  42.0658128839  59.4919361451  47.0229788221
113.0  84.0610918582  42.0305459291  59.4420428344  46.9835017676
113.1  83.9906170825  41.9953085413  59.3921915146  46.9440578763
113.2  83.9202013912  41.9601006956  59.3423821491  46.9046471204
113.3  83.8498447346  41.9249223673  59.2926147011  46.8652694716
113.4  83.7795470633  41.8897735317  59.2428891339  46.825924902
113.5  83.709308328  41.854654164  59.1932054109  46.7866133836
113.6  83.639128479  41.8195642395  59.1435634956  46.7473348883
113.7  83.5690074672  41.7845037336  59.0939633513  46.7080893882
113.8  83.498945243  41.7494726215  59.0444049415  46.6688768554
113.9  83.4289417574  41.7144708787  58.9948882299  46.629697262
114.0  83.358996961  41.6794984805  58.9454131801  46.59055058
114.1  83.2891108046  41.6445554023  58.8959797555  46.5514367817
114.2  83.219283239  41.6096416195  58.8465879201  46.5123558392
114.3  83.1495142152  41.5747571076  58.7972376374  46.4733077247
114.4  83.079803684  41.539901842  58.7479288713  46.4342924104
114.5  83.0101515965  41.5050757982  58.6986615855  46.3953098686
114.6  82.9405579035  41.4702789518  58.6494357439  46.3563600715
114.7  82.8710225563  41.4355112781  58.6002513105  46.3174429914
114.8  82.8015455057  41.4007727529  58.5511082491  46.2785586007
114.9  82.7321267031  41.3660633515  58.5020065238  46.2397068718
120.0  79.2678723578  39.6339361789  56.0517996981  44.3009383193

#SVE monte-carlo points sigmaR (r, sigmaR_med, sigmaR_std)
26.3  130.255179183  0.0
29.8  126.284289262  0.0
33.2  124.825372307  0.0
36.7  126.523117702  0.0
40.2  131.410845106  0.0
43.7  138.586169478  0.0
47.1  146.280288154  0.0
50.6  153.163279591  0.0
54.1  157.327738563  0.0
57.6  157.613565204  0.0
61.0  153.809066357  0.0
64.5  146.136448602  0.0
68.0  135.824416831  0.0
71.5  124.496127013  0.0
75.0  113.828133248  0.0
78.4  105.35825053  0.0
81.9  99.2459550223  0.0
85.4  95.6761421983  0.0
88.9  93.9028975655  0.0
92.3  92.9524293668  0.0
95.8  92.0890805329  0.0
99.3  91.4435050037  0.0
102.8  91.5632952609  0.0
106.2  88.9857395864  0.0
109.7  86.4081444993  0.0
113.2  83.9052130209  0.0

#SVE monte-carlo points sigmaZ (r, sigmaZ_med, sigmaZ_std)
26.7  64.8557264255  0.0
30.1  63.0228997418  0.0
33.6  62.4242559092  0.0
37.1  63.4650244371  0.0
40.6  66.0698317185  0.0
44.1  69.7433442042  0.0
47.5  73.5768885677  0.0
51.0  76.9022507229  0.0
54.5  78.785706866  0.0
58.0  78.6867784462  0.0
61.4  76.5544645859  0.0
64.9  72.5318036267  0.0
68.4  67.2742845546  0.0
71.9  61.6070306974  0.0
75.3  56.4957862407  0.0
78.8  52.2604989433  0.0
82.3  49.3593049916  0.0
85.8  47.7005135546  0.0
89.3  46.8844865438  0.0
92.7  46.4271202325  0.0
96.2  45.9964104195  0.0
99.7  45.7101743741  0.0
103.2  45.6281097247  0.0
106.6  44.3436540615  0.0
110.1  43.0591787581  0.0
113.6  41.8119100594  0.0

#SVE monte-carlo points sigmaPhi (r, sigmaPhi_med, sigmaPhi_std)
27.2  96.7393366122  0.0
30.6  92.7041417431  0.0
34.1  91.0387581403  0.0
37.6  92.0973166943  0.0
41.1  95.5412943078  0.0
44.6  100.502152871  0.0
48.0  105.609846655  0.0
51.5  109.873137788  0.0
55.0  112.005905521  0.0
58.5  111.308131311  0.0
61.9  107.800957159  0.0
65.4  101.730698531  0.0
68.9  94.090545059  0.0
72.4  86.0607692787  0.0
75.8  78.9731933701  0.0
79.3  73.2272868293  0.0
82.8  69.387568737  0.0
86.3  67.2485791059  0.0
89.8  66.2024207611  0.0
93.2  65.5765823619  0.0
96.7  64.9702785857  0.0
100.2  64.6428834469  0.0
103.7  64.2593367021  0.0
107.1  62.4498849031  0.0
110.6  60.6405718153  0.0
114.1  58.8837837784  0.0
