0.005 0.0935276
0.015 0.104401
0.025 0.109894
0.035 0.113685
0.045 0.116616
0.055 0.119024
0.065 0.121081
0.075 0.122884
0.085 0.124495
0.095 0.125956
0.105 0.127298
0.115 0.12854
0.125 0.1297
0.135 0.13079
0.145 0.131821
0.155 0.132799
0.165 0.133732
0.175 0.134626
0.185 0.135483
0.195 0.136309
0.205 0.137107
0.215 0.137878
0.225 0.138627
0.235 0.139353
0.245 0.140061
0.255 0.14075
0.265 0.141423
0.275 0.142081
0.285 0.142725
0.295 0.143355
0.305 0.143973
0.315 0.144579
0.325 0.145175
0.335 0.14576
0.345 0.146336
0.355 0.146903
0.365 0.147461
0.375 0.148011
0.385 0.148553
0.395 0.149088
0.405 0.149616
0.415 0.150137
0.425 0.150652
0.435 0.151161
0.445 0.151664
0.455 0.152161
0.465 0.152652
0.475 0.153139
0.485 0.15362
0.495 0.154096
0.505 0.154567
0.515 0.155034
0.525 0.155497
0.535 0.155954
0.545 0.156408
0.555 0.156858
0.565 0.157303
0.575 0.157745
0.585 0.158182
0.595 0.158616
0.605 0.159046
0.615 0.159473
0.625 0.159896
0.635 0.160315
0.645 0.160731
0.655 0.161144
0.665 0.161553
0.675 0.161959
0.685 0.162362
0.695 0.162762
0.705 0.163158
0.715 0.163552
0.725 0.163942
0.735 0.16433
0.745 0.164714
0.755 0.165096
0.765 0.165475
0.775 0.165851
0.785 0.166224
0.795 0.166594
0.805 0.166962
0.815 0.167326
0.825 0.167688
0.835 0.168048
0.845 0.168405
0.855 0.168759
0.865 0.169111
0.875 0.16946
0.885 0.169806
0.895 0.17015
0.905 0.170492
0.915 0.170831
0.925 0.171167
0.935 0.171501
0.945 0.171833
0.955 0.172162
0.965 0.172489
0.975 0.172813
0.985 0.173136
0.995 0.173455
1.005 0.173773
1.015 0.174088
1.025 0.174401
1.035 0.174712
1.045 0.17502
1.055 0.175327
1.065 0.175631
1.075 0.175933
1.085 0.176232
1.095 0.17653
1.105 0.176825
1.115 0.177118
1.125 0.17741
1.135 0.177699
1.145 0.177986
1.155 0.17827
1.165 0.178553
1.175 0.178834
1.185 0.179113
1.195 0.17939
1.205 0.179665
1.215 0.179937
1.225 0.180208
1.235 0.180477
1.245 0.180744
1.255 0.181009
1.265 0.181272
1.275 0.181534
1.285 0.181793
1.295 0.182051
1.305 0.182306
1.315 0.18256
1.325 0.182812
1.335 0.183062
1.345 0.183311
1.355 0.183557
1.365 0.183802
1.375 0.184045
1.385 0.184287
1.395 0.184527
1.405 0.184764
1.415 0.185001
1.425 0.185235
1.435 0.185468
1.445 0.185699
1.455 0.185929
1.465 0.186157
1.475 0.186383
1.485 0.186608
1.495 0.186831
1.505 0.187053
1.515 0.187273
1.525 0.187491
1.535 0.187708
1.545 0.187924
1.555 0.188137
1.565 0.18835
1.575 0.188561
1.585 0.18877
1.595 0.188978
1.605 0.189184
1.615 0.18939
1.625 0.189593
1.635 0.189795
1.645 0.189996
1.655 0.190195
1.665 0.190394
1.675 0.19059
1.685 0.190785
1.695 0.190979
1.705 0.191172
1.715 0.191363
1.725 0.191553
1.735 0.191742
1.745 0.191929
1.755 0.192116
1.765 0.1923
1.775 0.192484
1.785 0.192667
1.795 0.192848
1.805 0.193028
1.815 0.193206
1.825 0.193384
1.835 0.19356
1.845 0.193736
1.855 0.19391
1.865 0.194083
1.875 0.194254
1.885 0.194425
1.895 0.194594
1.905 0.194763
1.915 0.19493
1.925 0.195096
1.935 0.195262
1.945 0.195426
1.955 0.195589
1.965 0.195751
1.975 0.195912
1.985 0.196072
1.995 0.196231
2.005 0.196389
2.015 0.196546
2.025 0.196702
2.035 0.196857
2.045 0.197011
2.055 0.197164
2.065 0.197316
2.075 0.197467
2.085 0.197617
2.095 0.197767
2.105 0.197915
2.115 0.198063
2.125 0.198209
2.135 0.198355
2.145 0.1985
2.155 0.198644
2.165 0.198787
2.175 0.198929
2.185 0.199071
2.195 0.199212
2.205 0.199352
2.215 0.199491
2.225 0.199629
2.235 0.199766
2.245 0.199903
2.255 0.200039
2.265 0.200174
2.275 0.200308
2.285 0.200442
2.295 0.200575
2.305 0.200707
2.315 0.200838
2.325 0.200969
2.335 0.201099
2.345 0.201228
2.355 0.201356
2.365 0.201484
2.375 0.201611
2.385 0.201738
2.395 0.201863
2.405 0.201988
2.415 0.202113
2.425 0.202237
2.435 0.20236
2.445 0.202482
2.455 0.202604
2.465 0.202725
2.475 0.202846
2.485 0.202966
2.495 0.203085
2.505 0.203204
2.515 0.203322
2.525 0.203439
2.535 0.203556
2.545 0.203672
2.555 0.203788
2.565 0.203903
2.575 0.204018
2.585 0.204132
2.595 0.204246
2.605 0.204358
2.615 0.204471
2.625 0.204583
2.635 0.204694
2.645 0.204805
2.655 0.204915
2.665 0.205025
2.675 0.205134
2.685 0.205243
2.695 0.205351
2.705 0.205458
2.715 0.205566
2.725 0.205672
2.735 0.205778
2.745 0.205884
2.755 0.205989
2.765 0.206094
2.775 0.206198
2.785 0.206302
2.795 0.206405
2.805 0.206508
2.815 0.206611
2.825 0.206713
2.835 0.206814
2.845 0.206915
2.855 0.207016
2.865 0.207116
2.875 0.207215
2.885 0.207315
2.895 0.207413
2.905 0.207512
2.915 0.20761
2.925 0.207707
2.935 0.207805
2.945 0.207901
2.955 0.207998
2.965 0.208093
2.975 0.208189
2.985 0.208284
2.995 0.208379
3.005 0.208473
3.015 0.208567
3.025 0.20866
3.035 0.208753
3.045 0.208846
3.055 0.208938
3.065 0.20903
3.075 0.209122
3.085 0.209213
3.095 0.209303
3.105 0.209394
3.115 0.209484
3.125 0.209573
3.135 0.209663
3.145 0.209752
3.155 0.20984
3.165 0.209928
3.175 0.210016
3.185 0.210104
3.195 0.210191
3.205 0.210277
3.215 0.210364
3.225 0.21045
3.235 0.210535
3.245 0.210621
3.255 0.210706
3.265 0.21079
3.275 0.210874
3.285 0.210958
3.295 0.211042
3.305 0.211125
3.315 0.211208
3.325 0.211291
3.335 0.211373
3.345 0.211455
3.355 0.211536
3.365 0.211617
3.375 0.211698
3.385 0.211779
3.395 0.211859
3.405 0.211939
3.415 0.212019
3.425 0.212098
3.435 0.212177
3.445 0.212255
3.455 0.212334
3.465 0.212411
3.475 0.212489
3.485 0.212566
3.495 0.212643
3.505 0.21272
3.515 0.212796
3.525 0.212872
3.535 0.212948
3.545 0.213023
3.555 0.213098
3.565 0.213173
3.575 0.213248
3.585 0.213322
3.595 0.213395
3.605 0.213469
3.615 0.213542
3.625 0.213615
3.635 0.213688
3.645 0.21376
3.655 0.213832
3.665 0.213903
3.675 0.213975
3.685 0.214046
3.695 0.214116
3.705 0.214187
3.715 0.214257
3.725 0.214327
3.735 0.214396
3.745 0.214465
3.755 0.214534
3.765 0.214603
3.775 0.214671
3.785 0.214739
3.795 0.214807
3.805 0.214874
3.815 0.214941
3.825 0.215008
3.835 0.215075
3.845 0.215141
3.855 0.215207
3.865 0.215272
3.875 0.215338
3.885 0.215403
3.895 0.215467
3.905 0.215532
3.915 0.215596
3.925 0.21566
3.935 0.215723
3.945 0.215786
3.955 0.215849
3.965 0.215912
3.975 0.215974
3.985 0.216036
3.995 0.216098
4.005 0.216159
4.015 0.21622
4.025 0.216281
4.035 0.216342
4.045 0.216402
4.055 0.216462
4.065 0.216522
4.075 0.216581
4.085 0.21664
4.095 0.216699
4.105 0.216758
4.115 0.216816
4.125 0.216874
4.135 0.216932
4.145 0.216989
4.155 0.217046
4.165 0.217103
4.175 0.217159
4.185 0.217216
4.195 0.217271
4.205 0.217327
4.215 0.217382
4.225 0.217437
4.235 0.217492
4.245 0.217547
4.255 0.217601
4.265 0.217655
4.275 0.217709
4.285 0.217762
4.295 0.217815
4.305 0.217868
4.315 0.21792
4.325 0.217972
4.335 0.218024
4.345 0.218076
4.355 0.218127
4.365 0.218178
4.375 0.218229
4.385 0.21828
4.395 0.21833
4.405 0.21838
4.415 0.21843
4.425 0.218479
4.435 0.218528
4.445 0.218577
4.455 0.218626
4.465 0.218674
4.475 0.218722
4.485 0.21877
4.495 0.218817
4.505 0.218864
4.515 0.218911
4.525 0.218958
4.535 0.219004
4.545 0.21905
4.555 0.219096
4.565 0.219141
4.575 0.219187
4.585 0.219231
4.595 0.219276
4.605 0.219321
4.615 0.219365
4.625 0.219409
4.635 0.219452
4.645 0.219495
4.655 0.219538
4.665 0.219581
4.675 0.219624
4.685 0.219666
4.695 0.219708
4.705 0.21975
4.715 0.219791
4.725 0.219832
4.735 0.219873
4.745 0.219914
4.755 0.219954
4.765 0.219994
4.775 0.220034
4.785 0.220073
4.795 0.220113
4.805 0.220152
4.815 0.22019
4.825 0.220229
4.835 0.220267
4.845 0.220305
4.855 0.220343
4.865 0.22038
4.875 0.220417
4.885 0.220454
4.895 0.220491
4.905 0.220527
4.915 0.220563
4.925 0.220599
4.935 0.220635
4.945 0.22067
4.955 0.220705
4.965 0.22074
4.975 0.220775
4.985 0.220809
4.995 0.220843
5.005 0.220877
5.015 0.22091
5.025 0.220944
5.035 0.220977
5.045 0.221009
5.055 0.221042
5.065 0.221074
5.075 0.221106
5.085 0.221138
5.095 0.221169
5.105 0.221201
5.115 0.221232
5.125 0.221263
5.135 0.221293
5.145 0.221323
5.155 0.221353
5.165 0.221383
5.175 0.221413
5.185 0.221442
5.195 0.221471
5.205 0.2215
5.215 0.221528
5.225 0.221557
5.235 0.221585
5.245 0.221613
5.255 0.22164
5.265 0.221668
5.275 0.221695
5.285 0.221722
5.295 0.221748
5.305 0.221775
5.315 0.221801
5.325 0.221827
5.335 0.221852
5.345 0.221878
5.355 0.221903
5.365 0.221928
5.375 0.221953
5.385 0.221977
5.395 0.222001
5.405 0.222025
5.415 0.222049
5.425 0.222073
5.435 0.222096
5.445 0.222119
5.455 0.222142
5.465 0.222165
5.475 0.222187
5.485 0.222209
5.495 0.222231
5.505 0.222253
5.515 0.222275
5.525 0.222296
5.535 0.222317
5.545 0.222338
5.555 0.222359
5.565 0.222379
5.575 0.222399
5.585 0.222419
5.595 0.222439
5.605 0.222459
5.615 0.222478
5.625 0.222497
5.635 0.222516
5.645 0.222534
5.655 0.222553
5.665 0.222571
5.675 0.222589
5.685 0.222607
5.695 0.222625
5.705 0.222642
5.715 0.222659
5.725 0.222676
5.735 0.222693
5.745 0.222709
5.755 0.222726
5.765 0.222742
5.775 0.222758
5.785 0.222773
5.795 0.222789
5.805 0.222804
5.815 0.222819
5.825 0.222834
5.835 0.222849
5.845 0.222863
5.855 0.222878
5.865 0.222892
5.875 0.222906
5.885 0.222919
5.895 0.222933
5.905 0.222946
5.915 0.222959
5.925 0.222972
5.935 0.222985
5.945 0.222997
5.955 0.22301
5.965 0.223022
5.975 0.223034
5.985 0.223045
5.995 0.223057
6.005 0.223068
6.015 0.223079
6.025 0.22309
6.035 0.223101
6.045 0.223112
6.055 0.223122
6.065 0.223132
6.075 0.223142
6.085 0.223152
6.095 0.223162
6.105 0.223171
6.115 0.22318
6.125 0.223189
6.135 0.223198
6.145 0.223207
6.155 0.223216
6.165 0.223224
6.175 0.223232
6.185 0.22324
6.195 0.223248
6.205 0.223256
6.215 0.223263
6.225 0.22327
6.235 0.223278
6.245 0.223284
6.255 0.223291
6.265 0.223298
6.275 0.223304
6.285 0.22331
6.295 0.223317
6.305 0.223322
6.315 0.223328
6.325 0.223334
6.335 0.223339
6.345 0.223344
6.355 0.223349
6.365 0.223354
6.375 0.223359
6.385 0.223364
6.395 0.223368
6.405 0.223372
6.415 0.223376
6.425 0.22338
6.435 0.223384
6.445 0.223388
6.455 0.223391
6.465 0.223394
6.475 0.223397
6.485 0.2234
6.495 0.223403
6.505 0.223406
6.515 0.223408
6.525 0.22341
6.535 0.223413
6.545 0.223415
6.555 0.223416
6.565 0.223418
6.575 0.22342
6.585 0.223421
6.595 0.223422
6.605 0.223423
6.615 0.223424
6.625 0.223425
6.635 0.223426
6.645 0.223426
6.655 0.223426
6.665 0.223427
6.675 0.223427
6.685 0.223427
6.695 0.223426
6.705 0.223426
6.715 0.223425
6.725 0.223425
6.735 0.223424
6.745 0.223423
6.755 0.223422
6.765 0.223421
6.775 0.223419
6.785 0.223418
6.795 0.223416
6.805 0.223414
6.815 0.223412
6.825 0.22341
6.835 0.223408
6.845 0.223405
6.855 0.223403
6.865 0.2234
6.875 0.223398
6.885 0.223395
6.895 0.223392
6.905 0.223389
6.915 0.223385
6.925 0.223382
6.935 0.223378
6.945 0.223375
6.955 0.223371
6.965 0.223367
6.975 0.223363
6.985 0.223359
6.995 0.223354
7.005 0.22335
7.015 0.223345
7.025 0.22334
7.035 0.223336
7.045 0.223331
7.055 0.223326
7.065 0.22332
7.075 0.223315
7.085 0.22331
7.095 0.223304
7.105 0.223298
7.115 0.223293
7.125 0.223287
7.135 0.223281
7.145 0.223274
7.155 0.223268
7.165 0.223262
7.175 0.223255
7.185 0.223249
7.195 0.223242
7.205 0.223235
7.215 0.223228
7.225 0.223221
7.235 0.223214
7.245 0.223206
7.255 0.223199
7.265 0.223191
7.275 0.223184
7.285 0.223176
7.295 0.223168
7.305 0.22316
7.315 0.223152
7.325 0.223144
7.335 0.223136
7.345 0.223127
7.355 0.223119
7.365 0.22311
7.375 0.223101
7.385 0.223092
7.395 0.223084
7.405 0.223074
7.415 0.223065
7.425 0.223056
7.435 0.223047
7.445 0.223037
7.455 0.223028
7.465 0.223018
7.475 0.223008
7.485 0.222998
7.495 0.222989
7.505 0.222978
7.515 0.222968
7.525 0.222958
7.535 0.222948
7.545 0.222937
7.555 0.222927
7.565 0.222916
7.575 0.222905
7.585 0.222895
7.595 0.222884
7.605 0.222873
7.615 0.222862
7.625 0.22285
7.635 0.222839
7.645 0.222828
7.655 0.222816
7.665 0.222805
7.675 0.222793
7.685 0.222781
7.695 0.222769
7.705 0.222757
7.715 0.222745
7.725 0.222733
7.735 0.222721
7.745 0.222709
7.755 0.222697
7.765 0.222684
7.775 0.222672
7.785 0.222659
7.795 0.222646
7.805 0.222633
7.815 0.222621
7.825 0.222608
7.835 0.222595
7.845 0.222582
7.855 0.222568
7.865 0.222555
7.875 0.222542
7.885 0.222528
7.895 0.222515
7.905 0.222501
7.915 0.222487
7.925 0.222474
7.935 0.22246
7.945 0.222446
7.955 0.222432
7.965 0.222418
7.975 0.222404
7.985 0.22239
7.995 0.222375
8.005 0.222361
8.015 0.222346
8.025 0.222332
8.035 0.222317
8.045 0.222303
8.055 0.222288
8.065 0.222273
8.075 0.222258
8.085 0.222243
8.095 0.222228
8.105 0.222213
8.115 0.222198
8.125 0.222183
8.135 0.222168
8.145 0.222152
8.155 0.222137
8.165 0.222121
8.175 0.222106
8.185 0.22209
8.195 0.222074
8.205 0.222059
8.215 0.222043
8.225 0.222027
8.235 0.222011
8.245 0.221995
8.255 0.221979
8.265 0.221963
8.275 0.221946
8.285 0.22193
8.295 0.221914
8.305 0.221897
8.315 0.221881
8.325 0.221864
8.335 0.221848
8.345 0.221831
8.355 0.221814
8.365 0.221797
8.375 0.221781
8.385 0.221764
8.395 0.221747
8.405 0.22173
8.415 0.221713
8.425 0.221696
8.435 0.221678
8.445 0.221661
8.455 0.221644
8.465 0.221626
8.475 0.221609
8.485 0.221592
8.495 0.221574
8.505 0.221556
8.515 0.221539
8.525 0.221521
8.535 0.221503
8.545 0.221486
8.555 0.221468
8.565 0.22145
8.575 0.221432
8.585 0.221414
8.595 0.221396
8.605 0.221378
8.615 0.221359
8.625 0.221341
8.635 0.221323
8.645 0.221305
8.655 0.221286
8.665 0.221268
8.675 0.221249
8.685 0.221231
8.695 0.221212
8.705 0.221194
8.715 0.221175
8.725 0.221156
8.735 0.221138
8.745 0.221119
8.755 0.2211
8.765 0.221081
8.775 0.221062
8.785 0.221043
8.795 0.221024
8.805 0.221005
8.815 0.220986
8.825 0.220967
8.835 0.220948
8.845 0.220928
8.855 0.220909
8.865 0.22089
8.875 0.22087
8.885 0.220851
8.895 0.220831
8.905 0.220812
8.915 0.220792
8.925 0.220773
8.935 0.220753
8.945 0.220734
8.955 0.220714
8.965 0.220694
8.975 0.220674
8.985 0.220654
8.995 0.220635
9.005 0.220615
9.015 0.220595
9.025 0.220575
9.035 0.220555
9.045 0.220535
9.055 0.220515
9.065 0.220495
9.075 0.220474
9.085 0.220454
9.095 0.220434
9.105 0.220414
9.115 0.220393
9.125 0.220373
9.135 0.220353
9.145 0.220332
9.155 0.220312
9.165 0.220291
9.175 0.220271
9.185 0.22025
9.195 0.22023
9.205 0.220209
9.215 0.220188
9.225 0.220168
9.235 0.220147
9.245 0.220126
9.255 0.220106
9.265 0.220085
9.275 0.220064
9.285 0.220043
9.295 0.220022
9.305 0.220001
9.315 0.21998
9.325 0.219959
9.335 0.219938
9.345 0.219917
9.355 0.219896
9.365 0.219875
9.375 0.219854
9.385 0.219833
9.395 0.219812
9.405 0.21979
9.415 0.219769
9.425 0.219748
9.435 0.219727
9.445 0.219705
9.455 0.219684
9.465 0.219663
9.475 0.219641
9.485 0.21962
9.495 0.219598
9.505 0.219577
9.515 0.219555
9.525 0.219534
9.535 0.219512
9.545 0.219491
9.555 0.219469
9.565 0.219448
9.575 0.219426
9.585 0.219404
9.595 0.219383
9.605 0.219361
9.615 0.219339
9.625 0.219317
9.635 0.219296
9.645 0.219274
9.655 0.219252
9.665 0.21923
9.675 0.219208
9.685 0.219186
9.695 0.219165
9.705 0.219143
9.715 0.219121
9.725 0.219099
9.735 0.219077
9.745 0.219055
9.755 0.219033
9.765 0.219011
9.775 0.218989
9.785 0.218967
9.795 0.218944
9.805 0.218922
9.815 0.2189
9.825 0.218878
9.835 0.218856
9.845 0.218834
9.855 0.218811
9.865 0.218789
9.875 0.218767
9.885 0.218745
9.895 0.218723
9.905 0.2187
9.915 0.218678
9.925 0.218656
9.935 0.218633
9.945 0.218611
9.955 0.218589
9.965 0.218566
9.975 0.218544
9.985 0.218521
9.995 0.218499
10.005 0.218476
10.015 0.218454
10.025 0.218432
10.035 0.218409
10.045 0.218387
10.055 0.218364
10.065 0.218342
10.075 0.218319
10.085 0.218296
10.095 0.218274
10.105 0.218251
10.115 0.218229
10.125 0.218206
10.135 0.218184
10.145 0.218161
10.155 0.218138
10.165 0.218116
10.175 0.218093
10.185 0.21807
10.195 0.218048
10.205 0.218025
10.215 0.218002
10.225 0.21798
10.235 0.217957
10.245 0.217934
10.255 0.217911
10.265 0.217889
10.275 0.217866
10.285 0.217843
10.295 0.21782
10.305 0.217797
10.315 0.217775
10.325 0.217752
10.335 0.217729
10.345 0.217706
10.355 0.217683
10.365 0.217661
10.375 0.217638
10.385 0.217615
10.395 0.217592
10.405 0.217569
10.415 0.217546
10.425 0.217523
10.435 0.217501
10.445 0.217478
10.455 0.217455
10.465 0.217432
10.475 0.217409
10.485 0.217386
10.495 0.217363
10.505 0.21734
10.515 0.217317
10.525 0.217294
10.535 0.217271
10.545 0.217248
10.555 0.217225
10.565 0.217202
10.575 0.217179
10.585 0.217156
10.595 0.217133
10.605 0.21711
10.615 0.217087
10.625 0.217064
10.635 0.217041
10.645 0.217018
10.655 0.216995
10.665 0.216972
10.675 0.216949
10.685 0.216926
10.695 0.216903
10.705 0.21688
10.715 0.216857
10.725 0.216834
10.735 0.216811
10.745 0.216788
10.755 0.216765
10.765 0.216742
10.775 0.216719
10.785 0.216696
10.795 0.216673
10.805 0.21665
10.815 0.216627
10.825 0.216604
10.835 0.216581
10.845 0.216558
10.855 0.216535
10.865 0.216512
10.875 0.216489
10.885 0.216466
10.895 0.216443
10.905 0.216419
10.915 0.216396
10.925 0.216373
10.935 0.21635
10.945 0.216327
10.955 0.216304
10.965 0.216281
10.975 0.216258
10.985 0.216235
10.995 0.216212
11.005 0.216189
11.015 0.216166
11.025 0.216143
11.035 0.21612
11.045 0.216097
11.055 0.216074
11.065 0.216051
11.075 0.216028
11.085 0.216005
11.095 0.215981
11.105 0.215958
11.115 0.215935
11.125 0.215912
11.135 0.215889
11.145 0.215866
11.155 0.215843
11.165 0.21582
11.175 0.215797
11.185 0.215774
11.195 0.215751
11.205 0.215728
11.215 0.215705
11.225 0.215682
11.235 0.215659
11.245 0.215636
11.255 0.215613
11.265 0.21559
11.275 0.215567
11.285 0.215544
11.295 0.215521
11.305 0.215498
11.315 0.215475
11.325 0.215452
11.335 0.215429
11.345 0.215406
11.355 0.215383
11.365 0.21536
11.375 0.215337
11.385 0.215314
11.395 0.215291
11.405 0.215268
11.415 0.215246
11.425 0.215223
11.435 0.2152
11.445 0.215177
11.455 0.215154
11.465 0.215131
11.475 0.215108
11.485 0.215085
11.495 0.215062
11.505 0.215039
11.515 0.215016
11.525 0.214994
11.535 0.214971
11.545 0.214948
11.555 0.214925
11.565 0.214902
11.575 0.214879
11.585 0.214856
11.595 0.214834
11.605 0.214811
11.615 0.214788
11.625 0.214765
11.635 0.214742
11.645 0.21472
11.655 0.214697
11.665 0.214674
11.675 0.214651
11.685 0.214628
11.695 0.214606
11.705 0.214583
11.715 0.21456
11.725 0.214537
11.735 0.214515
11.745 0.214492
11.755 0.214469
11.765 0.214447
11.775 0.214424
11.785 0.214401
11.795 0.214378
11.805 0.214356
11.815 0.214333
11.825 0.21431
11.835 0.214288
11.845 0.214265
11.855 0.214242
11.865 0.21422
11.875 0.214197
11.885 0.214175
11.895 0.214152
11.905 0.214129
11.915 0.214107
11.925 0.214084
11.935 0.214062
11.945 0.214039
11.955 0.214017
11.965 0.213994
11.975 0.213971
11.985 0.213949
11.995 0.213926
12.005 0.213904
12.015 0.213881
12.025 0.213859
12.035 0.213836
12.045 0.213814
12.055 0.213792
12.065 0.213769
12.075 0.213747
12.085 0.213724
12.095 0.213702
12.105 0.213679
12.115 0.213657
12.125 0.213635
12.135 0.213612
12.145 0.21359
12.155 0.213567
12.165 0.213545
12.175 0.213523
12.185 0.2135
12.195 0.213478
12.205 0.213456
12.215 0.213434
12.225 0.213411
12.235 0.213389
12.245 0.213367
12.255 0.213344
12.265 0.213322
12.275 0.2133
12.285 0.213278
12.295 0.213256
12.305 0.213233
12.315 0.213211
12.325 0.213189
12.335 0.213167
12.345 0.213145
12.355 0.213123
12.365 0.2131
12.375 0.213078
12.385 0.213056
12.395 0.213034
12.405 0.213012
12.415 0.21299
12.425 0.212968
12.435 0.212946
12.445 0.212924
12.455 0.212902
12.465 0.21288
12.475 0.212858
12.485 0.212836
12.495 0.212814
12.505 0.212792
12.515 0.21277
12.525 0.212748
12.535 0.212726
12.545 0.212704
12.555 0.212682
12.565 0.21266
12.575 0.212638
12.585 0.212617
12.595 0.212595
12.605 0.212573
12.615 0.212551
12.625 0.212529
12.635 0.212507
12.645 0.212486
12.655 0.212464
12.665 0.212442
12.675 0.21242
12.685 0.212399
12.695 0.212377
12.705 0.212355
12.715 0.212333
12.725 0.212312
12.735 0.21229
12.745 0.212268
12.755 0.212247
12.765 0.212225
12.775 0.212204
12.785 0.212182
12.795 0.21216
12.805 0.212139
12.815 0.212117
12.825 0.212096
12.835 0.212074
12.845 0.212053
12.855 0.212031
12.865 0.21201
12.875 0.211988
12.885 0.211967
12.895 0.211945
12.905 0.211924
12.915 0.211902
12.925 0.211881
12.935 0.211859
12.945 0.211838
12.955 0.211817
12.965 0.211795
12.975 0.211774
12.985 0.211753
12.995 0.211731
13.005 0.21171
13.015 0.211689
13.025 0.211667
13.035 0.211646
13.045 0.211625
13.055 0.211604
13.065 0.211582
13.075 0.211561
13.085 0.21154
13.095 0.211519
13.105 0.211498
13.115 0.211476
13.125 0.211455
13.135 0.211434
13.145 0.211413
13.155 0.211392
13.165 0.211371
13.175 0.21135
13.185 0.211329
13.195 0.211308
13.205 0.211287
13.215 0.211266
13.225 0.211245
13.235 0.211224
13.245 0.211203
13.255 0.211182
13.265 0.211161
13.275 0.21114
13.285 0.211119
13.295 0.211098
13.305 0.211077
13.315 0.211056
13.325 0.211036
13.335 0.211015
13.345 0.210994
13.355 0.210973
13.365 0.210952
13.375 0.210932
13.385 0.210911
13.395 0.21089
13.405 0.210869
13.415 0.210849
13.425 0.210828
13.435 0.210807
13.445 0.210786
13.455 0.210766
13.465 0.210745
13.475 0.210725
13.485 0.210704
13.495 0.210683
13.505 0.210663
13.515 0.210642
13.525 0.210622
13.535 0.210601
13.545 0.210581
13.555 0.21056
13.565 0.21054
13.575 0.210519
13.585 0.210499
13.595 0.210478
13.605 0.210458
13.615 0.210437
13.625 0.210417
13.635 0.210397
13.645 0.210376
13.655 0.210356
13.665 0.210336
13.675 0.210315
13.685 0.210295
13.695 0.210275
13.705 0.210254
13.715 0.210234
13.725 0.210214
13.735 0.210194
13.745 0.210173
13.755 0.210153
13.765 0.210133
13.775 0.210113
13.785 0.210093
13.795 0.210073
13.805 0.210052
13.815 0.210032
13.825 0.210012
13.835 0.209992
13.845 0.209972
13.855 0.209952
13.865 0.209932
13.875 0.209912
13.885 0.209892
13.895 0.209872
13.905 0.209852
13.915 0.209832
13.925 0.209812
13.935 0.209792
13.945 0.209772
13.955 0.209753
13.965 0.209733
13.975 0.209713
13.985 0.209693
13.995 0.209673
14.005 0.209653
14.015 0.209634
14.025 0.209614
14.035 0.209594
14.045 0.209574
14.055 0.209555
14.065 0.209535
14.075 0.209515
14.085 0.209495
14.095 0.209476
14.105 0.209456
14.115 0.209436
14.125 0.209417
14.135 0.209397
14.145 0.209378
14.155 0.209358
14.165 0.209339
14.175 0.209319
14.185 0.209299
14.195 0.20928
14.205 0.209261
14.215 0.209241
14.225 0.209222
14.235 0.209202
14.245 0.209183
14.255 0.209163
14.265 0.209144
14.275 0.209125
14.285 0.209105
14.295 0.209086
14.305 0.209066
14.315 0.209047
14.325 0.209028
14.335 0.209009
14.345 0.208989
14.355 0.20897
14.365 0.208951
14.375 0.208932
14.385 0.208912
14.395 0.208893
14.405 0.208874
14.415 0.208855
14.425 0.208836
14.435 0.208817
14.445 0.208798
14.455 0.208778
14.465 0.208759
14.475 0.20874
14.485 0.208721
14.495 0.208702
14.505 0.208683
14.515 0.208664
14.525 0.208645
14.535 0.208626
14.545 0.208607
14.555 0.208588
14.565 0.20857
14.575 0.208551
14.585 0.208532
14.595 0.208513
14.605 0.208494
14.615 0.208475
14.625 0.208456
14.635 0.208438
14.645 0.208419
14.655 0.2084
14.665 0.208381
14.675 0.208363
14.685 0.208344
14.695 0.208325
14.705 0.208306
14.715 0.208288
14.725 0.208269
14.735 0.20825
14.745 0.208232
14.755 0.208213
14.765 0.208195
14.775 0.208176
14.785 0.208158
14.795 0.208139
14.805 0.20812
14.815 0.208102
14.825 0.208083
14.835 0.208065
14.845 0.208046
14.855 0.208028
14.865 0.20801
14.875 0.207991
14.885 0.207973
14.895 0.207954
14.905 0.207936
14.915 0.207918
14.925 0.207899
14.935 0.207881
14.945 0.207863
14.955 0.207844
14.965 0.207826
14.975 0.207808
14.985 0.20779
14.995 0.207771
