#SVE points (r, sigmaR, sigmaZ, sigmaPhi, sigmaMajRestored)
8.9  211.662962525  105.831481262  157.494063056  152.358139342
9.0  211.113964616  105.556982308  157.046460139  151.927260147
9.1  210.575161152  105.287580576  156.606833032  151.504075965
9.2  210.046418412  105.023209206  156.175074323  151.088483307
9.3  209.527603853  104.763801926  155.75107764  150.680379679
9.4  209.018586098  104.509293049  155.334737642  150.279663578
9.5  208.519234935  104.259617468  154.925950013  149.886234484
9.6  208.029421308  104.014710654  154.524611455  149.499992852
9.7  207.549017312  103.774508656  154.130619679  149.120840106
9.8  207.077896186  103.538948093  153.743873398  148.748678633
9.9  206.615932308  103.307966154  153.364272323  148.383411775
10.0  206.16300119  103.081500595  152.991717153  148.024943823
10.1  205.718979469  102.859489734  152.626109569  147.673180011
10.2  205.283744902  102.641872451  152.267352227  147.328026508
10.3  204.857176361  102.42858818  151.91534875  146.989390411
10.4  204.439153826  102.219576913  151.570003723  146.657179742
10.5  204.029558381  102.01477919  151.231222685  146.331303436
10.6  203.628272202  101.814136101  150.898912122  146.01167134
10.7  203.23517856  101.61758928  150.57297946  145.698194202
10.8  202.850161807  101.425080903  150.253333061  145.390783668
10.9  202.473107373  101.236553686  149.939882211  145.089352274
11.0  202.103901761  101.051950881  149.632537118  144.793813439
11.1  201.74243254  100.87121627  149.331208904  144.50408146
11.2  201.388588339  100.694294169  149.035809597  144.220071505
11.3  201.042258839  100.521129419  148.746252125  143.941699607
11.4  200.70333477  100.351667385  148.462450311  143.668882657
11.5  200.371707906  100.185853953  148.184318865  143.401538399
11.6  200.047271053  100.023635526  147.911773377  143.139585424
11.7  199.729918049  99.8649590246  147.644730313  142.882943162
11.8  199.419543756  99.7097718782  147.383107006  142.631531876
11.9  199.116044054  99.5580220269  147.126821649  142.38527266
12.0  198.819315833  99.4096579163  146.875793293  142.144087428
12.1  198.52925699  99.2646284949  146.629941836  141.907898908
12.2  198.245766423  99.1228832114  146.389188019  141.676630641
12.3  197.968744022  98.9843720111  146.153453418  141.45020697
12.4  197.698090667  98.8490453336  145.922660442  141.228553036
12.5  197.433708219  98.7168541096  145.696732321  141.011594774
12.6  197.175499515  98.5877497577  145.475593104  140.799258902
12.7  196.923368363  98.4616841816  145.259167652  140.59147292
12.8  196.677219535  98.3386097674  145.047381629  140.388165103
12.9  196.43695876  98.2184793802  144.840161502  140.189264493
13.0  196.202492723  98.1012463614  144.637434527  139.994700898
13.1  195.973729052  97.986864526  144.439128752  139.804404879
13.2  195.750576318  97.875288159  144.245173003  139.618307751
13.3  195.532944026  97.7664720131  144.055496882  139.436341576
13.4  195.320742611  97.6603713056  143.870030761  139.258439154
13.5  195.11388343  97.5569417152  143.688705777  139.08453402
13.6  194.912278759  97.4561393796  143.511453821  138.914560439
13.7  194.715841784  97.3579208919  143.338207539  138.748453398
13.8  194.524486597  97.2622432987  143.168900323  138.586148605
13.9  194.338128192  97.1690640959  143.003466305  138.427582476
14.0  194.156682454  97.0783412272  142.84184035  138.272692138
14.1  193.98006616  96.99003308  142.683958054  138.121415417
14.2  193.808196967  96.9040984833  142.529755736  137.973690837
14.3  193.640993409  96.8204967047  142.379170432  137.829457611
14.4  193.478374894  96.7391874471  142.232139891  137.688655639
14.5  193.320261693  96.6601308464  142.088602568  137.551225501
14.6  193.166574937  96.5832874684  141.948497618  137.41710845
14.7  193.017236612  96.5086183058  141.811764893  137.286246412
14.8  192.872169551  96.4360847757  141.678344935  137.158581973
14.9  192.731297433  96.3656487166  141.548178969  137.034058382
15.0  192.594544771  96.2972723854  141.421208901  136.91261954
15.0  192.594544771  96.2972723854  141.421208901  136.91261954
15.1  192.46183691  96.2309184549  141.297377308  136.794209996
15.2  192.333100021  96.1665500107  141.176627439  136.678774946
15.3  192.208261097  96.1041305487  141.058903202  136.56626022
15.4  192.087247944  96.043623972  140.944149167  136.456612286
15.5  191.969989177  95.9849945884  140.832310553  136.349778237
15.6  191.856414215  95.9282071074  140.723333228  136.245705791
15.7  191.746453275  95.8732266374  140.6171637  136.144343285
15.8  191.640037366  95.8200186831  140.513749116  136.045639667
15.9  191.537098286  95.7685491428  140.413037255  135.949544497
16.0  191.43756861  95.7187843052  140.314976519  135.856007936
16.1  191.341381695  95.6706908474  140.219515936  135.764980745
16.2  191.248471663  95.6242358313  140.126605145  135.676414278
16.3  191.158773403  95.5793867017  140.036194402  135.59026048
16.4  191.072222566  95.5361112828  139.948234565  135.506471878
16.5  190.988755553  95.4943777763  139.862677095  135.425001579
16.6  190.908309516  95.454154758  139.77947405  135.345803265
16.7  190.830822351  95.4154111754  139.698578076  135.268831189
16.8  190.75623269  95.378116345  139.61994241  135.194040169
16.9  190.6844799  95.3422399498  139.543520868  135.121385582
17.0  190.615504073  95.3077520363  139.469267842  135.050823363
17.1  190.549246024  95.2746230118  139.397138298  134.982309997
17.2  190.485647285  95.2428236423  139.327087769  134.915802517
17.3  190.424650098  95.2123250492  139.259072347  134.851258496
17.4  190.366197414  95.1830987071  139.193048687  134.788636049
17.5  190.310232882  95.1551164409  139.128973991  134.727893819
17.6  190.256700847  95.1283504234  139.066806015  134.668990981
17.7  190.205546345  95.1027731726  139.006503053  134.611887233
17.8  190.156715098  95.078357549  138.948023943  134.556542793
17.9  190.110153506  95.0550767531  138.891328053  134.502918396
18.0  190.065808646  95.0329043229  138.836375284  134.450975284
18.1  190.023628262  95.0118141312  138.78312606  134.40067521
18.2  189.983560766  94.9917803831  138.731541326  134.351980426
18.3  189.945555226  94.9727776132  138.681582544  134.304853683
18.4  189.909561367  94.9547806837  138.633211687  134.259258227
18.5  189.875529562  94.9377647811  138.586391235  134.21515779
18.6  189.843410828  94.921705414  138.541084172  134.172516594
18.7  189.813156821  94.9065784107  138.497253979  134.131299337
18.8  189.784719833  94.8923599166  138.454864632  134.091471196
18.9  189.758052783  94.8790263916  138.413880595  134.052997821
19.0  189.733109215  94.8665546077  138.374266818  134.01584533
19.1  189.709843293  94.8549216465  138.335988735  133.979980304
19.2  189.688209793  94.8441048966  138.299012252  133.945369786
19.3  189.668164103  94.8340820515  138.263303751  133.911981274
19.4  189.649662213  94.8248311067  138.22883008  133.879782719
19.5  189.632660715  94.8163303576  138.195558554  133.848742518
19.6  189.617116794  94.8085583969  138.163456944  133.818829513
19.7  189.602988224  94.8014941122  138.13249348  133.790012988
19.8  189.590233367  94.7951166835  138.102636843  133.762262661
19.9  189.578811162  94.7894055809  138.07385616  133.735548681
20.0  189.568681125  94.7843405624  138.046121004  133.709841628
20.1  189.559803342  94.7799016711  138.019401385  133.685112504
20.2  189.552138466  94.7760692331  137.99366775  133.661332734
20.3  189.54564771  94.7728238549  137.968890976  133.638474156
20.4  189.540292843  94.7701464215  137.94504237  133.616509025
20.5  189.536036187  94.7680180935  137.92209366  133.595410002
20.6  189.53284061  94.7664203051  137.900016995  133.575150154
20.7  189.530669524  94.7653347618  137.878784939  133.555702949
20.8  189.529486876  94.7647434379  137.858370467  133.537042254
20.9  189.529257148  94.7646285742  137.838746964  133.519142329
21.0  189.529945352  94.7649726758  137.819888218  133.501977825
21.1  189.53151702  94.7657585099  137.801768416  133.48552378
21.2  189.533938207  94.7669691033  137.784362145  133.469755613
21.3  189.537175481  94.7685877403  137.767644381  133.454649124
21.4  189.541195921  94.7705979604  137.751590491  133.44018049
21.5  189.545967112  94.772983556  137.736176226  133.426326258
21.6  189.55145714  94.7757285702  137.721377721  133.413063345
21.7  189.557634589  94.7788172946  137.707171486  133.400369032
21.8  189.564468534  94.782234267  137.693534408  133.388220963
21.9  189.571928539  94.7859642695  137.680443743  133.376597141
22.0  189.579984651  94.7899923257  137.667877114  133.36547592
22.1  189.588607398  94.7943036992  137.655812508  133.354836009
22.2  189.597767782  94.798883891  137.644228273  133.344656464
22.3  189.607437274  94.8037186372  137.63310311  133.334916684
22.4  189.617587815  94.8087939076  137.622416077  133.32559641
22.5  189.628191805  94.8140959025  137.612146578  133.316675722
22.6  189.639222103  94.8196110515  137.602274366  133.308135032
22.7  189.650652022  94.8253260108  137.592779535  133.299955084
22.8  189.662455322  94.8312276612  137.583642516  133.29211695
22.9  189.674606213  94.8373031064  137.57484408  133.284602027
23.0  189.68707934  94.8435396701  137.566365327  133.277392033
23.1  189.69984979  94.8499248948  137.558187686  133.270469002
23.2  189.712893078  94.8564465392  137.550292913  133.263815286
23.3  189.726185152  94.8630925761  137.542663087  133.257413546
23.4  189.739702381  94.8698511907  137.535280603  133.251246752
23.5  189.753421557  94.8767107783  137.528128174  133.245298181
23.6  189.767319885  94.8836599425  137.521188825  133.23955141
23.7  189.781374985  94.8906874926  137.51444589  133.233990316
23.8  189.795564885  94.8977824425  137.507883008  133.228599072
23.9  189.809868016  94.9049340079  137.501484124  133.223362143
24.0  189.824263209  94.9121316047  137.495233479  133.218264285
24.1  189.838729694  94.919364847  137.489115613  133.213290539
24.2  189.85324709  94.926623545  137.483115358  133.208426231
24.3  189.867795406  94.9338977032  137.477217837  133.203656969
24.4  189.882355036  94.9411775182  137.471408459  133.198968637
24.5  189.896906754  94.9484533772  137.46567292  133.194347393
24.6  189.911431711  94.9557158556  137.459997193  133.18977967
24.7  189.925911431  94.9629557154  137.454367533  133.185252167
24.8  189.940327806  94.970163903  137.448770468  133.18075185
24.9  189.954663096  94.9773315478  137.443192797  133.176265949
25.0  189.968899919  94.9844499597  137.437621592  133.171781954
25.1  189.983021256  94.9915106278  137.432044187  133.167287612
25.2  189.997010436  94.998505218  137.426448181  133.162770925
25.3  190.010851143  95.0054255716  137.420821434  133.158220147
25.4  190.024527407  95.0122637033  137.415152063  133.15362378
25.5  190.038023598  95.0190117992  137.409428438  133.148970576
25.6  190.05132443  95.0256622151  137.403639184  133.144249525
25.7  190.06441495  95.0322074749  137.397773172  133.139449863
25.8  190.077280537  95.0386402683  137.391819521  133.134561062
25.9  190.089906899  95.0449534497  137.385767592  133.129572828
26.0  190.102280071  95.0511400356  137.379606988  133.124475102
26.1  190.114386407  95.0571932036  137.373327547  133.119258056
26.2  190.12621258  95.0631062902  137.366919347  133.113912085
26.3  190.137745578  95.0688727889  137.360372693  133.108427815
26.4  190.148972698  95.0744863491  137.353678124  133.10279609
26.5  190.159881547  95.0799407737  137.346826404  133.097007975
26.6  190.170460036  95.0852300178  137.339808521  133.091054753
26.7  190.180696374  95.0903481868  137.332615686  133.084927919
26.8  190.190579069  95.0952895346  137.325239328  133.078619184
26.9  190.200096925  95.1000484623  137.317671093  133.072120466
27.0  190.209239032  95.1046195162  137.309902842  133.06542389
27.1  190.217994772  95.1089973861  137.301926646  133.058521787
27.2  190.226353808  95.1131769039  137.293734784  133.051406689
27.3  190.234306084  95.1171530418  137.285319745  133.044071328
27.4  190.241841821  95.1209209105  137.276674218  133.036508635
27.5  190.248951516  95.1244757578  137.267791094  133.028711734
27.6  190.255625934  95.1278129672  137.258663465  133.020673941
27.7  190.261856111  95.1309280556  137.249284618  133.012388764
27.8  190.267633345  95.1338166723  137.239648034  133.003849897
27.9  190.272949195  95.1364745974  137.229747384  132.995051223
28.0  190.27779548  95.1388977398  137.219576532  132.985986803
28.1  190.282164272  95.1410821359  137.209129526  132.976650883
28.2  190.286047896  95.1430239482  137.198400597  132.967037885
28.3  190.289438927  95.1447194635  137.187384163  132.95714241
28.4  190.292330183  95.1461650914  137.176074816  132.94695923
28.5  190.294714726  95.1473573628  137.16446733  132.936483292
28.6  190.296585857  95.1482929285  137.152556652  132.925709709
28.7  190.297937115  95.1489685576  137.140337902  132.914633764
28.8  190.298762272  95.149381136  137.127806371  132.903250905
28.9  190.299055329  95.1495276646  137.114957518  132.891556742
29.0  190.298810517  95.1494052587  137.101786968  132.879547047
29.1  190.298022291  95.1490111454  137.08829051  132.86721775
29.2  190.296685326  95.1483426631  137.074464096  132.854564938
29.3  190.294794519  95.1473972595  137.060303835  132.841584852
29.4  190.292344981  95.1461724903  137.045805997  132.828273887
29.5  190.289332036  95.1446660179  137.030967002  132.814628586
29.6  190.28575122  95.1428756099  137.015783429  132.800645642
29.7  190.281598275  95.1407991373  137.000252004  132.786321895
29.8  190.276869148  95.1384345741  136.984369603  132.771654326
29.9  190.271559989  95.1357799947  136.968133249  132.756640062
30.0  190.265667147  95.1328335733  136.951540111  132.741276368
30.0  190.265667147  95.1328335733  136.951540111  132.741276368
30.1  190.259187165  95.1295935826  136.934587497  132.725560647
30.2  190.252116783  95.1260583917  136.91727286  132.709490441
30.3  190.244452931  95.1222264656  136.89959379  132.693063424
30.4  190.236192727  95.1180963633  136.881548012  132.676277402
30.5  190.227333473  95.1136667366  136.863133389  132.659130313
30.6  190.217872658  95.1089363289  136.844347913  132.641620224
30.7  190.207807948  95.103903974  136.82518971  132.623745327
30.8  190.197137188  95.0985685942  136.805657034  132.605503939
30.9  190.1858584  95.0929291998  136.785748264  132.586894502
31.0  190.173969775  95.0869848873  136.765461907  132.567915576
31.1  190.161469676  95.0807348381  136.744796591  132.548565844
31.2  190.148356635  95.0741783177  136.723751065  132.528844104
31.3  190.134629348  95.0673146738  136.7023242  132.50874927
31.4  190.120286671  95.0601433357  136.680514982  132.48828037
31.5  190.105327625  95.0526638126  136.658322514  132.467436545
31.6  190.089751385  95.0448756925  136.635746011  132.446217046
31.7  190.073557282  95.0367786411  136.612784804  132.424621231
31.8  190.056744801  95.0283724004  136.58943833  132.402648568
31.9  190.039313576  95.0196567878  136.565706138  132.380298628
32.0  190.021263389  95.0106316945  136.541587882  132.357571086
32.1  190.002594169  95.0012970845  136.51708332  132.334465718
32.2  189.983305988  94.9916529938  136.492192316  132.310982403
32.3  189.963399057  94.9816995284  136.466914835  132.287121115
32.4  189.942873728  94.9714368641  136.441250939  132.262881927
32.5  189.921730489  94.9608652445  136.415200793  132.238265008
32.6  189.899969961  94.9499849806  136.388764655  132.213270617
32.7  189.877592898  94.9387964491  136.36194288  132.187899108
32.8  189.854600183  94.9273000915  136.334735914  132.162150926
32.9  189.830992827  94.9154964133  136.307144297  132.136026603
33.0  189.806771964  94.9033859822  136.279168657  132.109526759
33.1  189.781938855  94.8909694277  136.250809713  132.082652099
33.2  189.756494879  94.8782474396  136.222068269  132.055403414
33.3  189.730441534  94.8652207671  136.192945215  132.027781575
33.4  189.703780435  94.8518902177  136.163441524  131.999787538
33.5  189.676513312  94.8382566562  136.133558251  131.971422335
33.6  189.648642007  94.8243210033  136.103296534  131.942687079
33.7  189.62016847  94.8100842351  136.072657588  131.913582957
33.8  189.591094764  94.7955473819  136.041642706  131.884111234
33.9  189.561423054  94.7807115269  136.010253258  131.854273247
34.0  189.531155611  94.7655778054  135.978490687  131.824070406
34.1  189.500294808  94.7501474038  135.946356512  131.793504193
34.2  189.468843118  94.7344215588  135.913852321  131.762576159
34.3  189.436803112  94.7184015558  135.880979773  131.731287921
34.4  189.404177457  94.7020887287  135.847740599  131.699641167
34.5  189.370968917  94.6854844583  135.814136592  131.667637646
34.6  189.337180343  94.6685901716  135.780169617  131.635279176
34.7  189.302814682  94.651407341  135.745841599  131.602567634
34.8  189.267874966  94.6339374831  135.711154529  131.56950496
34.9  189.232364316  94.6161821578  135.676110459  131.536093153
35.0  189.196285935  94.5981429675  135.640711502  131.502334272
35.1  189.159643112  94.579821556  135.604959831  131.468230434
35.2  189.122439216  94.5612196078  135.568857676  131.433783812
35.3  189.084677694  94.542338847  135.532407325  131.398996632
35.4  189.046362073  94.5231810367  135.495611119  131.363871176
35.5  189.007495955  94.5037479776  135.458471456  131.328409778
35.6  188.968083015  94.4840415077  135.420990785  131.292614823
35.7  188.928127002  94.4640635009  135.383171607  131.256488747
35.8  188.887631733  94.4438158667  135.345016475  131.220034032
35.9  188.846601097  94.4233005487  135.306527989  131.183253212
36.0  188.805039049  94.4025195243  135.267708797  131.146148864
36.1  188.762949607  94.3814748037  135.228561596  131.108723613
36.2  188.720336858  94.3601684289  135.189089125  131.070980124
36.3  188.677204946  94.338602473  135.149294171  131.03292111
36.4  188.633558079  94.3167790395  135.109179562  130.994549323
36.5  188.589400522  94.2947002612  135.068748169  130.955867557
36.6  188.544736599  94.2723682997  135.028002902  130.916878643
36.7  188.499570689  94.2497853444  134.986946713  130.877585455
36.8  188.453907224  94.226953612  134.945582591  130.8379909
36.9  188.407750691  94.2038753453  134.903913564  130.798097924
37.0  188.361105625  94.1805528127  134.861942695  130.757909508
37.1  188.313976615  94.1569883075  134.819673083  130.717428666
37.2  188.266368294  94.133184147  134.777107861  130.676658446
37.3  188.218285343  94.1091426717  134.734250195  130.63560193
37.4  188.169732489  94.0848662447  134.691103284  130.594262227
37.5  188.120714502  94.060357251  134.647670356  130.552642479
37.6  188.071236193  94.0356180966  134.603954671  130.510745857
37.7  188.021302416  94.010651208  134.559959518  130.46857556
37.8  187.970918063  93.9854590313  134.515688211  130.426134813
37.9  187.920088063  93.9600440316  134.471144096  130.383426867
38.0  187.868817385  93.9344086923  134.426330539  130.340455001
38.1  187.817111029  93.9085555143  134.381250937  130.297222515
38.2  187.764974031  93.8824870156  134.335908706  130.253732734
38.3  187.71241146  93.8562057302  134.290307289  130.209989005
38.4  187.659428416  93.8297142078  134.244450147  130.165994697
38.5  187.606030026  93.8030150132  134.198340767  130.121753198
38.6  187.55222145  93.7761107252  134.151982652  130.077267917
38.7  187.498007873  93.7490039363  134.105379326  130.032542282
38.8  187.443394504  93.7216972521  134.058534332  129.987579737
38.9  187.388386581  93.6941932905  134.011451231  129.942383745
39.0  187.332989362  93.666494681  133.964133597  129.896957785
39.1  187.277208129  93.6386040644  133.916585025  129.851305349
39.2  187.221048184  93.610524092  133.86880912  129.805429947
39.3  187.16451485  93.582257425  133.820809505  129.7593351
39.4  187.107613468  93.5538067339  133.772589814  129.713024342
39.5  187.050349396  93.5251746979  133.724153694  129.666501221
39.6  186.992728009  93.4963640043  133.675504802  129.619769294
39.7  186.934754696  93.4673773481  133.626646809  129.572832129
39.8  186.876434863  93.4382174314  133.577583393  129.525693303
39.9  186.817773925  93.4088869624  133.528318242  129.478356405
40.0  186.758777311  93.3793886555  133.478855053  129.430825027
40.1  186.699450461  93.3497252304  133.42919753  129.383102773
40.2  186.639798823  93.3198994115  133.379349383  129.335193251
40.3  186.579827855  93.2899139275  133.329314329  129.287100076
40.4  186.519543022  93.2597715108  133.279096091  129.238826867
40.5  186.458949794  93.2294748972  133.228698394  129.190377248
40.6  186.39805365  93.1990268251  133.17812497  129.141754847
40.7  186.33686007  93.168430035  133.127379552  129.092963295
40.8  186.275374538  93.1376872691  133.076465876  129.044006225
40.9  186.213602542  93.1068012711  133.025387679  128.994887271
41.0  186.15154957  93.075774785  132.974148701  128.945610069
41.1  186.089221111  93.0446105553  132.922752679  128.896178256
41.2  186.026622652  93.013311326  132.871203352  128.846595466
41.3  185.963759682  92.9818798408  132.819504458  128.796865335
41.4  185.900637683  92.9503188417  132.767659733  128.746991495
41.5  185.837262139  92.9186310695  132.71567291  128.696977577
41.6  185.773638525  92.8868192625  132.663547719  128.646827209
41.7  185.709772314  92.8548861569  132.611287887  128.596544015
41.8  185.645668971  92.8228344854  132.558897138  128.546131615
41.9  185.581333956  92.7906669778  132.506379188  128.495593626
42.0  185.516772719  92.7583863596  132.45373775  128.444933657
42.1  185.451990705  92.7259953524  132.400976531  128.394155312
42.2  185.386993346  92.6934966729  132.34809923  128.343262191
42.3  185.321786065  92.6608930327  132.295109539  128.292257882
42.4  185.256374276  92.6281871381  132.242011143  128.241145971
42.5  185.190763378  92.5953816892  132.188807719  128.189930033
42.6  185.12495876  92.56247938  132.135502934  128.138613633
42.7  185.058965796  92.5294828979  132.082100446  128.087200331
42.8  184.992789846  92.496394923  132.028603903  128.035693673
42.9  184.926436256  92.4632181281  131.975016943  127.984097197
43.0  184.859910357  92.4299551783  131.921343192  127.932414431
43.1  184.793217461  92.3966087303  131.867586265  127.880648891
43.2  184.726362865  92.3631814323  131.813749765  127.82880408
43.3  184.659351848  92.3296759239  131.759837284  127.776883491
43.4  184.59218967  92.2960948351  131.705852397  127.724890603
43.5  184.524881573  92.2624407865  131.651798669  127.672828882
43.6  184.457432778  92.2287163888  131.597679651  127.620701781
43.7  184.389848485  92.1949242425  131.543498877  127.56851274
43.8  184.322133875  92.1610669374  131.489259868  127.516265181
43.9  184.254294105  92.1271470524  131.43496613  127.463962515
44.0  184.186334311  92.0931671553  131.380621151  127.411608136
44.1  184.118259605  92.0591298025  131.326228406  127.359205421
44.2  184.050075076  92.0250375382  131.271791351  127.306757734
44.3  183.98178579  91.9908928948  131.217313425  127.25426842
44.4  183.913396784  91.9566983922  131.162798051  127.201740807
44.5  183.844913075  91.9224565375  131.108248632  127.149178206
44.6  183.77633965  91.888169825  131.053668555  127.096583912
44.7  183.707681471  91.8538407356  130.999061187  127.0439612
44.8  183.638943473  91.8194717366  130.944429876  126.991313327
44.9  183.570130563  91.7850652816  130.88977795  126.93864353
45.0  183.50124762  91.7506238101  130.835108719  126.885955029
45.0  183.50124762  91.7506238101  130.835108719  126.885955029
45.1  183.432299494  91.7161497472  130.780425471  126.833251022
45.2  183.363291007  91.6816455035  130.725731475  126.78053469
45.3  183.294226949  91.6471134747  130.671029978  126.727809191
45.4  183.225112083  91.6125560415  130.616324207  126.675077665
45.5  183.155951138  91.5779755691  130.561617364  126.622343227
45.6  183.086748815  91.5433744073  130.506912635  126.569608976
45.7  183.01750978  91.5087548901  130.452213178  126.516877985
45.8  182.948238671  91.4741193353  130.397522133  126.464153308
45.9  182.87894009  91.4394700448  130.342842614  126.411437976
46.0  182.809618607  91.4048093036  130.288177713  126.358734996
46.1  182.740278761  91.3701393805  130.233530499  126.306047356
46.2  182.670925054  91.3354625272  130.178904018  126.253378017
46.3  182.601561956  91.3007809782  130.124301289  126.200729918
46.4  182.532193902  91.2660969509  130.06972531  126.148105977
46.5  182.462825291  91.2314126453  130.015179054  126.095509084
46.6  182.393460487  91.1967302435  129.960665467  126.042942108
46.7  182.32410382  91.1620519101  129.906187471  125.990407893
46.8  182.254759583  91.1273797913  129.851747965  125.937909257
46.9  182.185432031  91.0927160154  129.797349819  125.885448995
47.0  182.116125385  91.0580626923  129.74299588  125.833029877
47.1  182.046843826  91.0234219131  129.688688967  125.780654646
47.2  181.977591501  90.9887957505  129.634431874  125.728326021
47.3  181.908372517  90.9541862583  129.580227367  125.676046696
47.4  181.839190942  90.9195954711  129.526078188  125.623819336
47.5  181.770050809  90.8850254047  129.471987049  125.571646584
47.6  181.70095611  90.8504780551  129.417956638  125.519531053
47.7  181.631910799  90.8159553994  129.363989613  125.467475333
47.8  181.562918789  90.7814593946  129.310088606  125.415481984
47.9  181.493983957  90.7469919784  129.256256222  125.363553542
48.0  181.425110137  90.7125550683  129.202495037  125.311692514
48.1  181.356301124  90.6781505622  129.148807598  125.259901381
48.2  181.287560675  90.6437803376  129.095196427  125.208182595
48.3  181.218892504  90.609446252  129.041664014  125.156538583
48.4  181.150300285  90.5751501423  128.988212824  125.104971743
48.5  181.081787651  90.5408938253  128.934845291  125.053484446
48.6  181.013358194  90.5066790969  128.88156382  125.002079032
48.7  180.945015466  90.4725077328  128.828370789  124.950757817
48.8  180.876762975  90.4383814875  128.775268546  124.899523086
48.9  180.80860419  90.4043020949  128.722259409  124.848377098
49.0  180.740542536  90.370271268  128.669345668  124.797322082
49.1  180.672581397  90.3362906986  128.616529583  124.746360237
49.2  180.604724115  90.3023620577  128.563813384  124.695493737
49.3  180.536973989  90.2684869947  128.511199273  124.644724724
49.4  180.469334276  90.2346671382  128.458689419  124.594055314
49.5  180.40180819  90.2009040952  128.406285965  124.54348759
49.6  180.334398903  90.1671994513  128.353991021  124.493023609
49.7  180.267109541  90.1335547706  128.301806669  124.442665399
49.8  180.199943192  90.0999715959  128.24973496  124.392414958
49.9  180.132902897  90.0664514483  128.197777914  124.342274253
50.0  180.065991654  90.0329958271  128.145937522  124.292245224
50.1  179.99921242  89.9996062101  128.094215746  124.24232978
50.2  179.932568106  89.9662840532  128.042614513  124.192529802
50.3  179.866061582  89.9330307908  127.991135724  124.142847141
50.4  179.79969567  89.8998478351  127.939781247  124.093283616
50.5  179.733473153  89.8667365767  127.888552921  124.04384102
50.6  179.667396768  89.8336983841  127.837452554  123.994521113
50.7  179.601469208  89.8007346041  127.786481921  123.945325628
50.8  179.535693123  89.7678465613  127.73564277  123.896256267
50.9  179.470071117  89.7350355584  127.684936816  123.8473147
51.0  179.404605752  89.7023028762  127.634365743  123.798502571
51.1  179.339299546  89.6696497732  127.583931206  123.749821492
51.2  179.274154972  89.6370774862  127.533634828  123.701273045
51.3  179.209174459  89.6045872295  127.483478201  123.652858782
51.4  179.144360392  89.5721801958  127.433462886  123.604580226
51.5  179.079715111  89.5398575553  127.383590414  123.556438869
51.6  179.015240913  89.5076204564  127.333862284  123.508436174
51.7  178.950940051  89.4754700253  127.284279966  123.460573574
51.8  178.886814732  89.4434073661  127.234844897  123.41285247
51.9  178.822867122  89.4114335608  127.185558486  123.365274236
52.0  178.759099339  89.3795496693  127.136422107  123.317840214
52.1  178.695513459  89.3477567297  127.087437106  123.270551717
52.2  178.632111515  89.3160557576  127.038604799  123.223410029
52.3  178.568895494  89.2844477469  126.989926469  123.176416401
52.4  178.505867339  89.2529336694  126.94140337  123.129572057
52.5  178.44302895  89.2215144748  126.893036723  123.082878191
52.6  178.380382182  89.190191091  126.844827722  123.036335966
52.7  178.317928847  89.1589644237  126.796777526  122.989946516
52.8  178.255670714  89.1278353569  126.748887267  122.943710945
52.9  178.193609505  89.0968047526  126.701158045  122.897630327
53.0  178.131746902  89.0658734509  126.653590929  122.851705707
53.1  178.070084541  89.0350422703  126.606186959  122.805938101
53.2  178.008624015  89.0043120073  126.558947143  122.760328494
53.3  177.947366873  88.9736834367  126.511872459  122.714877843
53.4  177.886314623  88.9431573116  126.464963857  122.669587075
53.5  177.825468727  88.9127343635  126.418222253  122.624457086
53.6  177.764830605  88.8824153024  126.371648536  122.579488747
53.7  177.704401633  88.8522008164  126.325243563  122.534682895
53.8  177.644183145  88.8220915725  126.279008163  122.49004034
53.9  177.584176432  88.792088216  126.232943134  122.445561865
54.0  177.524382742  88.7621913709  126.187049243  122.401248221
54.1  177.46480328  88.73240164  126.141327228  122.357100131
54.2  177.405439209  88.7027196045  126.0957778  122.31311829
54.3  177.34629165  88.6731458248  126.050401637  122.269303364
54.4  177.28736168  88.6436808399  126.005199389  122.22565599
54.5  177.228650336  88.6143251679  125.960171677  122.182176776
54.6  177.170158612  88.5850793059  125.915319092  122.138866303
54.7  177.11188746  88.5559437299  125.870642195  122.095725123
54.8  177.05383779  88.5269188952  125.826141521  122.052753761
54.9  176.996010473  88.4980052364  125.781817573  122.00995271
55.0  176.938406335  88.4692031674  125.737670828  121.967322441
55.1  176.881026163  88.4405130814  125.69370173  121.924863392
55.2  176.823870702  88.4119353511  125.6499107  121.882575976
55.3  176.766940658  88.3834703288  125.606298127  121.840460577
55.4  176.710236693  88.3551183465  125.562864371  121.798517553
55.5  176.653759432  88.326879716  125.519609767  121.756747234
55.6  176.597509458  88.2987547288  125.47653462  121.715149921
55.7  176.541487313  88.2707436563  125.433639207  121.67372589
55.8  176.4856935  88.2428467501  125.390923777  121.632475391
55.9  176.430128484  88.2150642418  125.348388553  121.591398643
56.0  176.374792687  88.1873963434  125.306033728  121.550495843
56.1  176.319686494  88.1598432468  125.263859471  121.509767158
56.2  176.26481025  88.1324051249  125.22186592  121.46921273
56.3  176.210164261  88.1050821307  125.180053188  121.428832675
56.4  176.155748796  88.077874398  125.138421362  121.388627083
56.5  176.101564083  88.0507820414  125.0969705  121.348596016
56.6  176.047610312  88.0238051561  125.055700635  121.308739512
56.7  175.993887637  87.9969438187  125.014611772  121.269057584
56.8  175.940396173  87.9701980864  124.973703892  121.229550217
56.9  175.887135996  87.9435679978  124.932976948  121.190217372
57.0  175.834107146  87.917053573  124.892430868  121.151058985
57.1  175.781309626  87.8906548132  124.852065553  121.112074968
57.2  175.728743403  87.8643717014  124.81188088  121.073265204
57.3  175.676408404  87.838204202  124.771876699  121.034629557
57.4  175.624304523  87.8121522613  124.732052836  120.996167861
57.5  175.572431615  87.7862158077  124.692409091  120.957879929
57.6  175.520789503  87.7603947513  124.65294524  120.91976555
57.7  175.469377969  87.7346889846  124.613661032  120.881824486
57.8  175.418196764  87.7090983822  124.574556194  120.844056477
57.9  175.367245603  87.6836228014  124.535630428  120.80646124
58.0  175.316524163  87.6582620816  124.496883411  120.769038468
58.1  175.266032091  87.6330160453  124.458314797  120.73178783
58.2  175.215768995  87.6078844976  124.419924214  120.694708971
58.3  175.165734453  87.5828672265  124.381711269  120.657801515
58.4  175.115928006  87.5579640031  124.343675544  120.621065063
58.5  175.066349164  87.5331745819  124.305816598  120.584499192
58.6  175.016997401  87.5084987004  124.268133968  120.548103458
58.7  174.96787216  87.48393608  124.230627166  120.511877393
58.8  174.918972851  87.4594864253  124.193295682  120.475820508
58.9  174.87029885  87.4351494249  124.156138986  120.439932294
59.0  174.821849503  87.4109247514  124.119156521  120.404212217
59.1  174.773624122  87.3868120611  124.082347713  120.368659723
59.2  174.72562199  87.3628109949  124.045711963  120.333274238
59.3  174.677842356  87.3389211778  124.00924865  120.298055165
59.4  174.630284439  87.3151422193  123.972957134  120.263001886
59.5  174.582947427  87.2914737136  123.936836751  120.228113765
59.6  174.535830479  87.2679152396  123.900886819  120.193390143
59.7  174.488932722  87.2444663612  123.865106631  120.158830341
59.8  174.442253255  87.2211266273  123.829495463  120.124433662
59.9  174.395791144  87.1978955722  123.794052569  120.090199386
60.0  174.349545431  87.1747727154  123.758777184  120.056126775
60.0  174.349545431  87.1747727154  123.758777184  120.056126775
60.1  174.303515124  87.151757562  123.723668521  120.022215073
60.2  174.257699205  87.1288496027  123.688725775  119.988463502
60.3  174.212096628  87.1060483141  123.65394812  119.954871267
60.4  174.166706318  87.083353159  123.619334713  119.921437553
60.5  174.121527172  87.060763586  123.584884688  119.888161527
60.6  174.07655806  87.0382790302  123.550597164  119.855042338
60.7  174.031797826  87.0158989132  123.516471239  119.822079117
60.8  173.987245286  86.993622643  123.482505994  119.789270975
60.9  173.942899229  86.9714496147  123.448700491  119.756617007
61.0  173.89875842  86.9493792101  123.415053773  119.724116292
61.1  173.854821597  86.9274107983  123.381564867  119.691767888
61.2  173.811087471  86.9055437353  123.348232781  119.659570838
61.3  173.76755473  86.8837773649  123.315056507  119.627524169
61.4  173.724222037  86.8621110184  123.282035018  119.595626891
61.5  173.681088029  86.8405440146  123.249167273  119.563877995
61.6  173.638151321  86.8190756606  123.216452212  119.532276459
61.7  173.595410503  86.7977052513  123.18388876  119.500821245
61.8  173.55286414  86.77643207  123.151475823  119.469511296
61.9  173.510510776  86.7552553881  123.119212295  119.438345543
62.0  173.468348932  86.7341744659  123.087097052  119.407322899
62.1  173.426377105  86.7131885523  123.055128954  119.376442265
62.2  173.38459377  86.6922968852  123.023306848  119.345702525
62.3  173.342997383  86.6714986913  122.991629564  119.315102549
62.4  173.301586374  86.6507931869  122.960095917  119.284641192
62.5  173.260359155  86.6301795773  122.92870471  119.254317295
62.6  173.219314115  86.6096570577  122.897454729  119.224129687
62.7  173.178449626  86.5892248129  122.866344747  119.19407718
62.8  173.137764035  86.5688820176  122.835373523  119.164158575
62.9  173.097255673  86.5486278366  122.804539803  119.134372659
63.0  173.05692285  86.5284614248  122.773842318  119.104718207
63.1  173.016763856  86.5083819278  122.743279788  119.075193979
63.2  172.976776963  86.4883884815  122.712850918  119.045798724
63.3  172.936960425  86.4684802127  122.682554403  119.016531179
63.4  172.897312478  86.4486562391  122.652388922  118.987390068
63.5  172.857831339  86.4289156694  122.622353145  118.958374104
63.6  172.818515207  86.4092576036  122.59244573  118.929481988
63.7  172.779362267  86.3896811333  122.56266532  118.900712408
63.8  172.740370683  86.3701853414  122.533010549  118.872064045
63.9  172.701538606  86.3507693029  122.503480041  118.843535565
64.0  172.662864169  86.3314320843  122.474072406  118.815125624
64.1  172.62434549  86.3121727448  122.444786246  118.78683287
64.2  172.585980671  86.2929903353  122.415620151  118.758655939
64.3  172.547767799  86.2738838996  122.386572701  118.730593457
64.4  172.509704948  86.2548524739  122.357642465  118.70264404
64.5  172.471790174  86.2358950872  122.328828005  118.674806296
64.6  172.434021523  86.2170107616  122.30012787  118.647078821
64.7  172.396397024  86.1981985121  122.271540603  118.619460206
64.8  172.358914695  86.1794573474  122.243064735  118.591949028
64.9  172.321572539  86.1607862693  122.214698791  118.564543861
65.0  172.284368547  86.1421842734  122.186441285  118.537243267
65.1  172.247300699  86.1236503493  122.158290724  118.5100458
65.2  172.21036696  86.1051834802  122.130245606  118.482950008
65.3  172.173565288  86.0867826439  122.102304423  118.45595443
65.4  172.136893624  86.0684468122  122.074465657  118.429057598
65.5  172.100349903  86.0501749517  122.046727784  118.402258036
65.6  172.063932047  86.0319660234  122.019089273  118.375554263
65.7  172.027637967  86.0138189834  121.991548586  118.34894479
65.8  171.991465565  85.9957327826  121.964104177  118.322428121
65.9  171.955412734  85.9777063672  121.936754496  118.296002754
66.0  171.919477358  85.9597386789  121.909497984  118.269667182
66.1  171.883657309  85.9418286547  121.882333079  118.243419892
66.2  171.847950455  85.9239752273  121.855258211  118.217259365
66.3  171.812354651  85.9061773255  121.828271806  118.191184076
66.4  171.776867748  85.888433874  121.801372284  118.165192495
66.5  171.741487587  85.8707437937  121.77455806  118.13928309
66.6  171.706212004  85.8531060018  121.747827545  118.11345432
66.7  171.671038825  85.8355194123  121.721179144  118.087704643
66.8  171.635965871  85.8179829356  121.69461126  118.062032511
66.9  171.600990958  85.8004954792  121.668122289  118.036436373
67.0  171.566111895  85.7830559475  121.641710626  118.010914674
67.1  171.531326485  85.7656632424  121.615374661  117.985465855
67.2  171.496632525  85.7483162627  121.589112781  117.960088354
67.3  171.46202781  85.7310139052  121.56292337  117.934780606
67.4  171.427510128  85.7137550642  121.536804808  117.909541045
67.5  171.393077264  85.6965386318  121.510755475  117.884368099
67.6  171.358726997  85.6793634984  121.484773745  117.859260195
67.7  171.324457105  85.6622285524  121.458857993  117.83421576
67.8  171.290265361  85.6451326806  121.43300659  117.809233217
67.9  171.256149537  85.6280747684  121.407217907  117.784310986
68.0  171.2221074  85.6110536999  121.381490311  117.759447489
68.1  171.188136716  85.594068358  121.355822171  117.734641144
68.2  171.154235249  85.5771176245  121.330211852  117.709890369
68.3  171.120400761  85.5602003807  121.30465772  117.685193581
68.4  171.086631014  85.543315507  121.27915814  117.660549196
68.5  171.052923767  85.5264618834  121.253711476  117.635955632
68.6  171.019276779  85.5096383894  121.228316092  117.611411303
68.7  170.985687809  85.4928439047  121.202970353  117.586914626
68.8  170.952154617  85.4760773085  121.177672625  117.562464017
68.9  170.918674961  85.4593374805  121.152421271  117.538057893
69.0  170.885246601  85.4426233006  121.127214658  117.513694671
69.1  170.851867298  85.4259336491  121.102051153  117.48937277
69.2  170.818534814  85.4092674068  121.076929125  117.465090609
69.3  170.785246911  85.3926234556  121.051846942  117.44084661
69.4  170.752001356  85.376000678  121.026802976  117.416639195
69.5  170.718795915  85.3593979577  121.0017956  117.392466788
69.6  170.685628359  85.3428141796  120.97682319  117.368327814
69.7  170.65249646  85.32624823  120.951884122  117.344220704
69.8  170.619397994  85.3096989968  120.926976776  117.320143887
69.9  170.586330739  85.2931653695  120.902099536  117.296095797
70.0  170.553292479  85.2766462394  120.877250786  117.272074869
70.1  170.520281  85.2601404998  120.852428914  117.248079544
70.2  170.487294092  85.2436470461  120.827632314  117.224108264
70.3  170.454329552  85.2271647762  120.80285938  117.200159474
70.4  170.42138518  85.2106925902  120.778108512  117.176231624
70.5  170.388458781  85.1942293907  120.753378112  117.152323166
70.6  170.355548167  85.1777740833  120.728666588  117.128432559
70.7  170.322651153  85.1613255763  120.703972351  117.104558264
70.8  170.289765562  85.144882781  120.679293818  117.080698746
70.9  170.256889224  85.1284446119  120.654629409  117.056852475
71.0  170.224019973  85.1120099867  120.629977551  117.033017928
71.1  170.191155653  85.0955778266  120.605336674  117.009193584
71.2  170.158294113  85.0791470565  120.580705215  116.985377929
71.3  170.12543321  85.0627166048  120.556081616  116.961569453
71.4  170.092570808  85.0462854039  120.531464323  116.937766653
71.5  170.05970478  85.0298523901  120.506851792  116.913968031
71.6  170.026833008  85.013416504  120.482242481  116.890172094
71.7  169.99395338  84.9969766901  120.457634857  116.866377356
71.8  169.961063796  84.9805318978  120.433027392  116.842582339
71.9  169.928162161  84.9640810806  120.408418565  116.818785568
72.0  169.895246394  84.947623197  120.383806863  116.794985578
72.1  169.86231442  84.93115721  120.359190778  116.771180908
72.2  169.829364176  84.9146820878  120.334568812  116.747370106
72.3  169.796393607  84.8981968035  120.309939471  116.723551727
72.4  169.763400671  84.8817003355  120.285301271  116.699724331
72.5  169.730383335  84.8651916674  120.260652736  116.67588649
72.6  169.697339577  84.8486697883  120.235992396  116.65203678
72.7  169.664267386  84.8321336929  120.211318792  116.628173786
72.8  169.631164763  84.8155823817  120.18663047  116.604296101
72.9  169.598029721  84.7990148607  120.161925988  116.580402326
73.0  169.564860285  84.7824301423  120.137203909  116.556491072
73.1  169.531654489  84.7658272446  120.112462808  116.532560956
73.2  169.498410384  84.7492051921  120.087701268  116.508610606
73.3  169.465126031  84.7325630154  120.062917879  116.484638658
73.4  169.431799504  84.7158997519  120.038111244  116.460643756
73.5  169.39842889  84.6992144451  120.013279973  116.436624555
73.6  169.365012291  84.6825061456  119.988422687  116.412579718
73.7  169.331547821  84.6657739104  119.963538015  116.388507919
73.8  169.298033607  84.6490168037  119.938624599  116.36440784
73.9  169.264467793  84.6322338966  119.913681089  116.340278174
74.0  169.230848534  84.6154242671  119.888706144  116.316117624
74.1  169.197174002  84.5985870009  119.863698438  116.291924902
74.2  169.163442381  84.5817211906  119.838656651  116.267698732
74.3  169.129651873  84.5648259365  119.813579475  116.243437846
74.4  169.095800693  84.5479003465  119.788465616  116.21914099
74.5  169.061887072  84.5309435359  119.763313787  116.194806918
74.6  169.027909256  84.5139546281  119.738122714  116.170434395
74.7  168.993865508  84.4969327541  119.712891134  116.146022199
74.8  168.959754106  84.4798770532  119.687617796  116.121569117
74.9  168.925573345  84.4627866724  119.662301461  116.097073949
75.0  168.891321534  84.4456607671  119.6369409  116.072535505
75.0  168.891321534  84.4456607671  119.6369409  116.072535505
75.1  168.856997002  84.4284985011  119.611534898  116.047952607
75.2  168.822598093  84.4112990463  119.586082251  116.02332409
75.3  168.788123167  84.3940615834  119.560581768  115.998648799
75.4  168.753570603  84.3767853013  119.535032269  115.973925592
75.5  168.718938796  84.3594693978  119.509432587  115.949153339
75.6  168.684226159  84.3421130796  119.483781569  115.924330921
75.7  168.649431124  84.324715562  119.458078072  115.899457233
75.8  168.614552139  84.3072760693  119.432320969  115.874531183
75.9  168.57958767  84.2897938349  119.406509144  115.849551688
76.0  168.544536203  84.2722681013  119.380641494  115.824517683
76.1  168.509396241  84.2546981203  119.35471693  115.799428111
76.2  168.474166306  84.2370831529  119.328734377  115.77428193
76.3  168.438844939  84.2194224694  119.302692772  115.749078112
76.4  168.403430699  84.2017153497  119.276591066  115.723815641
76.5  168.367922166  84.1839610832  119.250428224  115.698493514
76.6  168.332317938  84.1661589691  119.224203225  115.673110742
76.7  168.296616632  84.148308316  119.197915062  115.64766635
76.8  168.260816885  84.1304084424  119.171562741  115.622159374
76.9  168.224917354  84.1124586769  119.145145283  115.596588868
77.0  168.188916715  84.0944583577  119.118661723  115.570953897
77.1  168.152813666  84.0764068332  119.092111111  115.545253539
77.2  168.116606924  84.0583034618  119.065492511  115.519486889
77.3  168.080295224  84.0401476122  119.038805001  115.493653054
77.4  168.043877326  84.0219386632  119.012047674  115.467751155
77.5  168.007352008  84.0036760039  118.985219638  115.44178033
77.6  167.970718068  83.9853590338  118.958320016  115.415739727
77.7  167.933974326  83.9669871628  118.931347945  115.389628512
77.8  167.897119623  83.9485598114  118.904302578  115.363445866
77.9  167.860152821  83.9300764105  118.877183083  115.33719098
78.0  167.823072804  83.9115364018  118.849988643  115.310863066
78.1  167.785878475  83.8929392375  118.822718457  115.284461345
78.2  167.748568761  83.8742843806  118.795371737  115.257985058
78.3  167.71114261  83.8555713051  118.767947712  115.231433457
78.4  167.673598991  83.8367994955  118.740445628  115.204805811
78.5  167.635936895  83.8179684474  118.712864745  115.178101404
78.6  167.598155335  83.7990776675  118.685204338  115.151319535
78.7  167.560253347  83.7801266733  118.6574637  115.124459518
78.8  167.522229987  83.7611149934  118.629642136  115.097520682
78.9  167.484084335  83.7420421675  118.601738972  115.070502373
79.0  167.445815494  83.7229077468  118.573753546  115.043403951
79.1  167.407422586  83.7037112931  118.545685214  115.016224791
79.2  167.36890476  83.6844523801  118.517533346  114.988964287
79.3  167.330261185  83.6651305923  118.489297331  114.961621844
79.4  167.291491052  83.6457455258  118.460976572  114.934196886
79.5  167.252593576  83.626296788  118.43257049  114.906688851
79.6  167.213567996  83.6067839979  118.40407852  114.879097195
79.7  167.174413571  83.5872067857  118.375500115  114.851421387
79.8  167.135129587  83.5675647933  118.346834745  114.823660913
79.9  167.095715348  83.5478576739  118.318081894  114.795815277
80.0  167.056170185  83.5280850926  118.289241065  114.767883996
80.1  167.016493452  83.5082467259  118.260311778  114.739866605
80.2  166.976684524  83.488342262  118.231293566  114.711762654
80.3  166.936742801  83.4683714006  118.202185982  114.68357171
80.4  166.896667707  83.4483338534  118.172988594  114.655293355
80.5  166.856458687  83.4282293436  118.143700988  114.62692719
80.6  166.816115212  83.4080576061  118.114322766  114.598472828
80.7  166.775636775  83.3878183877  118.084853547  114.569929902
80.8  166.735022894  83.367511447  118.055292966  114.541298059
80.9  166.694273109  83.3471365544  118.025640676  114.512576964
81.0  166.653386984  83.326693492  117.995896346  114.483766297
81.1  166.612364108  83.3061820539  117.966059663  114.454865755
81.2  166.571204092  83.285602046  117.936130329  114.425875051
81.3  166.529906572  83.2649532862  117.906108065  114.396793916
81.4  166.488471208  83.2442356041  117.875992608  114.367622095
81.5  166.446897683  83.2234488413  117.845783713  114.338359352
81.6  166.405185703  83.2025928513  117.815481149  114.309005464
81.7  166.363334999  83.1816674997  117.785084706  114.279560229
81.8  166.321345328  83.1606726638  117.754594188  114.250023458
81.9  166.279216466  83.139608233  117.724009417  114.22039498
82.0  166.236948217  83.1184741085  117.693330233  114.19067464
82.1  166.194540407  83.0972702036  117.662556492  114.1608623
82.2  166.151992887  83.0759964435  117.631688067  114.130957838
82.3  166.109305531  83.0546527653  117.600724848  114.100961149
82.4  166.066478237  83.0332391183  117.569666743  114.070872144
82.5  166.023510927  83.0117554633  117.538513675  114.04069075
82.6  165.980403547  82.9902017735  117.507265587  114.010416913
82.7  165.937156068  82.9685780339  117.475922436  113.980050593
82.8  165.893768482  82.9468842412  117.444484198  113.949591768
82.9  165.850240809  82.9251204044  117.412950865  113.91904043
83.0  165.806573088  82.9032865442  117.381322447  113.888396591
83.1  165.762765387  82.8813826933  117.349598969  113.857660277
83.2  165.718817793  82.8594088963  117.317780476  113.826831531
83.3  165.674730419  82.8373652095  117.285867026  113.795910413
83.4  165.630503403  82.8152517014  117.253858698  113.764896998
83.5  165.586136904  82.793068452  117.221755586  113.73379138
83.6  165.541631107  82.7708155534  117.189557799  113.702593666
83.7  165.496986219  82.7484931095  117.157265465  113.671303982
83.8  165.452202472  82.7261012358  117.12487873  113.639922469
83.9  165.40728012  82.7036400598  117.092397754  113.608449284
84.0  165.362219441  82.6811097205  117.059822714  113.576884601
84.1  165.317020738  82.6585103689  117.027153806  113.545228611
84.2  165.271684335  82.6358421674  116.994391241  113.513481518
84.3  165.226210581  82.6131052905  116.961535247  113.481643546
84.4  165.180599848  82.5902999238  116.928586067  113.449714932
84.5  165.13485253  82.5674262648  116.895543963  113.417695931
84.6  165.088969045  82.5444845227  116.862409213  113.385586813
84.7  165.042949836  82.521474918  116.829182109  113.353387864
84.8  164.996795366  82.4983976829  116.795862963  113.321099387
84.9  164.950506122  82.4752530608  116.7624521  113.288721698
85.0  164.904082614  82.4520413068  116.728949864  113.256255133
85.1  164.857525375  82.4287626873  116.695356613  113.223700039
85.2  164.81083496  82.4054174799  116.661672723  113.191056783
85.3  164.764011948  82.3820059739  116.627898584  113.158325745
85.4  164.717056939  82.3585284694  116.594034605  113.125507321
85.5  164.669970556  82.334985278  116.560081207  113.092601922
85.6  164.622753445  82.3113767225  116.526038831  113.059609977
85.7  164.575406273  82.2877031366  116.491907931  113.026531927
85.8  164.527929731  82.2639648653  116.457688978  112.993368229
85.9  164.480324529  82.2401622644  116.423382458  112.960119358
86.0  164.432591402  82.2162957009  116.388988874  112.926785801
86.1  164.384731105  82.1923655526  116.354508742  112.893368062
86.2  164.336744417  82.1683722083  116.319942596  112.859866657
86.3  164.288632134  82.1443160672  116.285290983  112.826282121
86.4  164.24039508  82.1201975398  116.250554469  112.792615002
86.5  164.192034094  82.096017047  116.215733631  112.758865861
86.6  164.14355004  82.0717750202  116.180829063  112.725035277
86.7  164.094943803  82.0474719017  116.145841374  112.69112384
86.8  164.046216288  82.023108144  116.110771189  112.657132159
86.9  163.99736842  81.9986842102  116.075619146  112.623060852
87.0  163.948401148  81.9742005738  116.040385899  112.588910556
87.1  163.899315437  81.9496577185  116.005072115  112.55468192
87.2  163.850112277  81.9250561383  115.969678478  112.520375607
87.3  163.800792675  81.9003963374  115.934205684  112.485992294
87.4  163.75135766  81.87567883  115.898654446  112.451532673
87.5  163.701808281  81.8509041403  115.863025488  112.41699745
87.6  163.652145605  81.8260728026  115.827319552  112.382387343
87.7  163.602370722  81.801185361  115.791537391  112.347703084
87.8  163.552484739  81.7762423694  115.755679773  112.31294542
87.9  163.502488783  81.7512443914  115.71974748  112.27811511
88.0  163.452384  81.7261920002  115.683741307  112.243212928
88.1  163.402171557  81.7010857787  115.647662063  112.208239658
88.2  163.351852638  81.6759263192  115.611510571  112.1731961
88.3  163.301428446  81.6507142232  115.575287667  112.138083067
88.4  163.250900204  81.6254501019  115.5389942  112.102901382
88.5  163.200269151  81.6001345754  115.502631032  112.067651884
88.6  163.149536546  81.574768273  115.466199039  112.032335423
88.7  163.098703667  81.5493518333  115.429699108  111.99695286
88.8  163.047771807  81.5238859035  115.393132141  111.961505073
88.9  162.99674228  81.4983711399  115.356499051  111.925992947
89.0  162.945616415  81.4728082074  115.319800765  111.890417382
89.1  162.89439556  81.4471977798  115.283038219  111.854779289
89.2  162.843081079  81.4215405393  115.246212366  111.819079592
89.3  162.791674353  81.3958371766  115.209324167  111.783319225
89.4  162.740176782  81.3700883911  115.172374597  111.747499136
89.5  162.68858978  81.34429489  115.135364643  111.711620281
89.6  162.636914778  81.3184573891  115.098295303  111.67568363
89.7  162.585153224  81.2925766121  115.061167585  111.639690164
89.8  162.533306581  81.2666532907  115.023982512  111.603640874
89.9  162.481376329  81.2406881646  114.986741115  111.567536763
90.0  162.429363962  81.2146819812  114.949444437  111.531378843
90.0  162.429363962  81.2146819812  114.949444437  111.531378843
90.1  162.377270991  81.1886354956  114.912093533  111.495168138
90.2  162.325098941  81.1625494705  114.874689468  111.458905683
90.3  162.272849352  81.136424676  114.837233317  111.422592522
90.4  162.220523779  81.1102618896  114.799726166  111.386229709
90.5  162.168123792  81.0840618961  114.762169111  111.349818309
90.6  162.115650975  81.0578254874  114.724563259  111.313359396
90.7  162.063106925  81.0315534623  114.686909727  111.276854056
90.8  162.010493253  81.0052466267  114.649209641  111.24030338
90.9  161.957811586  80.9789057932  114.611464137  111.203708474
91.0  161.905063562  80.952531781  114.57367436  111.167070448
91.1  161.852250832  80.9261254162  114.535841466  111.130390424
91.2  161.799375062  80.8996875309  114.497966617  111.093669532
91.3  161.746437927  80.8732189637  114.460050989  111.056908913
91.4  161.693441119  80.8467205596  114.422095761  111.020109712
91.5  161.640386339  80.8201931694  114.384102125  110.983273086
91.6  161.5872753  80.7936376501  114.34607128  110.946400199
91.7  161.534109729  80.7670548643  114.308004433  110.909492224
91.8  161.480891361  80.7404456804  114.2699028  110.872550341
91.9  161.427621945  80.7138109726  114.231767605  110.835575737
92.0  161.37430324  80.6871516202  114.193600077  110.798569608
92.1  161.320937016  80.6604685081  114.155401457  110.761533157
92.2  161.267525053  80.6337625264  114.11717299  110.724467595
92.3  161.21406914  80.6070345701  114.07891593  110.687374136
92.4  161.160571079  80.5802855393  114.040631538  110.650254007
92.5  161.107032678  80.5535163388  114.002321081  110.613108437
92.6  161.053455757  80.5267278783  113.963985833  110.575938664
92.7  160.999842143  80.4999210717  113.925627074  110.53874593
92.8  160.946193675  80.4730968376  113.887246092  110.501531485
92.9  160.892512198  80.4462560989  113.84884418  110.464296584
93.0  160.838799565  80.4193997823  113.810422636  110.427042489
93.1  160.785057638  80.3925288189  113.771982764  110.389770466
93.2  160.731288287  80.3656441435  113.733525876  110.352481787
93.3  160.677493389  80.3387466946  113.695053287  110.315177729
93.4  160.623674829  80.3118374144  113.656566317  110.277859574
93.5  160.569834497  80.2849172483  113.618066291  110.24052861
93.6  160.515974291  80.2579871453  113.579554541  110.203186127
93.7  160.462096115  80.2310480574  113.5410324  110.165833421
93.8  160.40820188  80.2041009398  113.502501208  110.128471793
93.9  160.3542935  80.1771467502  113.463962308  110.091102546
94.0  160.300372899  80.1501864494  113.425417048  110.053726989
94.1  160.246442001  80.1232210006  113.386866777  110.016346432
94.2  160.192502739  80.0962513696  113.34831285  109.978962191
94.3  160.138557048  80.0692785242  113.309756626  109.941575584
94.4  160.084606869  80.0423034347  113.271199464  109.904187931
94.5  160.030654146  80.0153270731  113.232642728  109.866800556
94.6  159.976700827  79.9883504135  113.194087785  109.829414786
94.7  159.922748863  79.9613744313  113.155536003  109.792031949
94.8  159.868800208  79.9344001039  113.116988752  109.754653376
94.9  159.81485682  79.9074284098  113.078447407  109.717280401
95.0  159.760920658  79.8804603289  113.039913341  109.679914357
95.1  159.706993684  79.853496842  113.00138793  109.64255658
95.2  159.653077862  79.8265389309  112.962872554  109.605208409
95.3  159.599175157  79.7995875783  112.924368589  109.567871181
95.4  159.545287535  79.7726437674  112.885877416  109.530546235
95.5  159.491416964  79.7457084819  112.847400416  109.493234913
95.6  159.437565411  79.7187827056  112.808938968  109.455938554
95.7  159.383734846  79.6918674229  112.770494455  109.4186585
95.8  159.329927235  79.6649636177  112.732068257  109.38139609
95.9  159.276144548  79.6380722741  112.693661756  109.344152666
96.0  159.222388751  79.6111943756  112.655276331  109.306929568
96.1  159.168661811  79.5843309055  112.616913364  109.269728135
96.2  159.114965692  79.5574828461  112.578574232  109.232549706
96.3  159.061302358  79.5306511791  112.540260313  109.195395619
96.4  159.00767377  79.5038368852  112.501972985  109.15826721
96.5  158.954081888  79.4770409441  112.463713622  109.121165814
96.6  158.900528668  79.4502643339  112.425483598  109.084092763
96.7  158.847016063  79.4235080314  112.387284283  109.04704939
96.8  158.793546024  79.3967730119  112.349117046  109.010037022
96.9  158.740120497  79.3700602487  112.310983255  108.973056987
97.0  158.686741426  79.3433707132  112.272884273  108.936110608
97.1  158.633410749  79.3167053747  112.234821459  108.899199206
97.2  158.580130401  79.2900652004  112.196796174  108.8623241
97.3  158.526902309  79.2634511547  112.158809769  108.825486603
97.4  158.473728399  79.2368641996  112.120863596  108.788688027
97.5  158.420610588  79.2103052942  112.082959001  108.751929678
97.6  158.36755079  79.1837753949  112.045097328  108.715212861
97.7  158.314550909  79.1572754547  112.007279913  108.678538874
97.8  158.261612847  79.1308064233  111.96950809  108.641909011
97.9  158.208738495  79.1043692473  111.931783189  108.605324563
98.0  158.155929738  79.0779648692  111.894106532  108.568786814
98.1  158.103188456  79.0515942281  111.856479438  108.532297044
98.2  158.050516518  79.0252582589  111.818903219  108.495856527
98.3  157.997915785  78.9989578924  111.781379183  108.459466532
98.4  157.945388111  78.9726940553  111.74390863  108.423128321
98.5  157.892935339  78.9464676695  111.706492855  108.386843152
98.6  157.840559305  78.9202796524  111.669133145  108.350612274
98.7  157.788261834  78.8941309168  111.631830782  108.314436932
98.8  157.73604474  78.8680223701  111.59458704  108.278318362
98.9  157.68390983  78.841954915  111.557403187  108.242257794
99.0  157.631858897  78.8159294484  111.52028048  108.206256451
99.1  157.579893724  78.7899468621  111.483220174  108.170315548
99.2  157.528016084  78.7640080421  111.44622351  108.134436292
99.3  157.476227737  78.7381138684  111.409291724  108.098619884
99.4  157.42453043  78.7122652152  111.372426045  108.062867513
99.5  157.372925901  78.6864629503  111.335627689  108.027180363
99.6  157.321415871  78.6607079355  111.298897867  107.991559607
99.7  157.270002051  78.6350010256  111.262237778  107.956006412
99.8  157.218686138  78.6093430691  111.225648614  107.920521932
99.9  157.167469815  78.5837349074  111.189131555  107.885107315
100.0  157.11635475  78.558177375  111.152687772  107.849763697
100.1  157.065342598  78.532671299  111.116318427  107.814492206
100.2  157.014434998  78.5072174992  111.08002467  107.779293957
100.3  156.963633576  78.4818167879  111.043807642  107.744170059
100.4  156.912939939  78.4564699697  111.00766847  107.709121606
100.5  156.862355682  78.431177841  110.971608272  107.674149685
100.6  156.811882381  78.4059411904  110.935628157  107.639255369
100.7  156.761521596  78.3807607982  110.899729217  107.604439721
100.8  156.711274872  78.3556374362  110.863912536  107.569703792
100.9  156.661143736  78.3305718678  110.828179185  107.535048622
101.0  156.611129694  78.3055648472  110.792530223  107.500475239
101.1  156.56123424  78.2806171202  110.756966694  107.465984657
101.2  156.511458846  78.2557294231  110.721489633  107.43157788
101.3  156.461804966  78.2309024832  110.686100059  107.397255898
101.4  156.412274036  78.206137018  110.650798979  107.363019689
101.5  156.362867471  78.1814337356  110.615587385  107.328870215
101.6  156.313586669  78.1567933345  110.580466257  107.294808428
101.7  156.264433006  78.1322165028  110.545436561  107.260835264
101.8  156.215407838  78.1077039188  110.510499246  107.226951648
101.9  156.166512501  78.0832562503  110.475655249  107.193158487
102.0  156.11774831  78.0588741548  110.440905492  107.159456677
102.1  156.069116558  78.034558279  110.406250881  107.125847097
102.2  156.020618518  78.010309259  110.371692308  107.092330614
102.3  155.972255439  77.9861277196  110.337230649  107.058908077
102.4  155.924028549  77.9620142747  110.302866762  107.02558032
102.5  155.875939054  77.9379695269  110.268601493  106.992348165
102.6  155.82642869  77.913214345  110.233332501  106.958568494
102.7  155.782426465  77.8912132323  110.20196143  106.928140625
102.8  155.738436664  77.8692183322  110.170600536  106.897722536
102.9  155.694459286  77.8472296431  110.139249809  106.867314216
103.0  155.650494326  77.8252471631  110.107909238  106.836915657
103.1  155.606541781  77.8032708906  110.076578815  106.806526849
103.2  155.562601647  77.7813008237  110.045258528  106.776147785
103.3  155.518673921  77.7593369607  110.013948369  106.745778453
103.4  155.4747586  77.7373792998  109.982648327  106.715418846
103.5  155.430855679  77.7154278394  109.951358392  106.685068955
103.6  155.386965155  77.6934825776  109.920078555  106.65472877
103.7  155.343087025  77.6715435127  109.888808807  106.624398283
103.8  155.299221286  77.6496106429  109.857549137  106.594077485
103.9  155.255367933  77.6276839665  109.826299536  106.563766366
104.0  155.211526964  77.6057634818  109.795059994  106.533464919
104.1  155.167698374  77.583849187  109.763830503  106.503173134
104.2  155.123882161  77.5619410803  109.732611051  106.472891002
104.3  155.08007832  77.5400391601  109.701401631  106.442618516
104.4  155.036286849  77.5181434245  109.670202231  106.412355666
104.5  154.992507744  77.4962538718  109.639012845  106.382102443
104.6  154.948741001  77.4743705003  109.60783346  106.35185884
104.7  154.904986616  77.4524933082  109.57666407  106.321624847
104.8  154.861244588  77.4306222938  109.545504663  106.291400456
104.9  154.817514911  77.4087574553  109.514355232  106.261185659
105.0  154.773797582  77.386898791  109.483215766  106.230980446
105.0  154.773797582  77.386898791  109.483215766  106.230980446
105.1  154.730092598  77.3650462991  109.452086257  106.20078481
105.2  154.686399956  77.3431999779  109.420966695  106.170598743
105.3  154.642719651  77.3213598257  109.389857072  106.140422235
105.4  154.599051682  77.2995258408  109.358757379  106.110255279
105.5  154.555396042  77.2776980212  109.327667606  106.080097866
105.6  154.511752731  77.2558763655  109.296587744  106.049949988
105.7  154.468121743  77.2340608717  109.265517785  106.019811637
105.8  154.424503076  77.2122515382  109.23445772  105.989682805
105.9  154.380896726  77.1904483631  109.203407539  105.959563483
106.0  154.33730269  77.1686513449  109.172367234  105.929453663
106.1  154.293720963  77.1468604817  109.141336797  105.899353338
106.2  154.250151544  77.1250757718  109.110316218  105.869262498
106.3  154.206594427  77.1032972134  109.079305488  105.839181137
106.4  154.16304961  77.0815248049  109.0483046  105.809109246
106.5  154.119517089  77.0597585445  109.017313544  105.779046817
106.6  154.075996861  77.0379984304  108.986332312  105.748993842
106.7  154.032488922  77.0162444609  108.955360895  105.718950314
106.8  153.988993269  76.9944966343  108.924399284  105.688916224
106.9  153.945509898  76.9727549489  108.893447472  105.658891565
107.0  153.902038806  76.9510194028  108.862505449  105.628876328
107.1  153.858579989  76.9292899945  108.831573208  105.598870506
107.2  153.815133444  76.9075667221  108.800650739  105.568874092
107.3  153.771699168  76.8858495839  108.769738035  105.538887077
107.4  153.728277156  76.8641385782  108.738835087  105.508909454
107.5  153.684867406  76.8424337032  108.707941886  105.478941215
107.6  153.641469914  76.8207349572  108.677058425  105.448982353
107.7  153.598084677  76.7990423386  108.646184696  105.419032859
107.8  153.554711691  76.7773558455  108.615320689  105.389092727
107.9  153.511350952  76.7556754762  108.584466397  105.359161949
108.0  153.468002458  76.734001229  108.553621811  105.329240517
108.1  153.424666204  76.7123331022  108.522786925  105.299328423
108.2  153.381342188  76.690671094  108.491961728  105.269425661
108.3  153.338030405  76.6690152027  108.461146214  105.239532223
108.4  153.294730853  76.6473654266  108.430340374  105.209648101
108.5  153.251443528  76.625721764  108.399544201  105.179773288
108.6  153.208168426  76.6040842131  108.368757686  105.149907777
108.7  153.164905544  76.5824527722  108.337980821  105.120051561
108.8  153.121654879  76.5608274396  108.307213599  105.090204631
108.9  153.078416427  76.5392082135  108.276456012  105.060366982
109.0  153.035190185  76.5175950923  108.245708051  105.030538604
109.1  152.991976148  76.4959880742  108.21496971  105.000719493
109.2  152.948774315  76.4743871575  108.184240979  104.970909639
109.3  152.905584681  76.4527923404  108.153521852  104.941109037
109.4  152.862407243  76.4312036213  108.122812321  104.911317678
109.5  152.819241997  76.4096209984  108.092112378  104.881535557
109.6  152.77608894  76.3880444699  108.061422015  104.851762665
109.7  152.732948069  76.3664740343  108.030741225  104.821998995
109.8  152.689819379  76.3449096897  108.00007  104.792244541
109.9  152.646702869  76.3233514345  107.969408332  104.762499296
110.0  152.603598534  76.3017992668  107.938756215  104.732763253
110.1  152.56050637  76.2802531851  107.90811364  104.703036404
110.2  152.517426375  76.2587131875  107.877480599  104.673318743
110.3  152.474358545  76.2371792724  107.846857087  104.643610263
110.4  152.431302876  76.215651438  107.816243094  104.613910957
110.5  152.388259365  76.1941296827  107.785638614  104.584220818
110.6  152.345228009  76.1726140046  107.755043639  104.55453984
110.7  152.302208804  76.1511044022  107.724458162  104.524868015
110.8  152.259201747  76.1296008736  107.693882176  104.495205336
110.9  152.216206834  76.1081034172  107.663315673  104.465551798
111.0  152.173224062  76.0866120312  107.632758645  104.435907393
111.1  152.130253428  76.065126714  107.602211087  104.406272115
111.2  152.087294928  76.0436474638  107.57167299  104.376645956
111.3  152.044348558  76.0221742789  107.541144347  104.347028911
111.4  152.001414315  76.0007071576  107.510625152  104.317420973
111.5  151.958492196  75.9792460981  107.480115396  104.287822134
111.6  151.915582198  75.9577910989  107.449615073  104.258232389
111.7  151.872684316  75.9363421581  107.419124176  104.228651731
111.8  151.829798548  75.914899274  107.388642698  104.199080153
111.9  151.78692489  75.893462445  107.358170632  104.169517649
112.0  151.744063339  75.8720316693  107.32770797  104.139964212
112.1  151.70121389  75.8506069452  107.297254706  104.110419837
112.2  151.658376542  75.829188271  107.266810832  104.080884516
112.3  151.61555129  75.807775645  107.236376342  104.051358242
112.4  151.572738131  75.7863690655  107.205951229  104.021841011
112.5  151.529937062  75.7649685308  107.175535486  103.992332815
112.6  151.487148078  75.7435740392  107.145129107  103.962833647
112.7  151.444371178  75.7221855889  107.114732083  103.933343503
112.8  151.401606357  75.7008031783  107.084344409  103.903862374
112.9  151.358853611  75.6794268057  107.053966078  103.874390256
113.0  151.316112939  75.6580564693  107.023597082  103.844927141
113.1  151.273384335  75.6366921675  106.993237416  103.815473024
113.2  151.230667797  75.6153338985  106.962887072  103.786027898
113.3  151.187963321  75.5939816607  106.932546044  103.756591758
113.4  151.145270905  75.5726354523  106.902214325  103.727164596
113.5  151.102590543  75.5512952716  106.871891908  103.697746407
113.6  151.059922234  75.529961117  106.841578788  103.668337185
113.7  151.017265973  75.5086329867  106.811274956  103.638936923
113.8  150.974621758  75.487310879  106.780980407  103.609545616
113.9  150.931989585  75.4659947923  106.750695135  103.580163257
114.0  150.88936945  75.4446847248  106.720419132  103.550789841
114.1  150.84676135  75.4233806748  106.690152392  103.52142536
114.2  150.804165281  75.4020826407  106.659894908  103.492069811
114.3  150.761581241  75.3807906207  106.629646675  103.462723185
114.4  150.719009226  75.3595046131  106.599407685  103.433385478
114.5  150.676449233  75.3382246163  106.569177933  103.404056683
114.6  150.633901257  75.3169506285  106.538957412  103.374736795
114.7  150.591365296  75.295682648  106.508746115  103.345425808
114.8  150.548841346  75.2744206732  106.478544036  103.316123715
114.9  150.506329405  75.2531647024  106.44835117  103.286830511
115.0  150.463829468  75.2319147338  106.418167508  103.25754619
115.1  150.421341531  75.2106707657  106.387993046  103.228270746
115.2  150.378865593  75.1894327966  106.357827777  103.199004174
115.3  150.336401649  75.1682008246  106.327671695  103.169746467
115.4  150.293949696  75.1469748481  106.297524794  103.14049762
115.5  150.251509731  75.1257548653  106.267387067  103.111257627
115.6  150.209081749  75.1045408747  106.237258508  103.082026483
115.7  150.166665749  75.0833328744  106.207139111  103.052804181
115.8  150.124261726  75.0621308629  106.17702887  103.023590717
115.9  150.081869677  75.0409348384  106.146927779  102.994386083
116.0  150.039489598  75.0197447992  106.116835831  102.965190276
116.1  149.997121487  74.9985607437  106.086753021  102.936003288
116.2  149.95476534  74.9773826701  106.056679343  102.906825115
116.3  149.912421153  74.9562105767  106.02661479  102.87765575
116.4  149.870088924  74.935044462  105.996559357  102.848495189
116.5  149.827768648  74.9138843241  105.966513038  102.819343426
116.6  149.785460323  74.8927301614  105.936475826  102.790200454
116.7  149.743163944  74.8715819722  105.906447716  102.76106627
116.8  149.70087951  74.8504397548  105.876428701  102.731940866
116.9  149.658607015  74.8293035076  105.846418777  102.702824239
117.0  149.616346458  74.8081732288  105.816417936  102.673716381
117.1  149.574097834  74.7870489168  105.786426173  102.644617288
117.2  149.53186114  74.7659305698  105.756443483  102.615526955
117.3  149.489636373  74.7448181863  105.726469859  102.586445375
117.4  149.447423529  74.7237117644  105.696505296  102.557372544
117.5  149.405222605  74.7026113026  105.666549787  102.528308456
117.6  149.363033598  74.6815167991  105.636603328  102.499253106
117.7  149.320856505  74.6604282523  105.606665911  102.470206488
117.8  149.278691321  74.6393456605  105.576737533  102.441168598
117.9  149.236538044  74.6182690219  105.546818186  102.412139429
118.0  149.19439667  74.597198335  105.516907865  102.383118977
118.1  149.152267196  74.576133598  105.487006565  102.354107235
118.2  149.110149619  74.5550748093  105.45711428  102.3251042
118.3  149.068043934  74.5340219671  105.427231003  102.296109866
118.4  149.02595014  74.5129750699  105.397356731  102.267124227
118.5  148.983868232  74.4919341158  105.367491456  102.238147278
118.6  148.941798207  74.4708991033  105.337635173  102.209179015
118.7  148.899740061  74.4498700307  105.307787878  102.180219431
118.8  148.857693792  74.4288468962  105.277949563  102.151268523
118.9  148.815659396  74.4078296982  105.248120225  102.122326283
119.0  148.77363687  74.3868184351  105.218299856  102.093392709
119.1  148.73162621  74.3658131052  105.188488452  102.064467793
119.2  148.689627413  74.3448137067  105.158686008  102.035551532
119.3  148.647640476  74.323820238  105.128892517  102.006643921
119.4  148.605665395  74.3028326974  105.099107975  101.977744953
119.5  148.563702167  74.2818510833  105.069332375  101.948854624
119.6  148.521750788  74.260875394  105.039565713  101.91997293
119.7  148.479811256  74.2399056278  105.009807983  101.891099864
119.8  148.437883566  74.218941783  104.98005918  101.862235423
119.9  148.395967716  74.197983858  104.950319298  101.833379601
120.0  148.354063702  74.1770318511  104.920588332  101.804532392
120.0  148.354063702  74.1770318511  104.920588332  101.804532392
120.1  148.312171521  74.1560857606  104.890866277  101.775693793
120.2  148.27029117  74.1351455849  104.861153127  101.746863798
120.3  148.228422644  74.1142113222  104.831448877  101.718042403
120.4  148.186565942  74.093282971  104.801753522  101.689229601
120.5  148.144721059  74.0723605295  104.772067057  101.660425389
120.6  148.102887992  74.051443996  104.742389476  101.631629762
120.7  148.061066738  74.030533369  104.712720774  101.602842714
120.8  148.019257293  74.0096286467  104.683060946  101.574064242
120.9  147.977459655  73.9887298275  104.653409987  101.545294339
121.0  147.935673819  73.9678369097  104.623767891  101.516533002
121.1  147.893899783  73.9469498916  104.594134654  101.487780225
121.2  147.852137543  73.9260687716  104.56451027  101.459036003
121.3  147.810387096  73.905193548  104.534894734  101.430300332
121.4  147.768648438  73.8843242191  104.505288041  101.401573208
121.5  147.726921567  73.8634607834  104.475690186  101.372854624
121.6  147.685206478  73.842603239  104.446101163  101.344144578
121.7  147.643503169  73.8217515844  104.416520968  101.315443063
121.8  147.601811636  73.8009058178  104.386949597  101.286750075
121.9  147.560131875  73.7800659377  104.357387042  101.25806561
122.0  147.518463885  73.7592319423  104.3278333  101.229389662
122.1  147.47680766  73.7384038301  104.298288366  101.200722228
122.2  147.435163198  73.7175815992  104.268752235  101.172063301
122.3  147.393530496  73.6967652482  104.239224901  101.143412879
122.4  147.351909551  73.6759547753  104.20970636  101.114770956
122.5  147.310300358  73.6551501788  104.180196607  101.086137528
122.6  147.268702914  73.6343514571  104.150695636  101.057512589
122.7  147.227117217  73.6135586086  104.121203443  101.028896136
122.8  147.185543263  73.5927716315  104.091720024  101.000288163
122.9  147.143981048  73.5719905242  104.062245372  100.971688667
123.0  147.10243057  73.5512152852  104.032779484  100.943097642
123.1  147.060891825  73.5304459126  104.003322354  100.914515085
123.2  147.01936481  73.5096824049  103.973873978  100.88594099
123.3  146.977849521  73.4889247603  103.94443435  100.857375354
123.4  146.936345955  73.4681729773  103.915003466  100.828818171
123.5  146.894854108  73.4474270542  103.885581321  100.800269437
123.6  146.853373979  73.4266869893  103.856167911  100.771729147
123.7  146.811905562  73.405952781  103.82676323  100.743197298
123.8  146.770448855  73.3852244277  103.797367274  100.714673885
123.9  146.729003855  73.3645019275  103.767980038  100.686158903
124.0  146.687570558  73.343785279  103.738601517  100.657652348
124.1  146.646148961  73.3230744805  103.709231706  100.629154216
124.2  146.60473906  73.3023695302  103.679870602  100.600664501
124.3  146.563340853  73.2816704267  103.650518199  100.5721832
124.4  146.521954336  73.2609771681  103.621174492  100.543710309
124.5  146.480579506  73.2402897529  103.591839477  100.515245823
124.6  146.439216359  73.2196081794  103.562513149  100.486789737
124.7  146.397864892  73.1989324459  103.533195504  100.458342047
124.8  146.356525102  73.1782625509  103.503886536  100.42990275
124.9  146.315196985  73.1575984926  103.474586242  100.40147184
125.0  146.273880539  73.1369402694  103.445294617  100.373049314
125.1  146.232575759  73.1162878797  103.416011655  100.344635166
125.2  146.191282644  73.0956413218  103.386737354  100.316229394
125.3  146.150001188  73.0750005941  103.357471707  100.287831991
125.4  146.10873139  73.0543656949  103.32821471  100.259442956
125.5  146.067473245  73.0337366226  103.29896636  100.231062282
125.6  146.026226751  73.0131133755  103.269726651  100.202689966
125.7  145.984991904  72.992495952  103.240495578  100.174326004
125.8  145.943768701  72.9718843505  103.211273138  100.145970391
125.9  145.902557138  72.9512785692  103.182059326  100.117623123
126.0  145.861357213  72.9306786066  103.152854138  100.089284196
126.1  145.820168922  72.910084461  103.123657568  100.060953606
126.2  145.778992262  72.8894961308  103.094469613  100.032631349
126.3  145.737827229  72.8689136143  103.065290267  100.00431742
126.4  145.69667382  72.8483369099  103.036119528  99.9760118153
126.5  145.655532032  72.8277660159  103.006957389  99.9477145311
126.6  145.614401861  72.8072009307  102.977803848  99.919425563
126.7  145.573283305  72.7866416527  102.948658899  99.8911449068
126.8  145.532176361  72.7660881803  102.919522538  99.8628725586
126.9  145.491081023  72.7455405117  102.89039476  99.8346085142
127.0  145.449997291  72.7249986453  102.861275562  99.8063527695
127.1  145.408925159  72.7044625796  102.832164939  99.7781053205
127.2  145.367864626  72.6839323128  102.803062887  99.7498661631
127.3  145.326815687  72.6634078434  102.7739694  99.7216352933
127.4  145.285778339  72.6428891696  102.744884476  99.693412707
127.5  145.24475258  72.6223762899  102.71580811  99.6651984002
127.6  145.203738405  72.6018692027  102.686740297  99.6369923689
127.7  145.162735812  72.5813679062  102.657681033  99.6087946091
127.8  145.121744798  72.5608723989  102.628630315  99.5806051168
127.9  145.080765358  72.540382679  102.599588136  99.552423888
128.0  145.03979749  72.5198987451  102.570554495  99.5242509187
128.1  144.998841191  72.4994205954  102.541529385  99.496086205
128.2  144.957896457  72.4789482284  102.512512804  99.467929743
128.3  144.916963285  72.4584816423  102.483504746  99.4397815286
128.4  144.876041671  72.4380208355  102.454505208  99.411641558
128.5  144.835131613  72.4175658065  102.425514185  99.3835098271
128.6  144.794233107  72.3971165536  102.396531674  99.3553863322
128.7  144.75334615  72.3766730751  102.367557669  99.3272710693
128.8  144.712470739  72.3562353694  102.338592168  99.2991640345
128.9  144.67160687  72.335803435  102.309635165  99.2710652239
129.0  144.63075454  72.3153772701  102.280686657  99.2429746336
129.1  144.589913746  72.2949568731  102.251746639  99.2148922598
129.2  144.549084485  72.2745422424  102.222815108  99.1868180986
129.3  144.508266753  72.2541333765  102.193892059  99.1587521463
129.4  144.467460547  72.2337302735  102.164977488  99.1306943988
129.5  144.426665864  72.213332932  102.136071392  99.1026448524
129.6  144.385882701  72.1929413503  102.107173765  99.0746035034
129.7  144.345111054  72.1725555268  102.078284605  99.0465703478
129.8  144.30435092  72.1521754598  102.049403907  99.0185453819
129.9  144.263602295  72.1318011477  102.020531666  98.9905286018
130.0  144.222865178  72.1114325889  101.991667879  98.9625200039
130.1  144.182139564  72.0910697818  101.962812543  98.9345195843
130.2  144.141425449  72.0707127247  101.933965652  98.9065273393
130.3  144.100722832  72.050361416  101.905127203  98.878543265
130.4  144.060031708  72.0300158542  101.876297192  98.8505673579
130.5  144.019352075  72.0096760375  101.847475615  98.822599614
130.6  143.978683929  71.9893419644  101.818662467  98.7946400298
130.7  143.938027266  71.9690136332  101.789857746  98.7666886014
130.8  143.897382085  71.9486910423  101.761061447  98.7387453252
130.9  143.85674838  71.9283741901  101.732273566  98.7108101975
131.0  143.81612615  71.9080630749  101.703494099  98.6828832145
131.1  143.77551539  71.8877576952  101.674723043  98.6549643726
131.2  143.734916099  71.8674580494  101.645960392  98.6270536681
131.3  143.694328271  71.8471641357  101.617206144  98.5991510973
131.4  143.653751905  71.8268759526  101.588460295  98.5712566566
131.5  143.613186997  71.8065934986  101.559722841  98.5433703424
131.6  143.572633544  71.7863167718  101.530993777  98.5154921509
131.7  143.532091542  71.7660457708  101.5022731  98.4876220786
131.8  143.491560988  71.7457804939  101.473560806  98.4597601218
131.9  143.451041879  71.7255209395  101.444856891  98.4319062769
132.0  143.410534212  71.7052671061  101.416161352  98.4040605403
132.1  143.370037984  71.6850189918  101.387474185  98.3762229084
132.2  143.329553191  71.6647765953  101.358795385  98.3483933775
132.3  143.28907983  71.6445399148  101.330124949  98.3205719442
132.4  143.248617897  71.6243089487  101.301462873  98.2927586049
132.5  143.208167391  71.6040836954  101.272809153  98.2649533559
132.6  143.167728307  71.5838641533  101.244163786  98.2371561937
132.7  143.127300642  71.5636503208  101.215526768  98.2093671148
132.8  143.086884393  71.5434421963  101.186898095  98.1815861156
132.9  143.046479556  71.5232397782  101.158277763  98.1538131925
133.0  143.00608613  71.5030430648  101.129665769  98.1260483421
133.1  142.965704109  71.4828520545  101.101062109  98.0982915608
133.2  142.925333492  71.4626667458  101.072466778  98.0705428451
133.3  142.884974274  71.442487137  101.043879774  98.0428021915
133.4  142.844626453  71.4223132265  101.015301092  98.0150695965
133.5  142.804290026  71.4021450128  100.98673073  97.9873450566
133.6  142.763964988  71.3819824941  100.958168682  97.9596285684
133.7  142.723651338  71.3618256689  100.929614946  97.9319201283
133.8  142.683349071  71.3416745356  100.901069518  97.9042197329
133.9  142.643058185  71.3215290925  100.872532394  97.8765273787
134.0  142.602778676  71.3013893381  100.844003571  97.8488430622
134.1  142.562510542  71.2812552708  100.815483044  97.8211667801
134.2  142.522253778  71.2611268889  100.786970811  97.7934985289
134.3  142.482008382  71.2410041909  100.758466867  97.7658383051
134.4  142.44177435  71.2208871751  100.729971209  97.7381861053
134.5  142.40155168  71.20077584  100.701483834  97.7105419262
134.6  142.361340368  71.1806701839  100.673004737  97.6829057642
134.7  142.32114041  71.1605702052  100.644533915  97.6552776161
134.8  142.280951805  71.1404759023  100.616071365  97.6276574783
134.9  142.240774547  71.1203872737  100.587617082  97.6000453476
135.0  142.200608635  71.1003043177  100.559171064  97.5724412205
135.0  142.200608635  71.1003043177  100.559171064  97.5724412205
135.1  142.160454065  71.0802270327  100.530733306  97.5448450936
135.2  142.120310834  71.0601554171  100.502303806  97.5172569637
135.3  142.080178939  71.0400894694  100.47388256  97.4896768272
135.4  142.040058376  71.0200291879  100.445469563  97.462104681
135.5  141.999949142  70.9999745709  100.417064813  97.4345405216
135.6  141.959851234  70.979925617  100.388668306  97.4069843457
135.7  141.919764649  70.9598823245  100.360280038  97.3794361499
135.8  141.879689384  70.9398446919  100.331900006  97.351895931
135.9  141.839625435  70.9198127174  100.303528207  97.3243636856
150.0  136.302387624  68.1511938118  96.3839534023  93.5206576069
165.0  130.648814025  65.3244070127  92.3842608342  89.6390592087
180.0  125.229740314  62.6148701568  88.5515062142  85.919419691
195.0  120.035439862  60.0177199311  84.8781867702  82.3545053857
210.0  115.056589488  57.5282947439  81.3574333239  78.9376701532
225.0  110.284252715  55.1421263577  77.9828043437  75.6626704053
240.0  105.709863739  52.8549318693  74.7481886647  72.5235775406
255.0  101.325212045  50.6626060226  71.6477565731  69.5147336099
270.0  97.1224276798  48.5612138399  68.6759325436  66.6307262919
285.0  93.0939671187  46.5469835594  65.8273777949  63.8663726158
300.0  89.2325997294  44.6162998647  63.0969774153  61.2167067605
315.0  85.5313947928  42.7656973964  60.4798297244  58.6769698606
330.0  81.9837090637  40.9918545318  57.9712368303  56.2426008979
345.0  78.5831748461  39.291587423  55.5666959114  53.9092282618
360.0  75.3236885647  37.6618442824  53.2618910082  51.67266179

#SVE monte-carlo points sigmaR (r, sigmaR_med, sigmaR_std)
9.0  211.114367769  0.0
12.5  197.439614661  0.0
15.9  191.546433753  0.0
19.4  189.661300818  0.0
22.9  189.687643444  0.0
26.4  190.162690354  0.0
29.9  190.285380987  0.0
33.3  189.743935855  0.0
36.8  188.466749491  0.0
40.3  186.591811228  0.0
43.8  184.33314719  0.0
47.2  181.98762581  0.0
50.7  179.610508605  0.0
54.2  177.413529484  0.0
57.7  175.476583203  0.0
61.1  173.861235823  0.0
64.6  172.439693268  0.0
68.1  171.1931361  0.0
71.6  170.031225703  0.0
75.0  168.895183134  0.0
78.5  167.639307225  0.0
82.0  166.239879415  0.0
85.5  164.672511057  0.0
89.0  162.947811261  0.0
92.4  161.162470175  0.0
95.9  159.277777184  0.0
99.4  157.425931774  0.0
102.9  155.696265944  0.0
106.3  154.208038629  0.0
109.8  152.69089753  0.0
113.3  151.188682482  0.0
116.8  149.701246639  0.0
120.2  148.270322892  0.0
123.7  146.811598674  0.0
127.2  145.367225785  0.0
130.7  143.937063034  0.0
134.2  142.520970618  0.0

#SVE monte-carlo points sigmaZ (r, sigmaZ_med, sigmaZ_std)
9.4  104.509880577  0.0
12.9  98.2216735818  0.0
16.3  95.5842132273  0.0
19.8  94.8010366546  0.0
23.3  94.8696668366  0.0
26.8  95.1021676123  0.0
30.2  95.1329620468  0.0
33.7  94.8168011246  0.0
37.2  94.1395604417  0.0
40.7  93.1743683119  0.0
44.2  92.0304869845  0.0
47.6  90.8554376493  0.0
51.1  89.6741138479  0.0
54.6  88.5890721362  0.0
58.1  87.6365703422  0.0
61.5  86.8437068703  0.0
65.0  86.1449799879  0.0
68.5  85.5289252911  0.0
72.0  84.9497868575  0.0
75.4  84.3786866451  0.0
78.9  83.7437009567  0.0
82.4  83.0346811988  0.0
85.9  82.2414116544  0.0
89.4  81.3711674232  0.0
92.8  80.4740302147  0.0
96.3  79.5314534231  0.0
99.8  78.6100315653  0.0
103.3  77.7602187915  0.0
106.7  77.0169454646  0.0
110.2  76.2592315714  0.0
113.7  75.5089722759  0.0
117.2  74.7660942378  0.0
120.6  74.0514403381  0.0
124.1  73.3229019  0.0
127.6  72.6015310235  0.0
131.1  71.8872571921  0.0
134.6  71.1800105831  0.0

#SVE monte-carlo points sigmaPhi (r, sigmaPhi_med, sigmaPhi_std)
9.9  153.364086734  0.0
13.4  143.869405062  0.0
16.8  139.619034821  0.0
20.3  137.967792066  0.0
23.8  137.506669323  0.0
27.3  137.284053627  0.0
30.7  136.823921033  0.0
34.2  135.912619342  0.0
37.7  134.558789878  0.0
41.2  132.870114486  0.0
44.7  130.998062109  0.0
48.1  129.147898308  0.0
51.6  127.333043727  0.0
55.1  125.692969432  0.0
58.6  124.267481956  0.0
62.0  123.086516745  0.0
65.5  122.04621478  0.0
69.0  121.12676262  0.0
72.5  120.26025573  0.0
75.9  119.406160324  0.0
79.4  118.46067232  0.0
82.9  117.412686432  0.0
86.4  116.250325433  0.0
89.9  114.986543359  0.0
93.3  113.694882261  0.0
96.8  112.348970069  0.0
100.3  111.043681512  0.0
103.8  109.857833394  0.0
107.2  108.8008086  0.0
110.7  107.72447309  0.0
114.2  106.65975608  0.0
117.7  105.606364462  0.0
121.1  104.593668383  0.0
124.6  103.561871647  0.0
128.1  102.540708332  0.0
131.6  101.529990012  0.0
135.0  100.557987738  0.0
