#SVE points (r, sigmaR, sigmaZ, sigmaPhi, sigmaMajRestored)
8.9  198.191589977  156.598823857  156.598823857  156.598823857
9.0  198.1426536  156.157920412  156.157920412  156.157920412
9.1  198.093729306  155.724906879  155.724906879  155.724906879
9.2  198.044817093  155.29967728  155.29967728  155.29967728
9.3  197.995916956  154.88212665  154.88212665  154.88212665
9.4  197.947028894  154.472151035  154.472151035  154.472151035
9.5  197.898152903  154.069647483  154.069647483  154.069647483
9.6  197.84928898  153.674514037  153.674514037  153.674514037
9.7  197.800437122  153.286649729  153.286649729  153.286649729
9.8  197.751597326  152.905954573  152.905954573  152.905954573
9.9  197.70276959  152.532329556  152.532329556  152.532329556
10.0  197.65395391  152.165676634  152.165676634  152.165676634
10.1  197.605150283  151.805898727  151.805898727  151.805898727
10.2  197.556358707  151.452899706  151.452899706  151.452899706
10.3  197.507579178  151.106584392  151.106584392  151.106584392
10.4  197.458811693  150.766858546  150.766858546  150.766858546
10.5  197.41005625  150.433628867  150.433628867  150.433628867
10.6  197.361312845  150.106802979  150.106802979  150.106802979
10.7  197.312581475  149.786289429  149.786289429  149.786289429
10.8  197.263862139  149.471997679  149.471997679  149.471997679
10.9  197.215154831  149.1638381  149.1638381  149.1638381
11.0  197.16645955  148.861721966  148.861721966  148.861721966
11.1  197.117776293  148.565561446  148.565561446  148.565561446
11.2  197.069105056  148.275269598  148.275269598  148.275269598
11.3  197.020445837  147.990760365  147.990760365  147.990760365
11.4  196.971798633  147.711948565  147.711948565  147.711948565
11.5  196.92316344  147.438749889  147.438749889  147.438749889
11.6  196.874540256  147.17108089  147.17108089  147.17108089
11.7  196.825929078  146.90885898  146.90885898  146.90885898
11.8  196.777329903  146.652002423  146.652002423  146.652002423
11.9  196.728742727  146.400430329  146.400430329  146.400430329
12.0  196.680167548  146.154062648  146.154062648  146.154062648
12.1  196.631604364  145.912820162  145.912820162  145.912820162
12.2  196.58305317  145.676624482  145.676624482  145.676624482
12.3  196.534513964  145.44539804  145.44539804  145.44539804
12.4  196.485986743  145.219064084  145.219064084  145.219064084
12.5  196.437471505  144.99754667  144.99754667  144.99754667
12.6  196.388968245  144.780770658  144.780770658  144.780770658
12.7  196.340476962  144.568661707  144.568661707  144.568661707
12.8  196.291997651  144.361146267  144.361146267  144.361146267
12.9  196.243530311  144.158151572  144.158151572  144.158151572
13.0  196.195074939  143.959605638  143.959605638  143.959605638
13.1  196.14663153  143.765437255  143.765437255  143.765437255
13.2  196.098200083  143.575575981  143.575575981  143.575575981
13.3  196.049780595  143.389952137  143.389952137  143.389952137
13.4  196.001373062  143.2084968  143.2084968  143.2084968
13.5  195.952977481  143.031141799  143.031141799  143.031141799
13.6  195.90459385  142.85781971  142.85781971  142.85781971
13.7  195.856222166  142.688463845  142.688463845  142.688463845
13.8  195.807862425  142.523008255  142.523008255  142.523008255
13.9  195.759514625  142.361387717  142.361387717  142.361387717
14.0  195.711178763  142.203537732  142.203537732  142.203537732
14.1  195.662854836  142.049394519  142.049394519  142.049394519
14.2  195.61454284  141.898895008  141.898895008  141.898895008
14.3  195.566242774  141.751976838  141.751976838  141.751976838
14.4  195.517954633  141.608578348  141.608578348  141.608578348
14.5  195.469678415  141.468638572  141.468638572  141.468638572
14.6  195.421414118  141.332097236  141.332097236  141.332097236
14.7  195.373161738  141.198894751  141.198894751  141.198894751
14.8  195.324921272  141.068972209  141.068972209  141.068972209
14.9  195.276692717  140.942271374  140.942271374  140.942271374
15.0  195.22847607  140.818734681  140.818734681  140.818734681
15.0  195.22847607  140.818734681  140.818734681  140.818734681
15.1  195.180271329  140.698305229  140.698305229  140.698305229
15.2  195.132078491  140.580926776  140.580926776  140.580926776
15.3  195.083897552  140.466543733  140.466543733  140.466543733
15.4  195.035728509  140.35510116  140.35510116  140.35510116
15.5  194.98757136  140.246544762  140.246544762  140.246544762
15.6  194.939426102  140.14082088  140.14082088  140.14082088
15.7  194.891292731  140.037876488  140.037876488  140.037876488
15.8  194.843171246  139.937659191  139.937659191  139.937659191
15.9  194.795061642  139.840117215  139.840117215  139.840117215
16.0  194.746963917  139.745199405  139.745199405  139.745199405
16.1  194.698878069  139.652855218  139.652855218  139.652855218
16.2  194.650804093  139.563034721  139.563034721  139.563034721
16.3  194.602741987  139.475688584  139.475688584  139.475688584
16.4  194.554691749  139.390768075  139.390768075  139.390768075
16.5  194.506653375  139.308225055  139.308225055  139.308225055
16.6  194.458626863  139.228011975  139.228011975  139.228011975
16.7  194.410612208  139.150081871  139.150081871  139.150081871
16.8  194.36260941  139.074388354  139.074388354  139.074388354
16.9  194.314618464  139.000885615  139.000885615  139.000885615
17.0  194.266639367  138.92952841  138.92952841  138.92952841
17.1  194.218672118  138.860272063  138.860272063  138.860272063
17.2  194.170716712  138.793072457  138.793072457  138.793072457
17.3  194.122773147  138.727886031  138.727886031  138.727886031
17.4  194.07484142  138.664669774  138.664669774  138.664669774
17.5  194.026921528  138.603381224  138.603381224  138.603381224
17.6  193.979013468  138.543978458  138.543978458  138.543978458
17.7  193.931117237  138.486420093  138.486420093  138.486420093
17.8  193.883232833  138.430665276  138.430665276  138.430665276
17.9  193.835360252  138.376673684  138.376673684  138.376673684
18.0  193.787499491  138.324405519  138.324405519  138.324405519
18.1  193.739650548  138.273821498  138.273821498  138.273821498
18.2  193.69181342  138.224882858  138.224882858  138.224882858
18.3  193.643988103  138.177551343  138.177551343  138.177551343
18.4  193.596174595  138.131789205  138.131789205  138.131789205
18.5  193.548372893  138.087559197  138.087559197  138.087559197
18.6  193.500582994  138.04482457  138.04482457  138.04482457
18.7  193.452804894  138.003549067  138.003549067  138.003549067
18.8  193.405038592  137.963696921  137.963696921  137.963696921
18.9  193.357284084  137.925232849  137.925232849  137.925232849
19.0  193.309541368  137.888122049  137.888122049  137.888122049
19.1  193.261810439  137.852330195  137.852330195  137.852330195
19.2  193.214091297  137.817823432  137.817823432  137.817823432
19.3  193.166383936  137.784568374  137.784568374  137.784568374
19.4  193.118688356  137.752532099  137.752532099  137.752532099
19.5  193.071004552  137.721682143  137.721682143  137.721682143
19.6  193.023332522  137.691986498  137.691986498  137.691986498
19.7  192.975672263  137.663413608  137.663413608  137.663413608
19.8  192.928023771  137.635932365  137.635932365  137.635932365
19.9  192.880387045  137.609512103  137.609512103  137.609512103
20.0  192.832762081  137.584122596  137.584122596  137.584122596
20.1  192.785148877  137.559734053  137.559734053  137.559734053
20.2  192.737547429  137.536317114  137.536317114  137.536317114
20.3  192.689957734  137.513842849  137.513842849  137.513842849
20.4  192.64237979  137.492282749  137.492282749  137.492282749
20.5  192.594813594  137.471608725  137.471608725  137.471608725
20.6  192.547259142  137.451793105  137.451793105  137.451793105
20.7  192.499716432  137.432808628  137.432808628  137.432808628
20.8  192.452185461  137.414628443  137.414628443  137.414628443
20.9  192.404666227  137.397226101  137.397226101  137.397226101
21.0  192.357158725  137.380575555  137.380575555  137.380575555
21.1  192.309662954  137.364651155  137.364651155  137.364651155
21.2  192.26217891  137.349427644  137.349427644  137.349427644
21.3  192.214706591  137.334880155  137.334880155  137.334880155
21.4  192.167245993  137.320984206  137.320984206  137.320984206
21.5  192.119797114  137.307715697  137.307715697  137.307715697
21.6  192.072359951  137.295050908  137.295050908  137.295050908
21.7  192.024934501  137.282966492  137.282966492  137.282966492
21.8  191.977520761  137.271439476  137.271439476  137.271439476
21.9  191.930118727  137.260447251  137.260447251  137.260447251
22.0  191.882728399  137.249967576  137.249967576  137.249967576
22.1  191.835349771  137.239978569  137.239978569  137.239978569
22.2  191.787982842  137.230458705  137.230458705  137.230458705
22.3  191.740627609  137.221386813  137.221386813  137.221386813
22.4  191.693284068  137.212742072  137.212742072  137.212742072
22.5  191.645952217  137.204504009  137.204504009  137.204504009
22.6  191.598632053  137.196652493  137.196652493  137.196652493
22.7  191.551323573  137.189167734  137.189167734  137.189167734
22.8  191.504026774  137.182030278  137.182030278  137.182030278
22.9  191.456741654  137.175221004  137.175221004  137.175221004
23.0  191.409468209  137.168721123  137.168721123  137.168721123
23.1  191.362206436  137.16251217  137.16251217  137.16251217
23.2  191.314956333  137.156576005  137.156576005  137.156576005
23.3  191.267717896  137.150894807  137.150894807  137.150894807
23.4  191.220491124  137.145451074  137.145451074  137.145451074
23.5  191.173276013  137.140227614  137.140227614  137.140227614
23.6  191.126072559  137.135207549  137.135207549  137.135207549
23.7  191.078880761  137.130374307  137.130374307  137.130374307
23.8  191.031700615  137.125711618  137.125711618  137.125711618
23.9  190.984532119  137.121203516  137.121203516  137.121203516
24.0  190.937375269  137.116834332  137.116834332  137.116834332
24.1  190.890230063  137.11258869  137.11258869  137.11258869
24.2  190.843096498  137.108451507  137.108451507  137.108451507
24.3  190.79597457  137.104407988  137.104407988  137.104407988
24.4  190.748864278  137.100443625  137.100443625  137.100443625
24.5  190.701765618  137.09654419  137.09654419  137.09654419
24.6  190.654678588  137.092695735  137.092695735  137.092695735
24.7  190.607603183  137.088884591  137.088884591  137.088884591
24.8  190.560539403  137.085097358  137.085097358  137.085097358
24.9  190.513487243  137.081320912  137.081320912  137.081320912
25.0  190.466446701  137.077542391  137.077542391  137.077542391
25.1  190.419417774  137.073749203  137.073749203  137.073749203
25.2  190.372400459  137.069929012  137.069929012  137.069929012
25.3  190.325394753  137.066069747  137.066069747  137.066069747
25.4  190.278400654  137.062159589  137.062159589  137.062159589
25.5  190.231418159  137.058186974  137.058186974  137.058186974
25.6  190.184447264  137.054140587  137.054140587  137.054140587
25.7  190.137487966  137.050009362  137.050009362  137.050009362
25.8  190.090540264  137.045782477  137.045782477  137.045782477
25.9  190.043604154  137.041449353  137.041449353  137.041449353
26.0  189.996679633  137.03699965  137.03699965  137.03699965
26.1  189.949766698  137.032423265  137.032423265  137.032423265
26.2  189.902865347  137.027710327  137.027710327  137.027710327
26.3  189.855975576  137.022851199  137.022851199  137.022851199
26.4  189.809097383  137.017836472  137.017836472  137.017836472
26.5  189.762230765  137.01265696  137.01265696  137.01265696
26.6  189.71537572  137.007303704  137.007303704  137.007303704
26.7  189.668532243  137.001767965  137.001767965  137.001767965
26.8  189.621700333  136.99604122  136.99604122  136.99604122
26.9  189.574879986  136.990115165  136.990115165  136.990115165
27.0  189.528071199  136.983981705  136.983981705  136.983981705
27.1  189.481273971  136.977632959  136.977632959  136.977632959
27.2  189.434488297  136.971061252  136.971061252  136.971061252
27.3  189.387714176  136.964259114  136.964259114  136.964259114
27.4  189.340951604  136.95721928  136.95721928  136.95721928
27.5  189.294200578  136.949934685  136.949934685  136.949934685
27.6  189.247461095  136.942398459  136.942398459  136.942398459
27.7  189.200733153  136.934603932  136.934603932  136.934603932
27.8  189.15401675  136.926544624  136.926544624  136.926544624
27.9  189.107311881  136.918214248  136.918214248  136.918214248
28.0  189.060618544  136.909606704  136.909606704  136.909606704
28.1  189.013936736  136.900716078  136.900716078  136.900716078
28.2  188.967266455  136.89153664  136.89153664  136.89153664
28.3  188.920607697  136.882062842  136.882062842  136.882062842
28.4  188.87396046  136.872289315  136.872289315  136.872289315
28.5  188.827324741  136.862210866  136.862210866  136.862210866
28.6  188.780700537  136.851822476  136.851822476  136.851822476
28.7  188.734087845  136.841119301  136.841119301  136.841119301
28.8  188.687486663  136.830096663  136.830096663  136.830096663
28.9  188.640896987  136.818750055  136.818750055  136.818750055
29.0  188.594318815  136.807075134  136.807075134  136.807075134
29.1  188.547752143  136.795067722  136.795067722  136.795067722
29.2  188.50119697  136.782723799  136.782723799  136.782723799
29.3  188.454653291  136.770039506  136.770039506  136.770039506
29.4  188.408121105  136.757011143  136.757011143  136.757011143
29.5  188.361600409  136.743635161  136.743635161  136.743635161
29.6  188.315091199  136.729908165  136.729908165  136.729908165
29.7  188.268593473  136.715826911  136.715826911  136.715826911
29.8  188.222107227  136.701388304  136.701388304  136.701388304
29.9  188.17563246  136.686589393  136.686589393  136.686589393
30.0  188.129169169  136.671427374  136.671427374  136.671427374
30.0  188.129169169  136.671427374  136.671427374  136.671427374
30.1  188.082717349  136.655899584  136.655899584  136.655899584
30.2  188.036277  136.6400035  136.6400035  136.6400035
30.3  187.989848117  136.623736739  136.623736739  136.623736739
30.4  187.943430698  136.607097052  136.607097052  136.607097052
30.5  187.89702474  136.590082325  136.590082325  136.590082325
30.6  187.850630241  136.572690577  136.572690577  136.572690577
30.7  187.804247197  136.554919959  136.554919959  136.554919959
30.8  187.757875605  136.536768746  136.536768746  136.536768746
30.9  187.711515464  136.518235344  136.518235344  136.518235344
31.0  187.665166769  136.499318281  136.499318281  136.499318281
31.1  187.618829519  136.480016209  136.480016209  136.480016209
31.2  187.57250371  136.460327901  136.460327901  136.460327901
31.3  187.526189339  136.44025225  136.44025225  136.44025225
31.4  187.479886405  136.419788263  136.419788263  136.419788263
31.5  187.433594903  136.398935065  136.398935065  136.398935065
31.6  187.387314831  136.377691895  136.377691895  136.377691895
31.7  187.341046186  136.356058103  136.356058103  136.356058103
31.8  187.294788966  136.334033149  136.334033149  136.334033149
31.9  187.248543167  136.311616602  136.311616602  136.311616602
32.0  187.202308787  136.288808135  136.288808135  136.288808135
32.1  187.156085823  136.265607531  136.265607531  136.265607531
32.2  187.109874272  136.24201467  136.24201467  136.24201467
32.3  187.063674132  136.218029539  136.218029539  136.218029539
32.4  187.017485398  136.19365222  136.19365222  136.19365222
32.5  186.97130807  136.168882897  136.168882897  136.168882897
32.6  186.925142143  136.143721848  136.143721848  136.143721848
32.7  186.878987616  136.118169445  136.118169445  136.118169445
32.8  186.832844485  136.092226157  136.092226157  136.092226157
32.9  186.786712747  136.06589254  136.06589254  136.06589254
33.0  186.740592399  136.039169244  136.039169244  136.039169244
33.1  186.69448344  136.012057003  136.012057003  136.012057003
33.2  186.648385865  135.98455664  135.98455664  135.98455664
33.3  186.602299673  135.956669065  135.956669065  135.956669065
33.4  186.55622486  135.928395268  135.928395268  135.928395268
33.5  186.510161423  135.899736324  135.899736324  135.899736324
33.6  186.46410936  135.870693387  135.870693387  135.870693387
33.7  186.418068668  135.841267689  135.841267689  135.841267689
33.8  186.372039345  135.811460543  135.811460543  135.811460543
33.9  186.326021386  135.781273335  135.781273335  135.781273335
34.0  186.28001479  135.750707527  135.750707527  135.750707527
34.1  186.234019554  135.719764653  135.719764653  135.719764653
34.2  186.188035675  135.68844632  135.68844632  135.68844632
34.3  186.142063149  135.656754205  135.656754205  135.656754205
34.4  186.096101975  135.624690053  135.624690053  135.624690053
34.5  186.05015215  135.592255677  135.592255677  135.592255677
34.6  186.00421367  135.559452956  135.559452956  135.559452956
34.7  185.958286533  135.526283835  135.526283835  135.526283835
34.8  185.912370736  135.492750319  135.492750319  135.492750319
34.9  185.866466277  135.458854479  135.458854479  135.458854479
35.0  185.820573151  135.424598444  135.424598444  135.424598444
35.1  185.774691358  135.389984402  135.389984402  135.389984402
35.2  185.728820893  135.3550146  135.3550146  135.3550146
35.3  185.682961755  135.319691343  135.319691343  135.319691343
35.4  185.63711394  135.284016989  135.284016989  135.284016989
35.5  185.591277445  135.247993952  135.247993952  135.247993952
35.6  185.545452268  135.211624696  135.211624696  135.211624696
35.7  185.499638406  135.174911739  135.174911739  135.174911739
35.8  185.453835856  135.137857651  135.137857651  135.137857651
35.9  185.408044615  135.100465046  135.100465046  135.100465046
36.0  185.362264681  135.06273659  135.06273659  135.06273659
36.1  185.31649605  135.024674995  135.024674995  135.024674995
36.2  185.270738721  134.986283017  134.986283017  134.986283017
36.3  185.22499269  134.947563458  134.947563458  134.947563458
36.4  185.179257954  134.908519163  134.908519163  134.908519163
36.5  185.13353451  134.869153017  134.869153017  134.869153017
36.6  185.087822356  134.829467948  134.829467948  134.829467948
36.7  185.04212149  134.789466923  134.789466923  134.789466923
36.8  184.996431907  134.749152947  134.749152947  134.749152947
36.9  184.950753606  134.708529064  134.708529064  134.708529064
37.0  184.905086584  134.667598352  134.667598352  134.667598352
37.1  184.859430837  134.626363927  134.626363927  134.626363927
37.2  184.813786364  134.584828936  134.584828936  134.584828936
37.3  184.768153161  134.542996563  134.542996563  134.542996563
37.4  184.722531225  134.500870021  134.500870021  134.500870021
37.5  184.676920554  134.458452555  134.458452555  134.458452555
37.6  184.631321145  134.41574744  134.41574744  134.41574744
37.7  184.585732995  134.37275798  134.37275798  134.37275798
37.8  184.540156102  134.329487506  134.329487506  134.329487506
37.9  184.494590462  134.285939379  134.285939379  134.285939379
38.0  184.449036072  134.242116982  134.242116982  134.242116982
38.1  184.403492931  134.198023726  134.198023726  134.198023726
38.2  184.357961036  134.153663044  134.153663044  134.153663044
38.3  184.312440382  134.109038393  134.109038393  134.109038393
38.4  184.266930969  134.064153253  134.064153253  134.064153253
38.5  184.221432792  134.019011123  134.019011123  134.019011123
38.6  184.175945849  133.973615523  133.973615523  133.973615523
38.7  184.130470138  133.927969994  133.927969994  133.927969994
38.8  184.085005656  133.882078094  133.882078094  133.882078094
38.9  184.039552399  133.835943398  133.835943398  133.835943398
39.0  183.994110366  133.789569499  133.789569499  133.789569499
39.1  183.948679552  133.742960004  133.742960004  133.742960004
39.2  183.903259956  133.696118537  133.696118537  133.696118537
39.3  183.857851575  133.649048735  133.649048735  133.649048735
39.4  183.812454406  133.601754248  133.601754248  133.601754248
39.5  183.767068447  133.554238739  133.554238739  133.554238739
39.6  183.721693693  133.506505881  133.506505881  133.506505881
39.7  183.676330143  133.45855936  133.45855936  133.45855936
39.8  183.630977795  133.41040287  133.41040287  133.41040287
39.9  183.585636644  133.362040115  133.362040115  133.362040115
40.0  183.540306689  133.313474808  133.313474808  133.313474808
40.1  183.494987926  133.264710668  133.264710668  133.264710668
40.2  183.449680353  133.215751422  133.215751422  133.215751422
40.3  183.404383968  133.166600803  133.166600803  133.166600803
40.4  183.359098766  133.117262547  133.117262547  133.117262547
40.5  183.313824747  133.067740399  133.067740399  133.067740399
40.6  183.268561906  133.018038104  133.018038104  133.018038104
40.7  183.223310241  132.968159411  132.968159411  132.968159411
40.8  183.178069749  132.918108072  132.918108072  132.918108072
40.9  183.132840428  132.867887842  132.867887842  132.867887842
41.0  183.087622275  132.817502473  132.817502473  132.817502473
41.1  183.042415287  132.766955721  132.766955721  132.766955721
41.2  182.997219461  132.71625134  132.71625134  132.71625134
41.3  182.952034794  132.665393085  132.665393085  132.665393085
41.4  182.906861284  132.614384705  132.614384705  132.614384705
41.5  182.861698929  132.563229951  132.563229951  132.563229951
41.6  182.816547724  132.51193257  132.51193257  132.51193257
41.7  182.771407668  132.460496303  132.460496303  132.460496303
41.8  182.726278758  132.408924889  132.408924889  132.408924889
41.9  182.681160991  132.357222063  132.357222063  132.357222063
42.0  182.636054363  132.305391553  132.305391553  132.305391553
42.1  182.590958874  132.25343708  132.25343708  132.25343708
42.2  182.545874519  132.20136236  132.20136236  132.20136236
42.3  182.500801296  132.149171102  132.149171102  132.149171102
42.4  182.455739202  132.096867007  132.096867007  132.096867007
42.5  182.410688235  132.044453766  132.044453766  132.044453766
42.6  182.365648392  131.991935064  131.991935064  131.991935064
42.7  182.320619669  131.939314574  131.939314574  131.939314574
42.8  182.275602065  131.886595961  131.886595961  131.886595961
42.9  182.230595576  131.833782878  131.833782878  131.833782878
43.0  182.185600201  131.780878967  131.780878967  131.780878967
43.1  182.140615935  131.727887859  131.727887859  131.727887859
43.2  182.095642776  131.674813175  131.674813175  131.674813175
43.3  182.050680722  131.621658519  131.621658519  131.621658519
43.4  182.005729769  131.568427486  131.568427486  131.568427486
43.5  181.960789916  131.515123655  131.515123655  131.515123655
43.6  181.915861159  131.461750593  131.461750593  131.461750593
43.7  181.870943496  131.40831185  131.40831185  131.40831185
43.8  181.826036923  131.354810964  131.354810964  131.354810964
43.9  181.781141438  131.301251457  131.301251457  131.301251457
44.0  181.736257039  131.247636832  131.247636832  131.247636832
44.1  181.691383723  131.19397058  131.19397058  131.19397058
44.2  181.646521486  131.140256174  131.140256174  131.140256174
44.3  181.601670326  131.086497068  131.086497068  131.086497068
44.4  181.556830241  131.032696702  131.032696702  131.032696702
44.5  181.512001228  130.978858495  130.978858495  130.978858495
44.6  181.467183283  130.924985848  130.924985848  130.924985848
44.7  181.422376405  130.871082146  130.871082146  130.871082146
44.8  181.37758059  130.817150752  130.817150752  130.817150752
44.9  181.332795836  130.763195012  130.763195012  130.763195012
45.0  181.288022139  130.709218249  130.709218249  130.709218249
45.0  181.288022139  130.709218249  130.709218249  130.709218249
45.1  181.243259498  130.655223769  130.655223769  130.655223769
45.2  181.19850791  130.601214856  130.601214856  130.601214856
45.3  181.153767372  130.547194774  130.547194774  130.547194774
45.4  181.10903788  130.493166763  130.493166763  130.493166763
45.5  181.064319433  130.439134046  130.439134046  130.439134046
45.6  181.019612028  130.385099819  130.385099819  130.385099819
45.7  180.974915661  130.331067261  130.331067261  130.331067261
45.8  180.930230331  130.277039525  130.277039525  130.277039525
45.9  180.885556034  130.223019742  130.223019742  130.223019742
46.0  180.840892768  130.169011019  130.169011019  130.169011019
46.1  180.796240529  130.115016442  130.115016442  130.115016442
46.2  180.751599316  130.061039071  130.061039071  130.061039071
46.3  180.706969126  130.007081944  130.007081944  130.007081944
46.4  180.662349956  129.953148072  129.953148072  129.953148072
46.5  180.617741802  129.899240444  129.899240444  129.899240444
46.6  180.573144663  129.845362022  129.845362022  129.845362022
46.7  180.528558536  129.791515746  129.791515746  129.791515746
46.8  180.483983418  129.737704528  129.737704528  129.737704528
46.9  180.439419306  129.683931254  129.683931254  129.683931254
47.0  180.394866197  129.630198788  129.630198788  129.630198788
47.1  180.350324089  129.576509964  129.576509964  129.576509964
47.2  180.30579298  129.52286759  129.52286759  129.52286759
47.3  180.261272865  129.469274452  129.469274452  129.469274452
47.4  180.216763744  129.415733303  129.415733303  129.415733303
47.5  180.172265612  129.362246873  129.362246873  129.362246873
47.6  180.127778468  129.308817865  129.308817865  129.308817865
47.7  180.083302308  129.255448953  129.255448953  129.255448953
47.8  180.03883713  129.202142785  129.202142785  129.202142785
47.9  179.994382931  129.148901979  129.148901979  129.148901979
48.0  179.949939708  129.095729128  129.095729128  129.095729128
48.1  179.905507459  129.042626796  129.042626796  129.042626796
48.2  179.861086181  128.989597518  128.989597518  128.989597518
48.3  179.816675871  128.936643801  128.936643801  128.936643801
48.4  179.772276527  128.883768125  128.883768125  128.883768125
48.5  179.727888146  128.830972938  128.830972938  128.830972938
48.6  179.683510725  128.778260663  128.778260663  128.778260663
48.7  179.639144261  128.725633691  128.725633691  128.725633691
48.8  179.594788752  128.673094385  128.673094385  128.673094385
48.9  179.550444195  128.620645081  128.620645081  128.620645081
49.0  179.506110587  128.568288081  128.568288081  128.568288081
49.1  179.461787926  128.516025662  128.516025662  128.516025662
49.2  179.417476209  128.46386007  128.46386007  128.46386007
49.3  179.373175433  128.411793519  128.411793519  128.411793519
49.4  179.328885595  128.359828196  128.359828196  128.359828196
49.5  179.284606694  128.307966257  128.307966257  128.307966257
49.6  179.240338725  128.256209829  128.256209829  128.256209829
49.7  179.196081687  128.204561008  128.204561008  128.204561008
49.8  179.151835576  128.153021859  128.153021859  128.153021859
49.9  179.107600391  128.101594419  128.101594419  128.101594419
50.0  179.063376128  128.050280693  128.050280693  128.050280693
50.1  179.019162784  127.999082655  127.999082655  127.999082655
50.2  178.974960357  127.948002251  127.948002251  127.948002251
50.3  178.930768845  127.897041395  127.897041395  127.897041395
50.4  178.886588244  127.846201971  127.846201971  127.846201971
50.5  178.842418552  127.79548583  127.79548583  127.79548583
50.6  178.798259766  127.744894796  127.744894796  127.744894796
50.7  178.754111884  127.69443066  127.69443066  127.69443066
50.8  178.709974902  127.644095183  127.644095183  127.644095183
50.9  178.665848818  127.593890094  127.593890094  127.593890094
51.0  178.62173363  127.543817094  127.543817094  127.543817094
51.1  178.577629334  127.493877849  127.493877849  127.493877849
51.2  178.533535929  127.444073999  127.444073999  127.444073999
51.3  178.48945341  127.39440715  127.39440715  127.39440715
51.4  178.445381777  127.344878876  127.344878876  127.344878876
51.5  178.401321025  127.295490724  127.295490724  127.295490724
51.6  178.357271152  127.246244207  127.246244207  127.246244207
51.7  178.313232156  127.197140808  127.197140808  127.197140808
51.8  178.269204034  127.14818198  127.14818198  127.14818198
51.9  178.225186783  127.099369143  127.099369143  127.099369143
52.0  178.181180401  127.050703689  127.050703689  127.050703689
52.1  178.137184884  127.002186976  127.002186976  127.002186976
52.2  178.093200231  126.953820334  126.953820334  126.953820334
52.3  178.049226438  126.905605059  126.905605059  126.905605059
52.4  178.005263502  126.857542421  126.857542421  126.857542421
52.5  177.961311422  126.809633654  126.809633654  126.809633654
52.6  177.917370194  126.761879965  126.761879965  126.761879965
52.7  177.873439816  126.714282528  126.714282528  126.714282528
52.8  177.829520285  126.666842488  126.666842488  126.666842488
52.9  177.785611599  126.619560959  126.619560959  126.619560959
53.0  177.741713754  126.572439023  126.572439023  126.572439023
53.1  177.697826748  126.525477734  126.525477734  126.525477734
53.2  177.653950578  126.478678114  126.478678114  126.478678114
53.3  177.610085242  126.432041154  126.432041154  126.432041154
53.4  177.566230737  126.385567817  126.385567817  126.385567817
53.5  177.522387061  126.339259034  126.339259034  126.339259034
53.6  177.47855421  126.293115706  126.293115706  126.293115706
53.7  177.434732182  126.247138704  126.247138704  126.247138704
53.8  177.390920974  126.201328869  126.201328869  126.201328869
53.9  177.347120584  126.155687013  126.155687013  126.155687013
54.0  177.303331008  126.110213916  126.110213916  126.110213916
54.1  177.259552246  126.064910331  126.064910331  126.064910331
54.2  177.215784292  126.019776979  126.019776979  126.019776979
54.3  177.172027146  125.974814553  125.974814553  125.974814553
54.4  177.128280804  125.930023715  125.930023715  125.930023715
54.5  177.084545263  125.885405098  125.885405098  125.885405098
54.6  177.040820522  125.840959308  125.840959308  125.840959308
54.7  176.997106577  125.796686919  125.796686919  125.796686919
54.8  176.953403425  125.752588476  125.752588476  125.752588476
54.9  176.909711064  125.708664497  125.708664497  125.708664497
55.0  176.866029492  125.664915471  125.664915471  125.664915471
55.1  176.822358705  125.621341855  125.621341855  125.621341855
55.2  176.778698701  125.577944082  125.577944082  125.577944082
55.3  176.735049478  125.534722552  125.534722552  125.534722552
55.4  176.691411032  125.491677641  125.491677641  125.491677641
55.5  176.647783361  125.448809694  125.448809694  125.448809694
55.6  176.604166462  125.406119029  125.406119029  125.406119029
55.7  176.560560333  125.363605934  125.363605934  125.363605934
55.8  176.516964971  125.321270673  125.321270673  125.321270673
55.9  176.473380373  125.279113478  125.279113478  125.279113478
56.0  176.429806537  125.237134557  125.237134557  125.237134557
56.1  176.38624346  125.195334088  125.195334088  125.195334088
56.2  176.34269114  125.153712224  125.153712224  125.153712224
56.3  176.299149573  125.112269089  125.112269089  125.112269089
56.4  176.255618757  125.071004781  125.071004781  125.071004781
56.5  176.212098689  125.029919371  125.029919371  125.029919371
56.6  176.168589367  124.989012903  124.989012903  124.989012903
56.7  176.125090788  124.948285395  124.948285395  124.948285395
56.8  176.08160295  124.907736838  124.907736838  124.907736838
56.9  176.03812585  124.867367198  124.867367198  124.867367198
57.0  175.994659484  124.827176413  124.827176413  124.827176413
57.1  175.951203851  124.787164398  124.787164398  124.787164398
57.2  175.907758948  124.747331039  124.747331039  124.747331039
57.3  175.864324772  124.707676199  124.707676199  124.707676199
57.4  175.820901321  124.668199715  124.668199715  124.668199715
57.5  175.777488591  124.628901398  124.628901398  124.628901398
57.6  175.734086581  124.589781036  124.589781036  124.589781036
57.7  175.690695287  124.550838389  124.550838389  124.550838389
57.8  175.647314708  124.512073195  124.512073195  124.512073195
57.9  175.603944839  124.473485167  124.473485167  124.473485167
58.0  175.560585679  124.435073993  124.435073993  124.435073993
58.1  175.517237226  124.396839338  124.396839338  124.396839338
58.2  175.473899475  124.358780841  124.358780841  124.358780841
58.3  175.430572425  124.320898121  124.320898121  124.320898121
58.4  175.387256074  124.283190769  124.283190769  124.283190769
58.5  175.343950418  124.245658357  124.245658357  124.245658357
58.6  175.300655454  124.20830043  124.20830043  124.20830043
58.7  175.257371181  124.171116513  124.171116513  124.171116513
58.8  175.214097595  124.134106106  124.134106106  124.134106106
58.9  175.170834694  124.097268689  124.097268689  124.097268689
59.0  175.127582476  124.060603716  124.060603716  124.060603716
59.1  175.084340937  124.024110624  124.024110624  124.024110624
59.2  175.041110075  123.987788823  123.987788823  123.987788823
59.3  174.997889887  123.951637703  123.951637703  123.951637703
59.4  174.954680371  123.915656635  123.915656635  123.915656635
59.5  174.911481524  123.879844965  123.879844965  123.879844965
59.6  174.868293343  123.84420202  123.84420202  123.84420202
59.7  174.825115826  123.808727105  123.808727105  123.808727105
59.8  174.781948971  123.773419505  123.773419505  123.773419505
59.9  174.738792774  123.738278485  123.738278485  123.738278485
60.0  174.695647232  123.703303289  123.703303289  123.703303289
60.0  174.695647232  123.703303289  123.703303289  123.703303289
60.1  174.652512344  123.66849314  123.66849314  123.66849314
60.2  174.609388107  123.633847243  123.633847243  123.633847243
60.3  174.566274518  123.599364782  123.599364782  123.599364782
60.4  174.523171574  123.565044924  123.565044924  123.565044924
60.5  174.480079273  123.530886813  123.530886813  123.530886813
60.6  174.436997611  123.496889576  123.496889576  123.496889576
60.7  174.393926588  123.463052323  123.463052323  123.463052323
60.8  174.350866199  123.429374143  123.429374143  123.429374143
60.9  174.307816443  123.395854107  123.395854107  123.395854107
61.0  174.264777316  123.362491269  123.362491269  123.362491269
61.1  174.221748816  123.329284665  123.329284665  123.329284665
61.2  174.17873094  123.296233312  123.296233312  123.296233312
61.3  174.135723686  123.263336211  123.263336211  123.263336211
61.4  174.092727052  123.230592347  123.230592347  123.230592347
61.5  174.049741033  123.198000684  123.198000684  123.198000684
61.6  174.006765629  123.165560173  123.165560173  123.165560173
61.7  173.963800836  123.133269748  123.133269748  123.133269748
61.8  173.920846651  123.101128325  123.101128325  123.101128325
61.9  173.877903073  123.069134806  123.069134806  123.069134806
62.0  173.834970098  123.037288077  123.037288077  123.037288077
62.1  173.792047724  123.005587006  123.005587006  123.005587006
62.2  173.749135947  122.974030448  122.974030448  122.974030448
62.3  173.706234767  122.942617243  122.942617243  122.942617243
62.4  173.663344179  122.911346216  122.911346216  122.911346216
62.5  173.620464182  122.880216176  122.880216176  122.880216176
62.6  173.577594772  122.849225918  122.849225918  122.849225918
62.7  173.534735947  122.818374226  122.818374226  122.818374226
62.8  173.491887705  122.787659866  122.787659866  122.787659866
62.9  173.449050043  122.757081591  122.757081591  122.757081591
63.0  173.406222958  122.726638144  122.726638144  122.726638144
63.1  173.363406448  122.69632825  122.69632825  122.69632825
63.2  173.320600509  122.666150625  122.666150625  122.666150625
63.3  173.27780514  122.636103969  122.636103969  122.636103969
63.4  173.235020338  122.606186973  122.606186973  122.606186973
63.5  173.1922461  122.576398314  122.576398314  122.576398314
63.6  173.149482424  122.546736655  122.546736655  122.546736655
63.7  173.106729306  122.517200652  122.517200652  122.517200652
63.8  173.063986745  122.487788945  122.487788945  122.487788945
63.9  173.021254738  122.458500164  122.458500164  122.458500164
64.0  172.978533281  122.429332931  122.429332931  122.429332931
64.1  172.935822374  122.400285852  122.400285852  122.400285852
64.2  172.893122012  122.371357527  122.371357527  122.371357527
64.3  172.850432194  122.342546542  122.342546542  122.342546542
64.4  172.807752916  122.313851477  122.313851477  122.313851477
64.5  172.765084177  122.285270899  122.285270899  122.285270899
64.6  172.722425973  122.256803366  122.256803366  122.256803366
64.7  172.679778302  122.228447428  122.228447428  122.228447428
64.8  172.637141161  122.200201624  122.200201624  122.200201624
64.9  172.594514548  122.172064486  122.172064486  122.172064486
65.0  172.55189846  122.144034535  122.144034535  122.144034535
65.1  172.509292895  122.116110287  122.116110287  122.116110287
65.2  172.466697849  122.088290247  122.088290247  122.088290247
65.3  172.424113321  122.060572913  122.060572913  122.060572913
65.4  172.381539308  122.032956776  122.032956776  122.032956776
65.5  172.338975807  122.005440318  122.005440318  122.005440318
65.6  172.296422815  121.978022016  121.978022016  121.978022016
65.7  172.253880331  121.950700338  121.950700338  121.950700338
65.8  172.21134835  121.923473747  121.923473747  121.923473747
65.9  172.168826872  121.896340699  121.896340699  121.896340699
66.0  172.126315892  121.869299642  121.869299642  121.869299642
66.1  172.08381541  121.842349021  121.842349021  121.842349021
66.2  172.041325421  121.815487273  121.815487273  121.815487273
66.3  171.998845923  121.788712831  121.788712831  121.788712831
66.4  171.956376915  121.762024121  121.762024121  121.762024121
66.5  171.913918392  121.735419566  121.735419566  121.735419566
66.6  171.871470354  121.708897584  121.708897584  121.708897584
66.7  171.829032796  121.682456585  121.682456585  121.682456585
66.8  171.786605716  121.65609498  121.65609498  121.65609498
66.9  171.744189113  121.629811173  121.629811173  121.629811173
67.0  171.701782983  121.603603563  121.603603563  121.603603563
67.1  171.659387323  121.577470547  121.577470547  121.577470547
67.2  171.617002132  121.55141052  121.55141052  121.55141052
67.3  171.574627406  121.52542187  121.52542187  121.52542187
67.4  171.532263143  121.499502987  121.499502987  121.499502987
67.5  171.489909341  121.473652254  121.473652254  121.473652254
67.6  171.447565996  121.447868053  121.447868053  121.447868053
67.7  171.405233106  121.422148765  121.422148765  121.422148765
67.8  171.362910669  121.396492768  121.396492768  121.396492768
67.9  171.320598682  121.370898437  121.370898437  121.370898437
68.0  171.278297143  121.345364148  121.345364148  121.345364148
68.1  171.236006048  121.319888275  121.319888275  121.319888275
68.2  171.193725396  121.294469188  121.294469188  121.294469188
68.3  171.151455183  121.269105261  121.269105261  121.269105261
68.4  171.109195407  121.243794863  121.243794863  121.243794863
68.5  171.066946066  121.218536365  121.218536365  121.218536365
68.6  171.024707157  121.193328138  121.193328138  121.193328138
68.7  170.982478678  121.168168552  121.168168552  121.168168552
68.8  170.940260625  121.143055977  121.143055977  121.143055977
68.9  170.898052996  121.117988785  121.117988785  121.117988785
69.0  170.855855789  121.092965347  121.092965347  121.092965347
69.1  170.813669002  121.067984036  121.067984036  121.067984036
69.2  170.77149263  121.043043227  121.043043227  121.043043227
69.3  170.729326673  121.018141293  121.018141293  121.018141293
69.4  170.687171127  120.993276613  120.993276613  120.993276613
69.5  170.64502599  120.968447565  120.968447565  120.968447565
69.6  170.602891259  120.943652529  120.943652529  120.943652529
69.7  170.560766932  120.918889888  120.918889888  120.918889888
69.8  170.518653006  120.894158028  120.894158028  120.894158028
69.9  170.476549478  120.869455337  120.869455337  120.869455337
70.0  170.434456347  120.844780206  120.844780206  120.844780206
70.1  170.392373609  120.820131028  120.820131028  120.820131028
70.2  170.350301261  120.795506201  120.795506201  120.795506201
70.3  170.308239302  120.770904126  120.770904126  120.770904126
70.4  170.266187729  120.746323206  120.746323206  120.746323206
70.5  170.224146539  120.721761851  120.721761851  120.721761851
70.6  170.182115729  120.697218473  120.697218473  120.697218473
70.7  170.140095298  120.672691488  120.672691488  120.672691488
70.8  170.098085241  120.648179318  120.648179318  120.648179318
70.9  170.056085558  120.623680389  120.623680389  120.623680389
71.0  170.014096245  120.599193132  120.599193132  120.599193132
71.1  169.9721173  120.574715983  120.574715983  120.574715983
71.2  169.93014872  120.550247383  120.550247383  120.550247383
71.3  169.888190503  120.525785779  120.525785779  120.525785779
71.4  169.846242646  120.501329624  120.501329624  120.501329624
71.5  169.804305146  120.476877376  120.476877376  120.476877376
71.6  169.762378001  120.452427499  120.452427499  120.452427499
71.7  169.720461209  120.427978465  120.427978465  120.427978465
71.8  169.678554767  120.403528752  120.403528752  120.403528752
71.9  169.636658671  120.379076842  120.379076842  120.379076842
72.0  169.594772921  120.354621226  120.354621226  120.354621226
72.1  169.552897513  120.330160404  120.330160404  120.330160404
72.2  169.511032444  120.305692879  120.305692879  120.305692879
72.3  169.469177713  120.281217164  120.281217164  120.281217164
72.4  169.427333316  120.25673178  120.25673178  120.25673178
72.5  169.385499251  120.232235253  120.232235253  120.232235253
72.6  169.343675516  120.207726121  120.207726121  120.207726121
72.7  169.301862107  120.183202926  120.183202926  120.183202926
72.8  169.260059023  120.158664221  120.158664221  120.158664221
72.9  169.218266261  120.134108566  120.134108566  120.134108566
73.0  169.176483817  120.109534532  120.109534532  120.109534532
73.1  169.134711691  120.084940695  120.084940695  120.084940695
73.2  169.092949879  120.060325644  120.060325644  120.060325644
73.3  169.051198378  120.035687974  120.035687974  120.035687974
73.4  169.009457186  120.011026291  120.011026291  120.011026291
73.5  168.967726301  119.98633921  119.98633921  119.98633921
73.6  168.92600572  119.961625355  119.961625355  119.961625355
73.7  168.88429544  119.936883361  119.936883361  119.936883361
73.8  168.842595459  119.912111874  119.912111874  119.912111874
73.9  168.800905774  119.887309546  119.887309546  119.887309546
74.0  168.759226383  119.862475043  119.862475043  119.862475043
74.1  168.717557284  119.837607041  119.837607041  119.837607041
74.2  168.675898473  119.812704225  119.812704225  119.812704225
74.3  168.634249948  119.787765293  119.787765293  119.787765293
74.4  168.592611707  119.762788951  119.762788951  119.762788951
74.5  168.550983747  119.737773918  119.737773918  119.737773918
74.6  168.509366066  119.712718924  119.712718924  119.712718924
74.7  168.46775866  119.687622711  119.687622711  119.687622711
74.8  168.426161528  119.66248403  119.66248403  119.66248403
74.9  168.384574667  119.637301647  119.637301647  119.637301647
75.0  168.342998075  119.612074337  119.612074337  119.612074337
75.0  168.342998075  119.612074337  119.612074337  119.612074337
75.1  168.301431748  119.586800889  119.586800889  119.586800889
75.2  168.259875684  119.561480101  119.561480101  119.561480101
75.3  168.218329882  119.536110788  119.536110788  119.536110788
75.4  168.176794337  119.510691772  119.510691772  119.510691772
75.5  168.135269049  119.485221892  119.485221892  119.485221892
75.6  168.093754013  119.459699997  119.459699997  119.459699997
75.7  168.052249228  119.434124948  119.434124948  119.434124948
75.8  168.010754692  119.408495622  119.408495622  119.408495622
75.9  167.9692704  119.382810906  119.382810906  119.382810906
76.0  167.927796352  119.357069701  119.357069701  119.357069701
76.1  167.886332545  119.331270922  119.331270922  119.331270922
76.2  167.844878976  119.305413497  119.305413497  119.305413497
76.3  167.803435642  119.279496367  119.279496367  119.279496367
76.4  167.762002541  119.253518486  119.253518486  119.253518486
76.5  167.72057967  119.227478823  119.227478823  119.227478823
76.6  167.679167027  119.20137636  119.20137636  119.20137636
76.7  167.63776461  119.175210094  119.175210094  119.175210094
76.8  167.596372416  119.148979034  119.148979034  119.148979034
76.9  167.554990442  119.122682205  119.122682205  119.122682205
77.0  167.513618685  119.096318645  119.096318645  119.096318645
77.1  167.472257144  119.069887408  119.069887408  119.069887408
77.2  167.430905816  119.043387559  119.043387559  119.043387559
77.3  167.389564698  119.016818182  119.016818182  119.016818182
77.4  167.348233788  118.990178373  118.990178373  118.990178373
77.5  167.306913083  118.963467242  118.963467242  118.963467242
77.6  167.26560258  118.936683915  118.936683915  118.936683915
77.7  167.224302278  118.909827535  118.909827535  118.909827535
77.8  167.183012174  118.882897256  118.882897256  118.882897256
77.9  167.141732264  118.855892249  118.855892249  118.855892249
78.0  167.100462547  118.828811701  118.828811701  118.828811701
78.1  167.05920302  118.801654813  118.801654813  118.801654813
78.2  167.017953681  118.774420802  118.774420802  118.774420802
78.3  166.976714527  118.7471089  118.7471089  118.7471089
78.4  166.935485556  118.719718354  118.719718354  118.719718354
78.5  166.894266764  118.692248429  118.692248429  118.692248429
78.6  166.85305815  118.664698402  118.664698402  118.664698402
78.7  166.811859711  118.637067569  118.637067569  118.637067569
78.8  166.770671444  118.60935524  118.60935524  118.60935524
78.9  166.729493348  118.581560742  118.581560742  118.581560742
79.0  166.688325419  118.553683416  118.553683416  118.553683416
79.1  166.647167655  118.525722621  118.525722621  118.525722621
79.2  166.606020053  118.497677732  118.497677732  118.497677732
79.3  166.564882611  118.469548138  118.469548138  118.469548138
79.4  166.523755327  118.441333246  118.441333246  118.441333246
79.5  166.482638198  118.41303248  118.41303248  118.41303248
79.6  166.441531221  118.384645279  118.384645279  118.384645279
79.7  166.400434394  118.356171097  118.356171097  118.356171097
79.8  166.359347714  118.327609408  118.327609408  118.327609408
79.9  166.318271179  118.298959699  118.298959699  118.298959699
80.0  166.277204787  118.270221475  118.270221475  118.270221475
80.1  166.236148534  118.241394258  118.241394258  118.241394258
80.2  166.195102419  118.212477586  118.212477586  118.212477586
80.3  166.154066439  118.183471013  118.183471013  118.183471013
80.4  166.113040591  118.154374111  118.154374111  118.154374111
80.5  166.072024873  118.125186468  118.125186468  118.125186468
80.6  166.031019283  118.095907688  118.095907688  118.095907688
80.7  165.990023817  118.066537394  118.066537394  118.066537394
80.8  165.949038474  118.037075222  118.037075222  118.037075222
80.9  165.90806325  118.00752083  118.00752083  118.00752083
81.0  165.867098144  117.977873887  117.977873887  117.977873887
81.1  165.826143153  117.948134085  117.948134085  117.948134085
81.2  165.785198274  117.918301127  117.918301127  117.918301127
81.3  165.744263505  117.888374738  117.888374738  117.888374738
81.4  165.703338844  117.858354656  117.858354656  117.858354656
81.5  165.662424287  117.828240639  117.828240639  117.828240639
81.6  165.621519833  117.798032459  117.798032459  117.798032459
81.7  165.580625478  117.767729909  117.767729909  117.767729909
81.8  165.539741221  117.737332794  117.737332794  117.737332794
81.9  165.498867059  117.70684094  117.70684094  117.70684094
82.0  165.45800299  117.676254188  117.676254188  117.676254188
82.1  165.41714901  117.645572398  117.645572398  117.645572398
82.2  165.376305118  117.614795444  117.614795444  117.614795444
82.3  165.335471311  117.583923219  117.583923219  117.583923219
82.4  165.294647586  117.552955634  117.552955634  117.552955634
82.5  165.253833941  117.521892614  117.521892614  117.521892614
82.6  165.213030373  117.490734104  117.490734104  117.490734104
82.7  165.172236881  117.459480064  117.459480064  117.459480064
82.8  165.131453461  117.428130472  117.428130472  117.428130472
82.9  165.090680111  117.396685323  117.396685323  117.396685323
83.0  165.049916829  117.365144628  117.365144628  117.365144628
83.1  165.009163612  117.333508415  117.333508415  117.333508415
83.2  164.968420457  117.301776731  117.301776731  117.301776731
83.3  164.927687362  117.269949638  117.269949638  117.269949638
83.4  164.886964325  117.238027216  117.238027216  117.238027216
83.5  164.846251343  117.206009559  117.206009559  117.206009559
83.6  164.805548414  117.173896782  117.173896782  117.173896782
83.7  164.764855535  117.141689014  117.141689014  117.141689014
83.8  164.724172703  117.109386403  117.109386403  117.109386403
83.9  164.683499917  117.07698911  117.07698911  117.07698911
84.0  164.642837173  117.044497317  117.044497317  117.044497317
84.1  164.60218447  117.011911219  117.011911219  117.011911219
84.2  164.561541804  116.979231032  116.979231032  116.979231032
84.3  164.520909174  116.946456983  116.946456983  116.946456983
84.4  164.480286576  116.913589321  116.913589321  116.913589321
84.5  164.439674009  116.880628308  116.880628308  116.880628308
84.6  164.399071469  116.847574223  116.847574223  116.847574223
84.7  164.358478955  116.814427362  116.814427362  116.814427362
84.8  164.317896464  116.781188039  116.781188039  116.781188039
84.9  164.277323993  116.74785658  116.74785658  116.74785658
85.0  164.23676154  116.714433332  116.714433332  116.714433332
85.1  164.196209103  116.680918655  116.680918655  116.680918655
85.2  164.155666678  116.647312926  116.647312926  116.647312926
85.3  164.115134264  116.613616539  116.613616539  116.613616539
85.4  164.074611858  116.579829903  116.579829903  116.579829903
85.5  164.034099458  116.545953443  116.545953443  116.545953443
85.6  163.993597061  116.5119876  116.5119876  116.5119876
85.7  163.953104664  116.477932831  116.477932831  116.477932831
85.8  163.912622266  116.443789609  116.443789609  116.443789609
85.9  163.872149863  116.409558423  116.409558423  116.409558423
86.0  163.831687453  116.375239775  116.375239775  116.375239775
86.1  163.791235035  116.340834186  116.340834186  116.340834186
86.2  163.750792604  116.30634219  116.30634219  116.30634219
86.3  163.710360159  116.271764339  116.271764339  116.271764339
86.4  163.669937698  116.237101196  116.237101196  116.237101196
86.5  163.629525218  116.202353344  116.202353344  116.202353344
86.6  163.589122716  116.167521377  116.167521377  116.167521377
86.7  163.54873019  116.132605907  116.132605907  116.132605907
86.8  163.508347637  116.09760756  116.09760756  116.09760756
86.9  163.467975056  116.062526976  116.062526976  116.062526976
87.0  163.427612443  116.02736481  116.02736481  116.02736481
87.1  163.387259796  115.992121734  115.992121734  115.992121734
87.2  163.346917113  115.95679843  115.95679843  115.95679843
87.3  163.306584391  115.921395599  115.921395599  115.921395599
87.4  163.266261627  115.885913953  115.885913953  115.885913953
87.5  163.22594882  115.850354221  115.850354221  115.850354221
87.6  163.185645967  115.814717144  115.814717144  115.814717144
87.7  163.145353066  115.779003477  115.779003477  115.779003477
87.8  163.105070113  115.743213992  115.743213992  115.743213992
87.9  163.064797106  115.70734947  115.70734947  115.70734947
88.0  163.024534044  115.67141071  115.67141071  115.67141071
88.1  162.984280923  115.635398522  115.635398522  115.635398522
88.2  162.944037741  115.599313731  115.599313731  115.599313731
88.3  162.903804496  115.563157174  115.563157174  115.563157174
88.4  162.863581185  115.526929703  115.526929703  115.526929703
88.5  162.823367805  115.49063218  115.49063218  115.49063218
88.6  162.783164355  115.454265484  115.454265484  115.454265484
88.7  162.742970832  115.417830504  115.417830504  115.417830504
88.8  162.702787233  115.381328142  115.381328142  115.381328142
88.9  162.662613556  115.344759315  115.344759315  115.344759315
89.0  162.622449799  115.308124949  115.308124949  115.308124949
89.1  162.582295958  115.271425984  115.271425984  115.271425984
89.2  162.542152032  115.234663373  115.234663373  115.234663373
89.3  162.502018019  115.19783808  115.19783808  115.19783808
89.4  162.461893914  115.160951082  115.160951082  115.160951082
89.5  162.421779718  115.124003366  115.124003366  115.124003366
89.6  162.381675425  115.086995931  115.086995931  115.086995931
89.7  162.341581036  115.04992979  115.04992979  115.04992979
89.8  162.301496546  115.012805965  115.012805965  115.012805965
89.9  162.261421953  114.975625489  114.975625489  114.975625489
90.0  162.221357256  114.938389408  114.938389408  114.938389408
90.0  162.221357256  114.938389408  114.938389408  114.938389408
90.1  162.181302451  114.901098776  114.901098776  114.901098776
90.2  162.141257536  114.863754661  114.863754661  114.863754661
90.3  162.101222509  114.82635814  114.82635814  114.82635814
90.4  162.061197367  114.788910301  114.788910301  114.788910301
90.5  162.021182108  114.751412241  114.751412241  114.751412241
90.6  161.981176729  114.713865068  114.713865068  114.713865068
90.7  161.941181228  114.6762699  114.6762699  114.6762699
90.8  161.901195603  114.638627866  114.638627866  114.638627866
90.9  161.86121985  114.600940103  114.600940103  114.600940103
91.0  161.821253969  114.563207758  114.563207758  114.563207758
91.1  161.781297955  114.525431987  114.525431987  114.525431987
91.2  161.741351807  114.487613956  114.487613956  114.487613956
91.3  161.701415523  114.449754839  114.449754839  114.449754839
91.4  161.661489099  114.411855821  114.411855821  114.411855821
91.5  161.621572533  114.373918092  114.373918092  114.373918092
91.6  161.581665824  114.335942854  114.335942854  114.335942854
91.7  161.541768968  114.297931314  114.297931314  114.297931314
91.8  161.501881963  114.259884692  114.259884692  114.259884692
91.9  161.462004807  114.22180421  114.22180421  114.22180421
92.0  161.422137498  114.183691102  114.183691102  114.183691102
92.1  161.382280032  114.145546608  114.145546608  114.145546608
92.2  161.342432407  114.107371976  114.107371976  114.107371976
92.3  161.302594621  114.069168461  114.069168461  114.069168461
92.4  161.262766672  114.030937325  114.030937325  114.030937325
92.5  161.222948557  113.992679837  113.992679837  113.992679837
92.6  161.183140274  113.954397271  113.954397271  113.954397271
92.7  161.14334182  113.916090911  113.916090911  113.916090911
92.8  161.103553193  113.877762044  113.877762044  113.877762044
92.9  161.06377439  113.839411965  113.839411965  113.839411965
93.0  161.024005409  113.801041974  113.801041974  113.801041974
93.1  160.984246247  113.762653378  113.762653378  113.762653378
93.2  160.944496903  113.724247487  113.724247487  113.724247487
93.3  160.904757374  113.685825618  113.685825618  113.685825618
93.4  160.865027656  113.647389094  113.647389094  113.647389094
93.5  160.825307749  113.608939242  113.608939242  113.608939242
93.6  160.785597649  113.570477392  113.570477392  113.570477392
93.7  160.745897354  113.532004881  113.532004881  113.532004881
93.8  160.706206861  113.49352305  113.49352305  113.49352305
93.9  160.666526169  113.455033243  113.455033243  113.455033243
94.0  160.626855274  113.416536809  113.416536809  113.416536809
94.1  160.587194175  113.378035099  113.378035099  113.378035099
94.2  160.547542869  113.339529469  113.339529469  113.339529469
94.3  160.507901353  113.301021279  113.301021279  113.301021279
94.4  160.468269625  113.26251189  113.26251189  113.26251189
94.5  160.428647683  113.224002668  113.224002668  113.224002668
94.6  160.389035524  113.185494979  113.185494979  113.185494979
94.7  160.349433146  113.146990194  113.146990194  113.146990194
94.8  160.309840546  113.108489684  113.108489684  113.108489684
94.9  160.270257722  113.069994825  113.069994825  113.069994825
95.0  160.230684672  113.031506991  113.031506991  113.031506991
95.1  160.191121393  112.993027561  112.993027561  112.993027561
95.2  160.151567883  112.954557913  112.954557913  112.954557913
95.3  160.112024139  112.916099428  112.916099428  112.916099428
95.4  160.072490159  112.877653486  112.877653486  112.877653486
95.5  160.03296594  112.83922147  112.83922147  112.83922147
95.6  159.993451481  112.80080476  112.80080476  112.80080476
95.7  159.953946778  112.76240474  112.76240474  112.76240474
95.8  159.91445183  112.724022792  112.724022792  112.724022792
95.9  159.874966633  112.685660298  112.685660298  112.685660298
96.0  159.835491186  112.64731864  112.64731864  112.64731864
96.1  159.796025486  112.608999198  112.608999198  112.608999198
96.2  159.756569531  112.570703354  112.570703354  112.570703354
96.3  159.717123318  112.532432486  112.532432486  112.532432486
96.4  159.677686845  112.494187972  112.494187972  112.494187972
96.5  159.638260109  112.455971189  112.455971189  112.455971189
96.6  159.598843108  112.41778351  112.41778351  112.41778351
96.7  159.55943584  112.379626308  112.379626308  112.379626308
96.8  159.520038302  112.341500953  112.341500953  112.341500953
96.9  159.480650492  112.303408814  112.303408814  112.303408814
97.0  159.441272407  112.265351254  112.265351254  112.265351254
97.1  159.401904045  112.227329635  112.227329635  112.227329635
97.2  159.362545404  112.189345317  112.189345317  112.189345317
97.3  159.323196482  112.151399655  112.151399655  112.151399655
97.4  159.283857275  112.113494  112.113494  112.113494
97.5  159.244527781  112.0756297  112.0756297  112.0756297
97.6  159.205207998  112.037808099  112.037808099  112.037808099
97.7  159.165897924  112.000030536  112.000030536  112.000030536
97.8  159.126597557  111.962298345  111.962298345  111.962298345
97.9  159.087306893  111.924612857  111.924612857  111.924612857
98.0  159.04802593  111.886975396  111.886975396  111.886975396
98.1  159.008754667  111.849387282  111.849387282  111.849387282
98.2  158.9694931  111.811849827  111.811849827  111.811849827
98.3  158.930241228  111.774364341  111.774364341  111.774364341
98.4  158.890999047  111.736932125  111.736932125  111.736932125
98.5  158.851766556  111.699554474  111.699554474  111.699554474
98.6  158.812543752  111.662232678  111.662232678  111.662232678
98.7  158.773330632  111.62496802  111.62496802  111.62496802
98.8  158.734127195  111.587761774  111.587761774  111.587761774
98.9  158.694933438  111.550615208  111.550615208  111.550615208
99.0  158.655749358  111.513529584  111.513529584  111.513529584
99.1  158.616574953  111.476506153  111.476506153  111.476506153
99.2  158.577410222  111.439546161  111.439546161  111.439546161
99.3  158.53825516  111.402650845  111.402650845  111.402650845
99.4  158.499109766  111.365821432  111.365821432  111.365821432
99.5  158.459974038  111.329059141  111.329059141  111.329059141
99.6  158.420847973  111.292365184  111.292365184  111.292365184
99.7  158.381731569  111.255740762  111.255740762  111.255740762
99.8  158.342624824  111.219187066  111.219187066  111.219187066
99.9  158.303527734  111.182705278  111.182705278  111.182705278
100.0  158.264440298  111.146296571  111.146296571  111.146296571
100.1  158.225362513  111.109962106  111.109962106  111.109962106
100.2  158.186294377  111.073703036  111.073703036  111.073703036
100.3  158.147235888  111.037520501  111.037520501  111.037520501
100.4  158.108187043  111.001415632  111.001415632  111.001415632
100.5  158.069147839  110.965389546  110.965389546  110.965389546
100.6  158.030118275  110.929443352  110.929443352  110.929443352
100.7  157.991098348  110.893578145  110.893578145  110.893578145
100.8  157.952088055  110.857795009  110.857795009  110.857795009
100.9  157.913087394  110.822095017  110.822095017  110.822095017
101.0  157.874096364  110.786479227  110.786479227  110.786479227
101.1  157.835114961  110.750948686  110.750948686  110.750948686
101.2  157.796143183  110.715504429  110.715504429  110.715504429
101.3  157.757181027  110.680147477  110.680147477  110.680147477
101.4  157.718228492  110.644878836  110.644878836  110.644878836
101.5  157.679285575  110.609699501  110.609699501  110.609699501
101.6  157.640352273  110.574610452  110.574610452  110.574610452
101.7  157.601428585  110.539612656  110.539612656  110.539612656
101.8  157.562514507  110.504707063  110.504707063  110.504707063
101.9  157.523610038  110.469894612  110.469894612  110.469894612
102.0  157.484715175  110.435176224  110.435176224  110.435176224
102.1  157.445829916  110.400552808  110.400552808  110.400552808
102.2  157.406954258  110.366025255  110.366025255  110.366025255
102.3  157.368088199  110.331594442  110.331594442  110.331594442
102.4  157.329231737  110.29726123  110.29726123  110.29726123
102.5  157.290384868  110.263026465  110.263026465  110.263026465
102.6  157.251547592  110.228890974  110.228890974  110.228890974
102.7  157.212719905  110.194855571  110.194855571  110.194855571
102.8  157.173901805  110.160921051  110.160921051  110.160921051
102.9  157.13509329  110.127088193  110.127088193  110.127088193
103.0  157.096294358  110.093357758  110.093357758  110.093357758
103.1  157.057505005  110.059730491  110.059730491  110.059730491
103.2  157.01872523  110.026207118  110.026207118  110.026207118
103.3  156.979955031  109.992788349  109.992788349  109.992788349
103.4  156.941194404  109.959474874  109.959474874  109.959474874
103.5  156.902443348  109.926267365  109.926267365  109.926267365
103.6  156.86370186  109.893166476  109.893166476  109.893166476
103.7  156.824969938  109.860172843  109.860172843  109.860172843
103.8  156.786247579  109.827287081  109.827287081  109.827287081
103.9  156.747534781  109.794509788  109.794509788  109.794509788
104.0  156.708831543  109.761841541  109.761841541  109.761841541
104.1  156.67013786  109.729282899  109.729282899  109.729282899
104.2  156.631453732  109.696834398  109.696834398  109.696834398
104.3  156.592779155  109.664496557  109.664496557  109.664496557
104.4  156.554114128  109.632269873  109.632269873  109.632269873
104.5  156.515458647  109.600154824  109.600154824  109.600154824
104.6  156.476812711  109.568151866  109.568151866  109.568151866
104.7  156.438176318  109.536261433  109.536261433  109.536261433
104.8  156.399549464  109.504483941  109.504483941  109.504483941
104.9  156.360932148  109.472819781  109.472819781  109.472819781
105.0  156.322324367  109.441269325  109.441269325  109.441269325
105.0  156.322324367  109.441269325  109.441269325  109.441269325
105.1  156.283726119  109.409832922  109.409832922  109.409832922
105.2  156.245137401  109.378510899  109.378510899  109.378510899
105.3  156.206558211  109.34730356  109.34730356  109.34730356
105.4  156.167988548  109.316211189  109.316211189  109.316211189
105.5  156.129428407  109.285234045  109.285234045  109.285234045
105.6  156.090877788  109.254372365  109.254372365  109.254372365
105.7  156.052336687  109.223626363  109.223626363  109.223626363
105.8  156.013805103  109.192996229  109.192996229  109.192996229
105.9  155.975283033  109.16248213  109.16248213  109.16248213
106.0  155.936770474  109.132084209  109.132084209  109.132084209
106.1  155.898267425  109.101802587  109.101802587  109.101802587
106.2  155.859773882  109.071637358  109.071637358  109.071637358
106.3  155.821289844  109.041588593  109.041588593  109.041588593
106.4  155.782815309  109.011656339  109.011656339  109.011656339
106.5  155.744350273  108.981840618  108.981840618  108.981840618
106.6  155.705894735  108.952141427  108.952141427  108.952141427
106.7  155.667448693  108.922558739  108.922558739  108.922558739
106.8  155.629012143  108.893092499  108.893092499  108.893092499
106.9  155.590585083  108.86374263  108.86374263  108.86374263
107.0  155.552167512  108.834509027  108.834509027  108.834509027
107.1  155.513759427  108.80539156  108.80539156  108.80539156
107.2  155.475360825  108.776390074  108.776390074  108.776390074
107.3  155.436971705  108.747504387  108.747504387  108.747504387
107.4  155.398592063  108.71873429  108.71873429  108.71873429
107.5  155.360221898  108.690079548  108.690079548  108.690079548
107.6  155.321861206  108.661539901  108.661539901  108.661539901
107.7  155.283509987  108.63311506  108.63311506  108.63311506
107.8  155.245168237  108.60480471  108.60480471  108.60480471
107.9  155.206835955  108.576608508  108.576608508  108.576608508
108.0  155.168513137  108.548526086  108.548526086  108.548526086
108.1  155.130199781  108.520557045  108.520557045  108.520557045
108.2  155.091895886  108.492700962  108.492700962  108.492700962
108.3  155.053601448  108.464957384  108.464957384  108.464957384
108.4  155.015316466  108.437325831  108.437325831  108.437325831
108.5  154.977040937  108.409805794  108.409805794  108.409805794
108.6  154.938774859  108.382396737  108.382396737  108.382396737
108.7  154.900518229  108.355098095  108.355098095  108.355098095
108.8  154.862271046  108.327909274  108.327909274  108.327909274
108.9  154.824033306  108.300829652  108.300829652  108.300829652
109.0  154.785805007  108.273858579  108.273858579  108.273858579
109.1  154.747586148  108.246995374  108.246995374  108.246995374
109.2  154.709376726  108.220239329  108.220239329  108.220239329
109.3  154.671176738  108.193589706  108.193589706  108.193589706
109.4  154.632986182  108.167045738  108.167045738  108.167045738
109.5  154.594805056  108.140606627  108.140606627  108.140606627
109.6  154.556633357  108.114271547  108.114271547  108.114271547
109.7  154.518471083  108.088039643  108.088039643  108.088039643
109.8  154.480318233  108.061910029  108.061910029  108.061910029
109.9  154.442174803  108.035881789  108.035881789  108.035881789
110.0  154.404040791  108.009953978  108.009953978  108.009953978
110.1  154.365916195  107.98412562  107.98412562  107.98412562
110.2  154.327801012  107.958395708  107.958395708  107.958395708
110.3  154.28969524  107.932763207  107.932763207  107.932763207
110.4  154.251598878  107.90722705  107.90722705  107.90722705
110.5  154.213511922  107.88178614  107.88178614  107.88178614
110.6  154.17543437  107.856439348  107.856439348  107.856439348
110.7  154.13736622  107.831185517  107.831185517  107.831185517
110.8  154.09930747  107.806023458  107.806023458  107.806023458
110.9  154.061258117  107.780951949  107.780951949  107.780951949
111.0  154.023218159  107.755969741  107.755969741  107.755969741
111.1  153.985187593  107.731075551  107.731075551  107.731075551
111.2  153.947166418  107.706268066  107.706268066  107.706268066
111.3  153.909154631  107.681545941  107.681545941  107.681545941
111.4  153.871152229  107.656907802  107.656907802  107.656907802
111.5  153.833159211  107.632352241  107.632352241  107.632352241
111.6  153.795175573  107.60787782  107.60787782  107.60787782
111.7  153.757201315  107.58348307  107.58348307  107.58348307
111.8  153.719236433  107.55916649  107.55916649  107.55916649
111.9  153.681280925  107.534926547  107.534926547  107.534926547
112.0  153.643334789  107.510761677  107.510761677  107.510761677
112.1  153.605398022  107.486670286  107.486670286  107.486670286
112.2  153.567470622  107.462650745  107.462650745  107.462650745
112.3  153.529552587  107.438701396  107.438701396  107.438701396
112.4  153.491643915  107.414820548  107.414820548  107.414820548
112.5  153.453744603  107.39100648  107.39100648  107.39100648
112.6  153.415854648  107.367257437  107.367257437  107.367257437
112.7  153.37797405  107.343571633  107.343571633  107.343571633
112.8  153.340102804  107.319947252  107.319947252  107.319947252
112.9  153.30224091  107.296382444  107.296382444  107.296382444
113.0  153.264388364  107.272875328  107.272875328  107.272875328
113.1  153.226545165  107.249423991  107.249423991  107.249423991
113.2  153.188711309  107.22602649  107.22602649  107.22602649
113.3  153.150886796  107.202680847  107.202680847  107.202680847
113.4  153.113071621  107.179385055  107.179385055  107.179385055
113.5  153.075265784  107.156137074  107.156137074  107.156137074
113.6  153.037469282  107.132934833  107.132934833  107.132934833
113.7  152.999682112  107.109776229  107.109776229  107.109776229
113.8  152.961904272  107.086659126  107.086659126  107.086659126
113.9  152.924135761  107.063581359  107.063581359  107.063581359
114.0  152.886376575  107.04054073  107.04054073  107.04054073
114.1  152.848626712  107.017535008  107.017535008  107.017535008
114.2  152.81088617  106.994561933  106.994561933  106.994561933
114.3  152.773154947  106.971619213  106.971619213  106.971619213
114.4  152.73543304  106.948704523  106.948704523  106.948704523
114.5  152.697720447  106.925815509  106.925815509  106.925815509
114.6  152.660017166  106.902949783  106.902949783  106.902949783
114.7  152.622323195  106.880104929  106.880104929  106.880104929
114.8  152.58463853  106.857278497  106.857278497  106.857278497
114.9  152.546963171  106.834468007  106.834468007  106.834468007
115.0  152.509297114  106.811670949  106.811670949  106.811670949
115.1  152.471640358  106.78888478  106.78888478  106.78888478
115.2  152.433992899  106.766106929  106.766106929  106.766106929
115.3  152.396354737  106.743334793  106.743334793  106.743334793
115.4  152.358725867  106.720565736  106.720565736  106.720565736
115.5  152.321106289  106.697797096  106.697797096  106.697797096
115.6  152.283496  106.675026178  106.675026178  106.675026178
115.7  152.245894997  106.652250256  106.652250256  106.652250256
115.8  152.208303278  106.629466576  106.629466576  106.629466576
115.9  152.170720841  106.606672353  106.606672353  106.606672353
116.0  152.133147684  106.583864772  106.583864772  106.583864772
116.1  152.095583805  106.561040988  106.561040988  106.561040988
116.2  152.0580292  106.538198128  106.538198128  106.538198128
116.3  152.020483868  106.515333288  106.515333288  106.515333288
116.4  151.982947807  106.492443535  106.492443535  106.492443535
116.5  151.945421013  106.469525908  106.469525908  106.469525908
116.6  151.907903486  106.446577416  106.446577416  106.446577416
116.7  151.870395222  106.423595038  106.423595038  106.423595038
116.8  151.83289622  106.400575728  106.400575728  106.400575728
116.9  151.795406477  106.377516408  106.377516408  106.377516408
117.0  151.75792599  106.354413974  106.354413974  106.354413974
117.1  151.720454758  106.331265294  106.331265294  106.331265294
117.2  151.682992778  106.308067206  106.308067206  106.308067206
117.3  151.645540048  106.284816523  106.284816523  106.284816523
117.4  151.608096566  106.261510029  106.261510029  106.261510029
117.5  151.570662329  106.238144482  106.238144482  106.238144482
117.6  151.533237335  106.214716612  106.214716612  106.214716612
117.7  151.495821582  106.191223122  106.191223122  106.191223122
117.8  151.458415067  106.167660691  106.167660691  106.167660691
117.9  151.421017789  106.144025968  106.144025968  106.144025968
118.0  151.383629744  106.12031558  106.12031558  106.12031558
118.1  151.346250931  106.096526125  106.096526125  106.096526125
118.2  151.308881348  106.072654178  106.072654178  106.072654178
118.3  151.271520992  106.048696286  106.048696286  106.048696286
118.4  151.23416986  106.024648974  106.024648974  106.024648974
118.5  151.196827951  106.000508742  106.000508742  106.000508742
118.6  151.159495262  105.976272063  105.976272063  105.976272063
118.7  151.122171791  105.951935389  105.951935389  105.951935389
118.8  151.084857536  105.927495146  105.927495146  105.927495146
118.9  151.047552494  105.902947739  105.902947739  105.902947739
119.0  151.010256664  105.878289547  105.878289547  105.878289547
119.1  150.972970042  105.853516929  105.853516929  105.853516929
119.2  150.935692627  105.828626219  105.828626219  105.828626219
119.3  150.898424416  105.803613731  105.803613731  105.803613731
119.4  150.861165408  105.778475756  105.778475756  105.778475756
119.5  150.823915599  105.753208564  105.753208564  105.753208564
119.6  150.786674988  105.727808404  105.727808404  105.727808404
119.7  150.749443572  105.702271503  105.702271503  105.702271503
119.8  150.712221348  105.676594069  105.676594069  105.676594069
119.9  150.675008316  105.65077229  105.65077229  105.65077229
120.0  150.637804472  105.624802334  105.624802334  105.624802334
120.0  150.637804472  105.624802334  105.624802334  105.624802334
120.1  150.600609814  105.598680349  105.598680349  105.598680349
120.2  150.56342434  105.572402467  105.572402467  105.572402467
120.3  150.526248048  105.545964798  105.545964798  105.545964798
120.4  150.489080935  105.519363436  105.519363436  105.519363436
120.5  150.451922999  105.492594457  105.492594457  105.492594457
120.6  150.414774238  105.46565392  105.46565392  105.46565392
120.7  150.37763465  105.438537868  105.438537868  105.438537868
120.8  150.340504232  105.411242326  105.411242326  105.411242326
120.9  150.303382982  105.383763305  105.383763305  105.383763305
121.0  150.266270897  105.356096799  105.356096799  105.356096799
121.1  150.229167977  105.328238788  105.328238788  105.328238788
121.2  150.192074217  105.300185238  105.300185238  105.300185238
121.3  150.154989617  105.2719321  105.2719321  105.2719321
121.4  150.117914173  105.243475313  105.243475313  105.243475313
121.5  150.080847883  105.214810801  105.214810801  105.214810801
121.6  150.043790746  105.185934477  105.185934477  105.185934477
121.7  150.006742759  105.156842243  105.156842243  105.156842243
121.8  149.96970392  105.127529987  105.127529987  105.127529987
121.9  149.932674225  105.097993588  105.097993588  105.097993588
122.0  149.895653675  105.068228914  105.068228914  105.068228914
122.1  149.858642265  105.038231824  105.038231824  105.038231824
122.2  149.821639993  105.007998166  105.007998166  105.007998166
122.3  149.784646858  104.977523782  104.977523782  104.977523782
122.4  149.747662857  104.946804503  104.946804503  104.946804503
122.5  149.710687988  104.915836154  104.915836154  104.915836154
122.6  149.673722249  104.884614553  104.884614553  104.884614553
122.7  149.636765637  104.853135511  104.853135511  104.853135511
122.8  149.59981815  104.821394835  104.821394835  104.821394835
122.9  149.562879786  104.789388325  104.789388325  104.789388325
123.0  149.525950543  104.757111777  104.757111777  104.757111777
123.1  149.489030418  104.724560983  104.724560983  104.724560983
123.2  149.452119409  104.691731732  104.691731732  104.691731732
123.3  149.415217514  104.658619811  104.658619811  104.658619811
123.4  149.378324731  104.625221004  104.625221004  104.625221004
123.5  149.341441057  104.591531094  104.591531094  104.591531094
123.6  149.30456649  104.557545864  104.557545864  104.557545864
123.7  149.267701028  104.523261097  104.523261097  104.523261097
123.8  149.230844669  104.488672576  104.488672576  104.488672576
123.9  149.19399741  104.453776086  104.453776086  104.453776086
124.0  149.157159249  104.418567414  104.418567414  104.418567414
124.1  149.120330184  104.38304235  104.38304235  104.38304235
124.2  149.083510212  104.347196688  104.347196688  104.347196688
124.3  149.046699332  104.311026226  104.311026226  104.311026226
124.4  149.009897541  104.274526768  104.274526768  104.274526768
124.5  148.973104837  104.237694122  104.237694122  104.237694122
124.6  148.936321218  104.200524104  104.200524104  104.200524104
124.7  148.899546681  104.163012537  104.163012537  104.163012537
124.8  148.862781224  104.125155253  104.125155253  104.125155253
124.9  148.826024846  104.086948093  104.086948093  104.086948093
125.0  148.789277542  104.048386906  104.048386906  104.048386906
125.1  148.752539313  104.009467554  104.009467554  104.009467554
125.2  148.715810154  103.970185909  103.970185909  103.970185909
125.3  148.679090065  103.930537856  103.930537856  103.930537856
125.4  148.642379042  103.890519292  103.890519292  103.890519292
125.5  148.605677084  103.850126129  103.850126129  103.850126129
125.6  148.568984187  103.809354295  103.809354295  103.809354295
125.7  148.532300351  103.768199731  103.768199731  103.768199731
125.8  148.495625573  103.726658398  103.726658398  103.726658398
125.9  148.45895985  103.684726271  103.684726271  103.684726271
126.0  148.422303181  103.642399345  103.642399345  103.642399345
126.1  148.385655562  103.599673636  103.599673636  103.599673636
126.2  148.349016993  103.556545177  103.556545177  103.556545177
126.3  148.31238747  103.513010026  103.513010026  103.513010026
126.4  148.275766991  103.469064259  103.469064259  103.469064259
126.5  148.239155555  103.42470398  103.42470398  103.42470398
126.6  148.202553158  103.379925311  103.379925311  103.379925311
126.7  148.165959799  103.334724405  103.334724405  103.334724405
126.8  148.129375476  103.289097438  103.289097438  103.289097438
126.9  148.092800185  103.243040614  103.243040614  103.243040614
127.0  148.056233926  103.196550164  103.196550164  103.196550164
127.1  148.019676695  103.149622349  103.149622349  103.149622349
127.2  147.983128491  103.10225346  103.10225346  103.10225346
127.3  147.946589311  103.054439819  103.054439819  103.054439819
127.4  147.910059154  103.006177781  103.006177781  103.006177781
127.5  147.873538016  102.957463734  102.957463734  102.957463734
127.6  147.837025895  102.9082941  102.9082941  102.9082941
127.7  147.80052279  102.858665336  102.858665336  102.858665336
127.8  147.764028699  102.808573938  102.808573938  102.808573938
127.9  147.727543618  102.758016436  102.758016436  102.758016436
128.0  147.691067545  102.706989402  102.706989402  102.706989402
128.1  147.65460048  102.655489446  102.655489446  102.655489446
128.2  147.618142418  102.603513221  102.603513221  102.603513221
128.3  147.581693359  102.551057421  102.551057421  102.551057421
128.4  147.545253299  102.498118784  102.498118784  102.498118784
128.5  147.508822237  102.444694091  102.444694091  102.444694091
128.6  147.47240017  102.390780172  102.390780172  102.390780172
128.7  147.435987097  102.3363739  102.3363739  102.3363739
128.8  147.399583014  102.281472201  102.281472201  102.281472201
128.9  147.36318792  102.226072047  102.226072047  102.226072047
129.0  147.326801812  102.170170461  102.170170461  102.170170461
129.1  147.290424689  102.113764519  102.113764519  102.113764519
129.2  147.254056548  102.056851351  102.056851351  102.056851351
129.3  147.217697387  101.99942814  101.99942814  101.99942814
129.4  147.181347203  101.941492125  101.941492125  101.941492125
129.5  147.145005994  101.883040603  101.883040603  101.883040603
129.6  147.108673759  101.824070929  101.824070929  101.824070929
129.7  147.072350495  101.764580518  101.764580518  101.764580518
129.8  147.036036199  101.704566845  101.704566845  101.704566845
129.9  146.99973087  101.644027449  101.644027449  101.644027449
130.0  146.963434506  101.582959933  101.582959933  101.582959933
130.1  146.927147103  101.521361963  101.521361963  101.521361963
130.2  146.89086866  101.459231274  101.459231274  101.459231274
130.3  146.854599175  101.396565669  101.396565669  101.396565669
130.4  146.818338646  101.333363018  101.333363018  101.333363018
130.5  146.782087069  101.269621264  101.269621264  101.269621264
130.6  146.745844444  101.205338423  101.205338423  101.205338423
130.7  146.709610768  101.140512582  101.140512582  101.140512582
130.8  146.673386038  101.075141907  101.075141907  101.075141907
130.9  146.637170253  101.009224636  101.009224636  101.009224636
131.0  146.600963409  100.94275909  100.94275909  100.94275909
131.1  146.564765506  100.875743667  100.875743667  100.875743667
131.2  146.528576541  100.808176848  100.808176848  100.808176848
131.3  146.492396511  100.740057193  100.740057193  100.740057193
131.4  146.456225414  100.671383352  100.671383352  100.671383352
131.5  146.420063249  100.602154057  100.602154057  100.602154057
131.6  146.383910013  100.532368129  100.532368129  100.532368129
131.7  146.347765703  100.462024477  100.462024477  100.462024477
131.8  146.311630318  100.391122102  100.391122102  100.391122102
131.9  146.275503855  100.319660097  100.319660097  100.319660097
132.0  146.239386313  100.247637648  100.247637648  100.247637648
132.1  146.203277688  100.175054038  100.175054038  100.175054038
132.2  146.167177979  100.101908647  100.101908647  100.101908647
132.3  146.131087184  100.028200953  100.028200953  100.028200953
132.4  146.0950053  99.9539305361  99.9539305361  99.9539305361
132.5  146.058932325  99.8790970774  99.8790970774  99.8790970774
132.6  146.022868257  99.8037003629  99.8037003629  99.8037003629
132.7  145.986813094  99.7277402842  99.7277402842  99.7277402842
132.8  145.950766834  99.6512168404  99.6512168404  99.6512168404
132.9  145.914729473  99.5741301402  99.5741301402  99.5741301402
133.0  145.878701011  99.496480403  99.496480403  99.496480403
133.1  145.842681445  99.4182679615  99.4182679615  99.4182679615
133.2  145.806670773  99.3394932629  99.3394932629  99.3394932629
133.3  145.770668992  99.2601568708  99.2601568708  99.2601568708
133.4  145.7346761  99.1802594676  99.1802594676  99.1802594676
133.5  145.698692096  99.0998018556  99.0998018556  99.0998018556
133.6  145.662716977  99.0187849591  99.0187849591  99.0187849591
133.7  145.62675074  98.9372098268  98.9372098268  98.9372098268
133.8  145.590793384  98.8550776328  98.8550776328  98.8550776328
133.9  145.554844906  98.7723896792  98.7723896792  98.7723896792
134.0  145.518905305  98.6891473978  98.6891473978  98.6891473978
134.1  145.482974578  98.6053523522  98.6053523522  98.6053523522
134.2  145.447052722  98.5210062394  98.5210062394  98.5210062394
134.3  145.411139736  98.4361108919  98.4361108919  98.4361108919
134.4  145.375235618  98.3506682802  98.3506682802  98.3506682802
134.5  145.339340364  98.2646805139  98.2646805139  98.2646805139
134.6  145.303453974  98.1781498446  98.1781498446  98.1781498446
134.7  145.267576445  98.0910786672  98.0910786672  98.0910786672
134.8  145.231707774  98.0034695225  98.0034695225  98.0034695225
134.9  145.19584796  97.9153250991  97.9153250991  97.9153250991
135.0  145.159997  97.8266482353  97.8266482353  97.8266482353
135.0  145.159997  97.8266482354  97.8266482354  97.8266482354
135.1  145.124154892  97.7374419215  97.7374419215  97.7374419215
135.2  145.088321635  97.647709302  97.647709302  97.647709302
135.3  145.052497225  97.5574536774  97.5574536774  97.5574536774
135.4  145.01668166  97.4666785065  97.4666785065  97.4666785065
135.5  144.980874939  97.375387409  97.375387409  97.375387409
135.6  144.945077059  97.2835841669  97.2835841669  97.2835841669
135.7  144.909288018  97.1912727271  97.1912727271  97.1912727271
135.8  144.873507814  97.0984572039  97.0984572039  97.0984572039
135.9  144.837736445  97.0051418807  97.0051418807  97.0051418807

#SVE monte-carlo points sigmaR (r, sigmaR_med, sigmaR_std)
9.0  204.501275594  0.0
12.5  202.439333093  0.0
15.9  200.456212756  0.0
19.4  198.435055757  0.0
22.9  196.43427765  0.0
26.4  194.453672959  0.0
29.9  192.493038281  0.0
33.3  190.607353058  0.0
36.8  188.685499999  0.0
40.3  186.783024571  0.0
43.8  184.899731396  0.0
47.2  183.088431131  0.0
50.7  181.242389749  0.0
54.2  179.414961605  0.0
57.7  177.605959028  0.0
61.1  175.866109445  0.0
64.6  174.092889183  0.0
68.1  172.337547921  0.0
71.6  170.599905388  0.0
75.0  168.928687959  0.0
78.5  167.22541623  0.0
82.0  165.539318224  0.0
85.5  163.870220783  0.0
89.0  162.217952494  0.0
92.4  160.628845695  0.0
95.9  159.009259496  0.0
99.4  157.406003236  0.0
102.9  155.818912266  0.0
106.3  154.292491244  0.0
109.8  152.736793147  0.0
113.3  151.196780821  0.0
116.8  149.672296108  0.0
120.2  148.206088086  0.0
123.7  146.711757886  0.0
127.2  145.232494698  0.0
130.7  143.768146604  0.0
134.2  142.318563217  0.0

#SVE monte-carlo points sigmaZ (r, sigmaZ_med, sigmaZ_std)
9.4  154.472151035  0.0
12.9  144.158151572  0.0
16.3  139.475688584  0.0
19.8  137.635932365  0.0
23.3  137.150894807  0.0
26.8  136.99604122  0.0
30.2  136.6400035  0.0
33.7  135.841267689  0.0
37.2  134.584828936  0.0
40.7  132.968159411  0.0
44.2  131.140256174  0.0
47.6  129.308817865  0.0
51.1  127.493877849  0.0
54.6  125.840959308  0.0
58.1  124.396839338  0.0
61.5  123.198000684  0.0
65.0  122.144034535  0.0
68.5  121.218536365  0.0
72.0  120.354621226  0.0
75.4  119.510691772  0.0
78.9  118.581560742  0.0
82.4  117.552955634  0.0
85.9  116.409558423  0.0
89.4  115.160951082  0.0
92.8  113.877762044  0.0
96.3  112.532432486  0.0
99.8  111.219187066  0.0
103.3  109.992788349  0.0
106.7  108.922558739  0.0
110.2  107.958395708  0.0
113.7  107.109776229  0.0
117.2  106.308067206  0.0
120.6  105.46565392  0.0
124.1  104.38304235  0.0
127.6  102.9082941  0.0
131.1  100.875743667  0.0
134.6  98.1781498446  0.0

#SVE monte-carlo points sigmaPhi (r, sigmaPhi_med, sigmaPhi_std)
9.9  152.532329556  0.0
13.4  143.2084968  0.0
16.8  139.074388354  0.0
20.3  137.513842849  0.0
23.8  137.125711618  0.0
27.3  136.964259114  0.0
30.7  136.554919959  0.0
34.2  135.68844632  0.0
37.7  134.37275798  0.0
41.2  132.71625134  0.0
44.7  130.871082146  0.0
48.1  129.042626796  0.0
51.6  127.246244207  0.0
55.1  125.621341855  0.0
58.6  124.20830043  0.0
62.0  123.037288077  0.0
65.5  122.005440318  0.0
69.0  121.092965347  0.0
72.5  120.232235253  0.0
75.9  119.382810906  0.0
79.4  118.441333246  0.0
82.9  117.396685323  0.0
86.4  116.237101196  0.0
89.9  114.975625489  0.0
93.3  113.685825618  0.0
96.8  112.341500953  0.0
100.3  111.037520501  0.0
103.8  109.827287081  0.0
107.2  108.776390074  0.0
110.7  107.831185517  0.0
114.2  106.994561933  0.0
117.7  106.191223122  0.0
121.1  105.328238788  0.0
124.6  104.200524104  0.0
128.1  102.655489446  0.0
131.6  100.532368129  0.0
135.0  97.8266482354  0.0
