#SVE points (r, sigmaR, sigmaZ, sigmaPhi, sigmaMajRestored)
25.1  94.6511076507  76.924485611  76.924485611  76.924485611
25.2  94.5448891897  76.7835292204  76.7835292204  76.7835292204
25.3  94.4398279464  76.6439154301  76.6439154301  76.6439154301
25.4  94.3359224623  76.5056388524  76.5056388524  76.5056388524
25.5  94.2331711723  76.3686940473  76.3686940473  76.3686940473
25.6  94.1315724059  76.2330755229  76.2330755229  76.2330755229
25.7  94.0311243879  76.0987777366  76.0987777366  76.0987777366
25.8  93.93182524  75.9657950962  75.9657950962  75.9657950962
25.9  93.8336729817  75.8341219606  75.8341219606  75.8341219606
26.0  93.7366655311  75.7037526407  75.7037526407  75.7037526407
26.1  93.6408007063  75.5746814004  75.5746814004  75.5746814004
26.2  93.5460762265  75.4469024578  75.4469024578  75.4469024578
26.3  93.4524897127  75.3204099854  75.3204099854  75.3204099854
26.4  93.3600386894  75.1951981117  75.1951981117  75.1951981117
26.5  93.2687205849  75.0712609217  75.0712609217  75.0712609217
26.6  93.1785327331  74.948592458  74.948592458  74.948592458
26.7  93.0894723742  74.8271867214  74.8271867214  74.8271867214
26.8  93.0015366558  74.707037672  74.707037672  74.707037672
26.9  92.9147226342  74.5881392301  74.5881392301  74.5881392301
27.0  92.8290272751  74.4704852768  74.4704852768  74.4704852768
27.1  92.744447455  74.3540696552  74.3540696552  74.3540696552
27.2  92.6609799621  74.2388861709  74.2388861709  74.2388861709
27.3  92.5786214976  74.124928593  74.124928593  74.124928593
27.4  92.4973686763  74.0121906551  74.0121906551  74.0121906551
27.5  92.4172180284  73.9006660558  73.9006660558  73.9006660558
27.6  92.3381659997  73.7903484597  73.7903484597  73.7903484597
27.7  92.2602089534  73.6812314983  73.6812314983  73.6812314983
27.8  92.1833431709  73.5733087705  73.5733087705  73.5733087705
27.9  92.1075648527  73.4665738438  73.4665738438  73.4665738438
28.0  92.0328701198  73.3610202547  73.3610202547  73.3610202547
28.1  91.9592550144  73.25664151  73.25664151  73.25664151
28.2  91.8867155012  73.153431087  73.153431087  73.153431087
28.3  91.8152474684  73.0513824345  73.0513824345  73.0513824345
28.4  91.744846729  72.9504889739  72.9504889739  72.9504889739
28.5  91.6755090211  72.8507440995  72.8507440995  72.8507440995
28.6  91.6072300099  72.7521411794  72.7521411794  72.7521411794
28.7  91.5400052882  72.6546735564  72.6546735564  72.6546735564
28.8  91.4738303776  72.5583345487  72.5583345487  72.5583345487
28.9  91.4087007293  72.4631174505  72.4631174505  72.4631174505
29.0  91.3446117256  72.3690155327  72.3690155327  72.3690155327
29.1  91.2815586805  72.276022044  72.276022044  72.276022044
29.2  91.2195368412  72.1841302113  72.1841302113  72.1841302113
29.3  91.1585413886  72.0933332403  72.0933332403  72.0933332403
29.4  91.0985674388  72.0036243166  72.0036243166  72.0036243166
29.5  91.0396100437  71.9149966062  71.9149966062  71.9149966062
29.6  90.9816641925  71.8274432562  71.8274432562  71.8274432562
29.7  90.9247248123  71.7409573956  71.7409573956  71.7409573956
29.8  90.8687867695  71.6555321355  71.6555321355  71.6555321355
29.9  90.8138448704  71.5711605707  71.5711605707  71.5711605707
30.0  90.7598938626  71.4878357796  71.4878357796  71.4878357796
30.0  90.7598938626  71.4878357796  71.4878357796  71.4878357796
30.1  90.7069284358  71.4055508251  71.4055508251  71.4055508251
30.2  90.6549432227  71.3242987554  71.3242987554  71.3242987554
30.3  90.6039328005  71.2440726044  71.2440726044  71.2440726044
30.4  90.5538916913  71.1648653928  71.1648653928  71.1648653928
30.5  90.5048143634  71.0866701282  71.0866701282  71.0866701282
30.6  90.4566952322  71.009479806  71.009479806  71.009479806
30.7  90.4095286615  70.9332874104  70.9332874104  70.9332874104
30.8  90.3633089639  70.8580859141  70.8580859141  70.8580859141
30.9  90.3180304023  70.7838682801  70.7838682801  70.7838682801
31.0  90.2736871906  70.7106274613  70.7106274613  70.7106274613
31.1  90.2302734949  70.6383564017  70.6383564017  70.6383564017
31.2  90.1877834343  70.567048037  70.567048037  70.567048037
31.3  90.1462110817  70.4966952947  70.4966952947  70.4966952947
31.4  90.1055504652  70.4272910955  70.4272910955  70.4272910955
31.5  90.0657955687  70.358828353  70.358828353  70.358828353
31.6  90.0269403331  70.2912999753  70.2912999753  70.2912999753
31.7  89.9889786571  70.2246988644  70.2246988644  70.2246988644
31.8  89.9519043981  70.159017918  70.159017918  70.159017918
31.9  89.9157113732  70.0942500291  70.0942500291  70.0942500291
32.0  89.8803933602  70.0303880871  70.0303880871  70.0303880871
32.1  89.8459440986  69.9674249782  69.9674249782  69.9674249782
32.2  89.8123572902  69.905353586  69.905353586  69.905353586
32.3  89.7796266005  69.844166792  69.844166792  69.844166792
32.4  89.7477456592  69.7838574762  69.7838574762  69.7838574762
32.5  89.7167080612  69.7244185176  69.7244185176  69.7244185176
32.6  89.6865073678  69.6658427948  69.6658427948  69.6658427948
32.7  89.6571371071  69.6081231865  69.6081231865  69.6081231865
32.8  89.6285907756  69.5512525719  69.5512525719  69.5512525719
32.9  89.6008618383  69.4952238316  69.4952238316  69.4952238316
33.0  89.5739437302  69.4400298476  69.4400298476  69.4400298476
33.1  89.5478298569  69.3856635042  69.3856635042  69.3856635042
33.2  89.5225135954  69.3321176884  69.3321176884  69.3321176884
33.3  89.4979882955  69.2793852903  69.2793852903  69.2793852903
33.4  89.47424728  69.2274592038  69.2274592038  69.2274592038
33.5  89.4512838458  69.1763323269  69.1763323269  69.1763323269
33.6  89.4290912651  69.1259975624  69.1259975624  69.1259975624
33.7  89.4076627856  69.076447818  69.076447818  69.076447818
33.8  89.3869916322  69.0276760073  69.0276760073  69.0276760073
33.9  89.367071007  68.9796750497  68.9796750497  68.9796750497
34.0  89.3478940907  68.9324378716  68.9324378716  68.9324378716
34.1  89.3294540431  68.885957406  68.885957406  68.885957406
34.2  89.3117440041  68.8402265938  68.8402265938  68.8402265938
34.3  89.2947570948  68.7952383834  68.7952383834  68.7952383834
34.4  89.2784864176  68.750985732  68.750985732  68.750985732
34.5  89.2629250577  68.7074616055  68.7074616055  68.7074616055
34.6  89.2480660836  68.664658979  68.664658979  68.664658979
34.7  89.2339025479  68.6225708375  68.6225708375  68.6225708375
34.8  89.2204274882  68.5811901761  68.5811901761  68.5811901761
34.9  89.2076339278  68.5405100004  68.5405100004  68.5405100004
35.0  89.1955148765  68.500523327  68.500523327  68.500523327
35.1  89.1840633316  68.4612231842  68.4612231842  68.4612231842
35.2  89.1732722782  68.4226026117  68.4226026117  68.4226026117
35.3  89.1631346905  68.3846546617  68.3846546617  68.3846546617
35.4  89.1536435321  68.3473723992  68.3473723992  68.3473723992
35.5  89.1447917572  68.310748902  68.310748902  68.310748902
35.6  89.1365723109  68.2747772614  68.2747772614  68.2747772614
35.7  89.1289781306  68.2394505826  68.2394505826  68.2394505826
35.8  89.1220021457  68.204761985  68.204761985  68.204761985
35.9  89.1156372795  68.1707046025  68.1707046025  68.1707046025
36.0  89.1098764492  68.1372715842  68.1372715842  68.1372715842
36.1  89.1047125667  68.1044560945  68.1044560945  68.1044560945
36.2  89.1001385397  68.0722513134  68.0722513134  68.0722513134
36.3  89.0961472718  68.040650437  68.040650437  68.040650437
36.4  89.092731664  68.009646678  68.009646678  68.009646678
36.5  89.0898846146  67.9792332659  67.9792332659  67.9792332659
36.6  89.0875990203  67.9494034472  67.9494034472  67.9494034472
36.7  89.0858677771  67.920150486  67.920150486  67.920150486
36.8  89.0846837806  67.8914676644  67.8914676644  67.8914676644
36.9  89.0840399266  67.8633482824  67.8633482824  67.8633482824
37.0  89.0839291124  67.8357856588  67.8357856588  67.8357856588
37.1  89.0843442367  67.8087731311  67.8087731311  67.8087731311
37.2  89.0852782008  67.7823040561  67.7823040561  67.7823040561
37.3  89.086723909  67.75637181  67.75637181  67.75637181
37.4  89.0886742695  67.7309697889  67.7309697889  67.7309697889
37.5  89.0911221946  67.706091409  67.706091409  67.706091409
37.6  89.0940606018  67.681730107  67.681730107  67.681730107
37.7  89.0974824143  67.6578793404  67.6578793404  67.6578793404
37.8  89.1013805614  67.6345325877  67.6345325877  67.6345325877
37.9  89.1057479793  67.6116833488  67.6116833488  67.6116833488
38.0  89.1105776119  67.5893251452  67.5893251452  67.5893251452
38.1  89.115862411  67.5674515203  67.5674515203  67.5674515203
38.2  89.1215953372  67.54605604  67.54605604  67.54605604
38.3  89.1277693606  67.5251322926  67.5251322926  67.5251322926
38.4  89.1343774609  67.5046738889  67.5046738889  67.5046738889
38.5  89.1414126285  67.4846744633  67.4846744633  67.4846744633
38.6  89.1488678649  67.4651276732  67.4651276732  67.4651276732
38.7  89.1567361831  67.4460271996  67.4460271996  67.4460271996
38.8  89.1650106085  67.4273667476  67.4273667476  67.4273667476
38.9  89.1736841792  67.4091400463  67.4091400463  67.4091400463
39.0  89.1827499466  67.3913408492  67.3913408492  67.3913408492
39.1  89.1922009761  67.3739629344  67.3739629344  67.3739629344
39.2  89.2020303475  67.3570001052  67.3570001052  67.3570001052
39.3  89.2122311556  67.3404461895  67.3404461895  67.3404461895
39.4  89.2227965106  67.3242950412  67.3242950412  67.3242950412
39.5  89.2337195388  67.3085405394  67.3085405394  67.3085405394
39.6  89.2449933833  67.2931765891  67.2931765891  67.2931765891
39.7  89.256611204  67.2781971216  67.2781971216  67.2781971216
39.8  89.2685661785  67.2635960944  67.2635960944  67.2635960944
39.9  89.2808515024  67.2493674914  67.2493674914  67.2493674914
40.0  89.29346039  67.2355053236  67.2355053236  67.2355053236
40.1  89.3063860748  67.2220036286  67.2220036286  67.2220036286
40.2  89.3196218097  67.2088564714  67.2088564714  67.2088564714
40.3  89.3331608676  67.1960579444  67.1960579444  67.1960579444
40.4  89.3469965423  67.1836021676  67.1836021676  67.1836021676
40.5  89.3611221482  67.1714832886  67.1714832886  67.1714832886
40.6  89.3755310213  67.1596954834  67.1596954834  67.1596954834
40.7  89.3902165197  67.1482329559  67.1482329559  67.1482329559
40.8  89.4051720237  67.1370899384  67.1370899384  67.1370899384
40.9  89.4203909366  67.126260692  67.126260692  67.126260692
41.0  89.4358666847  67.1157395064  67.1157395064  67.1157395064
41.1  89.4515927184  67.1055207002  67.1055207002  67.1055207002
41.2  89.4675625118  67.0955986213  67.0955986213  67.0955986213
41.3  89.483769564  67.0859676468  67.0859676468  67.0859676468
41.4  89.5002073988  67.0766221832  67.0766221832  67.0766221832
41.5  89.5168695656  67.0675566669  67.0675566669  67.0675566669
41.6  89.5337496393  67.0587655639  67.0587655639  67.0587655639
41.7  89.5508412215  67.0502433702  67.0502433702  67.0502433702
41.8  89.5681379399  67.0419846119  67.0419846119  67.0419846119
41.9  89.5856334495  67.0339838456  67.0339838456  67.0339838456
42.0  89.6033214327  67.0262356581  67.0262356581  67.0262356581
42.1  89.6211955995  67.0187346668  67.0187346668  67.0187346668
42.2  89.6392496882  67.0114755201  67.0114755201  67.0114755201
42.3  89.6574774656  67.0044528971  67.0044528971  67.0044528971
42.4  89.6758727272  66.9976615077  66.9976615077  66.9976615077
42.5  89.6944292981  66.9910960934  66.9910960934  66.9910960934
42.6  89.7131410326  66.9847514267  66.9847514267  66.9847514267
42.7  89.7320018151  66.9786223116  66.9786223116  66.9786223116
42.8  89.7510055604  66.9727035836  66.9727035836  66.9727035836
42.9  89.7701462138  66.9669901099  66.9669901099  66.9669901099
43.0  89.7894177515  66.9614767897  66.9614767897  66.9614767897
43.1  89.808814181  66.9561585537  66.9561585537  66.9561585537
43.2  89.8283295416  66.951030365  66.951030365  66.951030365
43.3  89.8479579043  66.9460872187  66.9460872187  66.9460872187
43.4  89.8676933723  66.9413241421  66.9413241421  66.9413241421
43.5  89.8875300816  66.936736195  66.936736195  66.936736195
43.6  89.9074622006  66.9323184696  66.9323184696  66.9323184696
43.7  89.9274839314  66.9280660906  66.9280660906  66.9280660906
43.8  89.9475895089  66.9239742154  66.9239742154  66.9239742154
43.9  89.9677732022  66.9200380342  66.9200380342  66.9200380342
44.0  89.9880293142  66.9162527701  66.9162527701  66.9162527701
44.1  90.0083521819  66.912613679  66.912613679  66.912613679
44.2  90.0287361771  66.9091160499  66.9091160499  66.9091160499
44.3  90.0491757061  66.9057552051  66.9057552051  66.9057552051
44.4  90.0696652106  66.9025264997  66.9025264997  66.9025264997
44.5  90.0901991674  66.8994253223  66.8994253223  66.8994253223
44.6  90.1107720887  66.896447095  66.896447095  66.896447095
44.7  90.1313785228  66.8935872731  66.8935872731  66.8935872731
44.8  90.1520130539  66.8908413455  66.8908413455  66.8908413455
44.9  90.1726703025  66.8882048345  66.8882048345  66.8882048345
45.0  90.1933449255  66.8856732962  66.8856732962  66.8856732962
45.1  90.2140316167  66.8832423204  66.8832423204  66.8832423204
45.2  90.2347251067  66.8809075305  66.8809075305  66.8809075305
45.3  90.2554201633  66.878664584  66.878664584  66.878664584
45.4  90.2761115917  66.8765091718  66.8765091718  66.8765091718
45.5  90.2967942347  66.8744370191  66.8744370191  66.8744370191
45.6  90.3174629728  66.872443885  66.872443885  66.872443885
45.7  90.3381127245  66.8705255625  66.8705255625  66.8705255625
45.8  90.3587384465  66.8686778787  66.8686778787  66.8686778787
45.9  90.3793351338  66.8668966948  66.8668966948  66.8668966948
46.0  90.39989782  66.8651779062  66.8651779062  66.8651779062
46.1  90.4204215773  66.8635174424  66.8635174424  66.8635174424
46.2  90.4409015169  66.8619112671  66.8619112671  66.8619112671
46.3  90.461332789  66.8603553783  66.8603553783  66.8603553783
46.4  90.481710583  66.8588458083  66.8588458083  66.8588458083
46.5  90.5020301277  66.8573786236  66.8573786236  66.8573786236
46.6  90.5222866913  66.855949925  66.855949925  66.855949925
46.7  90.5424755819  66.8545558478  66.8545558478  66.8545558478
46.8  90.5625921472  66.8531925616  66.8531925616  66.8531925616
46.9  90.5826317751  66.8518562704  66.8518562704  66.8518562704
47.0  90.6025898934  66.8505432125  66.8505432125  66.8505432125
47.1  90.6224619701  66.8492496606  66.8492496606  66.8492496606
47.2  90.6422435138  66.8479719222  66.8479719222  66.8479719222
47.3  90.6619300733  66.8467063387  66.8467063387  66.8467063387
47.4  90.6815172383  66.8454492862  66.8454492862  66.8454492862
47.5  90.7010006389  66.8441971754  66.8441971754  66.8441971754
47.6  90.7203759462  66.8429464511  66.8429464511  66.8429464511
47.7  90.7396388723  66.8416935929  66.8416935929  66.8416935929
47.8  90.7587851701  66.8404351145  66.8404351145  66.8404351145
47.9  90.7778106339  66.8391675644  66.8391675644  66.8391675644
48.0  90.796711099  66.8378875252  66.8378875252  66.8378875252
48.1  90.8154824422  66.8365916142  66.8365916142  66.8365916142
48.2  90.8341205816  66.8352764828  66.8352764828  66.8352764828
48.3  90.8526214768  66.8339388172  66.8339388172  66.8339388172
48.4  90.8709811289  66.8325753376  66.8325753376  66.8325753376
48.5  90.8891955808  66.8311827989  66.8311827989  66.8311827989
48.6  90.907260917  66.82975799  66.82975799  66.82975799
48.7  90.9251732636  66.8282977345  66.8282977345  66.8282977345
48.8  90.9429287889  66.8267988901  66.8267988901  66.8267988901
48.9  90.9605237029  66.8252583487  66.8252583487  66.8252583487
49.0  90.9779542573  66.8236730366  66.8236730366  66.8236730366
49.1  90.9952167463  66.8220399143  66.8220399143  66.8220399143
49.2  91.0123075057  66.8203559764  66.8203559764  66.8203559764
49.3  91.0292229137  66.8186182518  66.8186182518  66.8186182518
49.4  91.0459593903  66.8168238034  66.8168238034  66.8168238034
49.5  91.0625133979  66.8149697282  66.8149697282  66.8149697282
49.6  91.078881441  66.8130531574  66.8130531574  66.8130531574
49.7  91.0950600664  66.8110712559  66.8110712559  66.8110712559
49.8  91.111045863  66.8090212229  66.8090212229  66.8090212229
49.9  91.126835462  66.8069002912  66.8069002912  66.8069002912
50.0  91.142425537  66.8047057277  66.8047057277  66.8047057277
50.1  91.1578128037  66.8024348332  66.8024348332  66.8024348332
50.2  91.1729940203  66.8000849418  66.8000849418  66.8000849418
50.3  91.187965987  66.7976534219  66.7976534219  66.7976534219
50.4  91.2027255466  66.7951376752  66.7951376752  66.7951376752
50.5  91.2172695842  66.7925351371  66.7925351371  66.7925351371
50.6  91.231595027  66.7898432766  66.7898432766  66.7898432766
50.7  91.2456988446  66.7870595961  66.7870595961  66.7870595961
50.8  91.2595780489  66.7841816315  66.7841816315  66.7841816315
50.9  91.2732296941  66.7812069521  66.7812069521  66.7812069521
51.0  91.2866508766  66.7781331605  66.7781331605  66.7781331605
51.1  91.2998387349  66.7749578924  66.7749578924  66.7749578924
51.2  91.31279045  66.7716788168  66.7716788168  66.7716788168
51.3  91.3255032449  66.7682936358  66.7682936358  66.7682936358
51.4  91.3379743847  66.7648000844  66.7648000844  66.7648000844
51.5  91.3502011767  66.7611959309  66.7611959309  66.7611959309
51.6  91.3621809702  66.7574789759  66.7574789759  66.7574789759
51.7  91.3739111567  66.7536470535  66.7536470535  66.7536470535
51.8  91.3853891695  66.7496980299  66.7496980299  66.7496980299
51.9  91.396612484  66.7456298044  66.7456298044  66.7456298044
52.0  91.4075786174  66.7414403087  66.7414403087  66.7414403087
52.1  91.4182851287  66.7371275069  66.7371275069  66.7371275069
52.2  91.4287296189  66.7326893957  66.7326893957  66.7326893957
52.3  91.4389097305  66.728124004  66.728124004  66.728124004
52.4  91.4488231477  66.7234293928  66.7234293928  66.7234293928
52.5  91.4584675965  66.7186036556  66.7186036556  66.7186036556
52.6  91.4678408442  66.7136449177  66.7136449177  66.7136449177
52.7  91.4769406998  66.7085513363  66.7085513363  66.7085513363
52.8  91.4857650134  66.7033211007  66.7033211007  66.7033211007
52.9  91.4943116766  66.6979524319  66.6979524319  66.6979524319
53.0  91.5025786224  66.6924435824  66.6924435824  66.6924435824
53.1  91.5105638246  66.6867928366  66.6867928366  66.6867928366
53.2  91.5182652983  66.6809985102  66.6809985102  66.6809985102
53.3  91.5256810996  66.6750589502  66.6750589502  66.6750589502
53.4  91.5328093254  66.668972535  66.668972535  66.668972535
53.5  91.5396481135  66.6627376743  66.6627376743  66.6627376743
53.6  91.5461956423  66.6563528087  66.6563528087  66.6563528087
53.7  91.5524501309  66.6498164099  66.6498164099  66.6498164099
53.8  91.558409839  66.6431269803  66.6431269803  66.6431269803
53.9  91.5640730664  66.6362830532  66.6362830532  66.6362830532
54.0  91.5694381536  66.6292831926  66.6292831926  66.6292831926
54.1  91.574503481  66.622125993  66.622125993  66.622125993
54.2  91.5792674694  66.6148100792  66.6148100792  66.6148100792
54.3  91.5837285791  66.6073341065  66.6073341065  66.6073341065
54.4  91.5878853108  66.5996967603  66.5996967603  66.5996967603
54.5  91.5917362046  66.5918967561  66.5918967561  66.5918967561
54.6  91.5952798403  66.5839328395  66.5839328395  66.5839328395
54.7  91.5985148373  66.5758037858  66.5758037858  66.5758037858
54.8  91.6014398543  66.5675084001  66.5675084001  66.5675084001
54.9  91.6040535892  66.559045517  66.559045517  66.559045517
55.0  91.6063547792  66.550414001  66.550414001  66.550414001
55.1  91.6083422003  66.5416127454  66.5416127454  66.5416127454
55.2  91.6100146675  66.5326406733  66.5326406733  66.5326406733
55.3  91.6113710345  66.5234967365  66.5234967365  66.5234967365
55.4  91.6124101936  66.5141799161  66.5141799161  66.5141799161
55.5  91.6131310755  66.5046892219  66.5046892219  66.5046892219
55.6  91.6135326491  66.4950236925  66.4950236925  66.4950236925
55.7  91.6136139218  66.4851823952  66.4851823952  66.4851823952
55.8  91.6133739387  66.4751644257  66.4751644257  66.4751644257
55.9  91.6128117829  66.4649689082  66.4649689082  66.4649689082
56.0  91.6119265753  66.4545949948  66.4545949948  66.4545949948
56.1  91.6107174741  66.4440418662  66.4440418662  66.4440418662
56.2  91.6091836752  66.4333087306  66.4333087306  66.4333087306
56.3  91.6073244117  66.4223948242  66.4223948242  66.4223948242
56.4  91.6051389537  66.4112994111  66.4112994111  66.4112994111
56.5  91.6026266083  66.4000217827  66.4000217827  66.4000217827
56.6  91.5997867193  66.3885612578  66.3885612578  66.3885612578
56.7  91.5966186673  66.3769171827  66.3769171827  66.3769171827
56.8  91.5931218692  66.3650889307  66.3650889307  66.3650889307
56.9  91.5892957782  66.3530759021  66.3530759021  66.3530759021
57.0  91.5851398838  66.3408775241  66.3408775241  66.3408775241
57.1  91.5806537111  66.3284932507  66.3284932507  66.3284932507
57.2  91.5758368212  66.3159225623  66.3159225623  66.3159225623
57.3  91.5706888108  66.3031649658  66.3031649658  66.3031649658
57.4  91.5652093121  66.2902199946  66.2902199946  66.2902199946
57.5  91.5593979923  66.2770872079  66.2770872079  66.2770872079
57.6  91.5532545538  66.2637661911  66.2637661911  66.2637661911
57.7  91.5467787339  66.2502565554  66.2502565554  66.2502565554
57.8  91.5399703046  66.2365579378  66.2365579378  66.2365579378
57.9  91.5328290725  66.2226700007  66.2226700007  66.2226700007
58.0  91.5253548784  66.2085924321  66.2085924321  66.2085924321
58.1  91.5175475972  66.194324945  66.194324945  66.194324945
58.2  91.509407138  66.1798672777  66.1798672777  66.1798672777
58.3  91.5009334435  66.1652191935  66.1652191935  66.1652191935
58.4  91.4921264899  66.1503804803  66.1503804803  66.1503804803
58.5  91.482986287  66.1353509509  66.1353509509  66.1353509509
58.6  91.4735128778  66.1201304422  66.1201304422  66.1201304422
58.7  91.4637063379  66.104718816  66.104718816  66.104718816
58.8  91.4535667763  66.0891159578  66.0891159578  66.0891159578
58.9  91.4430943341  66.0733217773  66.0733217773  66.0733217773
59.0  91.432289185  66.0573362082  66.0573362082  66.0573362082
59.1  91.421151535  66.0411592078  66.0411592078  66.0411592078
59.2  91.4096816219  66.0247907569  66.0247907569  66.0247907569
59.3  91.3978797155  66.0082308599  66.0082308599  66.0082308599
59.4  91.385746117  65.9914795442  65.9914795442  65.9914795442
59.5  91.373281159  65.9745368605  65.9745368605  65.9745368605
59.6  91.3604852056  65.9574028823  65.9574028823  65.9574028823
59.7  91.3473586514  65.9400777059  65.9400777059  65.9400777059
59.8  91.333901922  65.9225614502  65.9225614502  65.9225614502
59.9  91.3201154737  65.9048542565  65.9048542565  65.9048542565
60.0  91.3059997928  65.8869562885  65.8869562885  65.8869562885
60.0  91.3059997928  65.8869562885  65.8869562885  65.8869562885
60.1  91.291555396  65.868867732  65.868867732  65.868867732
60.2  91.2767828298  65.8505887945  65.8505887945  65.8505887945
60.3  91.2616826704  65.8321197057  65.8321197057  65.8321197057
60.4  91.2462555236  65.8134607166  65.8134607166  65.8134607166
60.5  91.2305020241  65.7946120998  65.7946120998  65.7946120998
60.6  91.2144228362  65.7755741493  65.7755741493  65.7755741493
60.7  91.1980186526  65.7563471799  65.7563471799  65.7563471799
60.8  91.1812901948  65.7369315276  65.7369315276  65.7369315276
60.9  91.1642382126  65.7173275494  65.7173275494  65.7173275494
61.0  91.146863484  65.6975356225  65.6975356225  65.6975356225
61.1  91.129166815  65.6775561448  65.6775561448  65.6775561448
61.2  91.1111490392  65.6573895345  65.6573895345  65.6573895345
61.3  91.0928110179  65.6370362299  65.6370362299  65.6370362299
61.4  91.0741536394  65.6164966893  65.6164966893  65.6164966893
61.5  91.0551778193  65.5957713906  65.5957713906  65.5957713906
61.6  91.0358844998  65.5748608317  65.5748608317  65.5748608317
61.7  91.01627465  65.5537655296  65.5537655296  65.5537655296
61.8  90.9963492649  65.5324860207  65.5324860207  65.5324860207
61.9  90.9761093661  65.5110228606  65.5110228606  65.5110228606
62.0  90.9555560007  65.4893766237  65.4893766237  65.4893766237
62.1  90.934690242  65.4675479033  65.4675479033  65.4675479033
62.2  90.9135131881  65.4455373111  65.4455373111  65.4455373111
62.3  90.8920259628  65.4233454776  65.4233454776  65.4233454776
62.4  90.8702297148  65.4009730512  65.4009730512  65.4009730512
62.5  90.8481256172  65.3784206986  65.3784206986  65.3784206986
62.6  90.8257148682  65.3556891041  65.3556891041  65.3556891041
62.7  90.8029986897  65.3327789703  65.3327789703  65.3327789703
62.8  90.779978328  65.3096910168  65.3096910168  65.3096910168
62.9  90.7566550531  65.2864259809  65.2864259809  65.2864259809
63.0  90.7330301586  65.2629846171  65.2629846171  65.2629846171
63.1  90.7091049615  65.2393676969  65.2393676969  65.2393676969
63.2  90.6848808017  65.2155760087  65.2155760087  65.2155760087
63.3  90.6603590421  65.1916103575  65.1916103575  65.1916103575
63.4  90.6355410683  65.1674715649  65.1674715649  65.1674715649
63.5  90.6104282881  65.143160469  65.143160469  65.143160469
63.6  90.5850221316  65.1186779239  65.1186779239  65.1186779239
63.7  90.5593240507  65.0940247996  65.0940247996  65.0940247996
63.8  90.5333355192  65.0692019823  65.0692019823  65.0692019823
63.9  90.5070580319  65.0442103735  65.0442103735  65.0442103735
64.0  90.4804931053  65.0190508904  65.0190508904  65.0190508904
64.1  90.4536422765  64.9937244654  64.9937244654  64.9937244654
64.2  90.4265071033  64.968232046  64.968232046  64.968232046
64.3  90.3990891642  64.9425745947  64.9425745947  64.9425745947
64.4  90.3713900578  64.9167530889  64.9167530889  64.9167530889
64.5  90.3434114027  64.8907685204  64.8907685204  64.8907685204
64.6  90.3151548371  64.8646218955  64.8646218955  64.8646218955
64.7  90.2866220189  64.8383142349  64.8383142349  64.8383142349
64.8  90.2578146253  64.8118465732  64.8118465732  64.8118465732
64.9  90.2287343522  64.785219959  64.785219959  64.785219959
65.0  90.1993829146  64.7584354545  64.7584354545  64.7584354545
65.1  90.1697620459  64.7314941356  64.7314941356  64.7314941356
65.2  90.1398734977  64.7043970915  64.7043970915  64.7043970915
65.3  90.1097190398  64.6771454246  64.6771454246  64.6771454246
65.4  90.0793004598  64.6497402504  64.6497402504  64.6497402504
65.5  90.0486195626  64.6221826972  64.6221826972  64.6221826972
65.6  90.0176781707  64.594473906  64.594473906  64.594473906
65.7  89.9864781236  64.5666150302  64.5666150302  64.5666150302
65.8  89.9550212775  64.5386072356  64.5386072356  64.5386072356
65.9  89.9233095053  64.5104517002  64.5104517002  64.5104517002
66.0  89.8913446962  64.4821496138  64.4821496138  64.4821496138
66.1  89.8591287555  64.4537021783  64.4537021783  64.4537021783
66.2  89.8266636043  64.4251106069  64.4251106069  64.4251106069
66.3  89.7939511795  64.3963761245  64.3963761245  64.3963761245
66.4  89.760993433  64.367499967  64.367499967  64.367499967
66.5  89.727792332  64.3384833817  64.3384833817  64.3384833817
66.6  89.6943498588  64.3093276267  64.3093276267  64.3093276267
66.7  89.66066801  64.2800339707  64.2800339707  64.2800339707
66.8  89.6267487967  64.2506036932  64.2506036932  64.2506036932
66.9  89.5925942441  64.2210380839  64.2210380839  64.2210380839
67.0  89.5582063914  64.191338443  64.191338443  64.191338443
67.1  89.5235872914  64.1615060805  64.1615060805  64.1615060805
67.2  89.4887390102  64.1315423163  64.1315423163  64.1315423163
67.3  89.4536636273  64.1014484802  64.1014484802  64.1014484802
67.4  89.4183632349  64.0712259113  64.0712259113  64.0712259113
67.5  89.382839938  64.0408759582  64.0408759582  64.0408759582
67.6  89.347095854  64.0103999785  64.0103999785  64.0103999785
67.7  89.3111331125  63.9797993392  63.9797993392  63.9797993392
67.8  89.274953855  63.9490754157  63.9490754157  63.9490754157
67.9  89.2385602349  63.9182295923  63.9182295923  63.9182295923
68.0  89.2019544168  63.8872632617  63.8872632617  63.8872632617
68.1  89.1651385767  63.8561778251  63.8561778251  63.8561778251
68.2  89.1281149016  63.8249746916  63.8249746916  63.8249746916
68.3  89.0908855891  63.7936552785  63.7936552785  63.7936552785
68.4  89.0534528475  63.7622210107  63.7622210107  63.7622210107
68.5  89.0158188952  63.7306733209  63.7306733209  63.7306733209
68.6  88.9779859607  63.6990136493  63.6990136493  63.6990136493
68.7  88.9399562823  63.6672434431  63.6672434431  63.6672434431
68.8  88.9017321077  63.6353641569  63.6353641569  63.6353641569
68.9  88.8633156941  63.6033772523  63.6033772523  63.6033772523
69.0  88.8247093077  63.5712841974  63.5712841974  63.5712841974
69.1  88.7859152235  63.5390864672  63.5390864672  63.5390864672
69.2  88.7469357251  63.506785543  63.506785543  63.506785543
69.3  88.7077731044  63.4743829124  63.4743829124  63.4743829124
69.4  88.6684296616  63.4418800691  63.4418800691  63.4418800691
69.5  88.6289077045  63.4092785129  63.4092785129  63.4092785129
69.6  88.5892095488  63.376579749  63.376579749  63.376579749
69.7  88.5493375174  63.3437852887  63.3437852887  63.3437852887
69.8  88.5092939406  63.3108966483  63.3108966483  63.3108966483
69.9  88.4690811555  63.2779153497  63.2779153497  63.2779153497
70.0  88.4287015058  63.2448429197  63.2448429197  63.2448429197
70.1  88.3881573418  63.2116808901  63.2116808901  63.2116808901
70.2  88.3474510201  63.1784307975  63.1784307975  63.1784307975
70.3  88.3065849033  63.1450941831  63.1450941831  63.1450941831
70.4  88.2655613594  63.1116725927  63.1116725927  63.1116725927
70.5  88.2243827625  63.078167576  63.078167576  63.078167576
70.6  88.1830514917  63.0445806873  63.0445806873  63.0445806873
70.7  88.1415699311  63.0109134844  63.0109134844  63.0109134844
70.8  88.0999404698  62.9771675293  62.9771675293  62.9771675293
70.9  88.0581655015  62.9433443873  62.9433443873  62.9433443873
71.0  88.0162474243  62.9094456275  62.9094456275  62.9094456275
71.1  87.9741886404  62.8754728219  62.8754728219  62.8754728219
71.2  87.931991556  62.841427546  62.841427546  62.841427546
71.3  87.8896585809  62.8073113782  62.8073113782  62.8073113782
71.4  87.8471921285  62.7731258996  62.7731258996  62.7731258996
71.5  87.8045946153  62.7388726942  62.7388726942  62.7388726942
71.6  87.7618684611  62.7045533482  62.7045533482  62.7045533482
71.7  87.7190160882  62.6701694504  62.6701694504  62.6701694504
71.8  87.6760399217  62.6357225917  62.6357225917  62.6357225917
71.9  87.632942389  62.6012143651  62.6012143651  62.6012143651
72.0  87.5897259195  62.5666463654  62.5666463654  62.5666463654
72.1  87.5463929447  62.5320201891  62.5320201891  62.5320201891
72.2  87.5029458978  62.4973374344  62.4973374344  62.4973374344
72.3  87.4593872132  62.4625997008  62.4625997008  62.4625997008
72.4  87.4157193269  62.4278085891  62.4278085891  62.4278085891
72.5  87.3719446758  62.3929657011  62.3929657011  62.3929657011
72.6  87.3280656976  62.3580726398  62.3580726398  62.3580726398
72.7  87.2840848305  62.3231310087  62.3231310087  62.3231310087
72.8  87.2400045133  62.2881424121  62.2881424121  62.2881424121
72.9  87.1958271849  62.2531084548  62.2531084548  62.2531084548
73.0  87.151555284  62.2180307419  62.2180307419  62.2180307419
73.1  87.1071912492  62.1829108786  62.1829108786  62.1829108786
73.2  87.0627375187  62.1477504703  62.1477504703  62.1477504703
73.3  87.0181965298  62.1125511223  62.1125511223  62.1125511223
73.4  86.973570719  62.0773144394  62.0773144394  62.0773144394
73.5  86.9288625218  62.0420420262  62.0420420262  62.0420420262
73.6  86.8840743722  62.0067354868  62.0067354868  62.0067354868
73.7  86.8392087029  61.9713964243  61.9713964243  61.9713964243
73.8  86.7942679446  61.9360264413  61.9360264413  61.9360264413
73.9  86.7492545263  61.9006271391  61.9006271391  61.9006271391
74.0  86.7041708748  61.8652001182  61.8652001182  61.8652001182
74.1  86.6590194144  61.8297469773  61.8297469773  61.8297469773
74.2  86.613802567  61.7942693142  61.7942693142  61.7942693142
74.3  86.5685227518  61.7587687249  61.7587687249  61.7587687249
74.4  86.5231823848  61.7232468036  61.7232468036  61.7232468036
74.5  86.477783879  61.6877051428  61.6877051428  61.6877051428
74.6  86.4323296441  61.6521453328  61.6521453328  61.6521453328
74.7  86.3868220862  61.6165689621  61.6165689621  61.6165689621
74.8  86.3412636076  61.5809776165  61.5809776165  61.5809776165
74.9  86.2956566065  61.5453728796  61.5453728796  61.5453728796
75.0  86.2500034772  61.5097563326  61.5097563326  61.5097563326
75.1  86.2043066096  61.4741295536  61.4741295536  61.4741295536
75.2  86.158568389  61.4384941182  61.4384941182  61.4384941182
75.3  86.1127911959  61.402851599  61.402851599  61.402851599
75.4  86.0669774059  61.3672035653  61.3672035653  61.3672035653
75.5  86.0211293897  61.3315515832  61.3315515832  61.3315515832
75.6  85.9752495124  61.2958972157  61.2958972157  61.2958972157
75.7  85.9293401337  61.2602420219  61.2602420219  61.2602420219
75.8  85.8834036077  61.2245875576  61.2245875576  61.2245875576
75.9  85.8374422825  61.1889353745  61.1889353745  61.1889353745
76.0  85.7914585001  61.1532870207  61.1532870207  61.1532870207
76.1  85.7454545965  61.1176440401  61.1176440401  61.1176440401
76.2  85.6994329009  61.0820079723  61.0820079723  61.0820079723
76.3  85.6533957363  61.0463803529  61.0463803529  61.0463803529
76.4  85.6073454186  61.010762713  61.010762713  61.010762713
76.5  85.5612842568  60.9751565789  60.9751565789  60.9751565789
76.6  85.5152145527  60.9395634725  60.9395634725  60.9395634725
76.7  85.469138601  60.9039849108  60.9039849108  60.9039849108
76.8  85.4230586884  60.8684224058  60.8684224058  60.8684224058
76.9  85.3769770945  60.8328774645  60.8328774645  60.8328774645
77.0  85.3308960906  60.7973515888  60.7973515888  60.7973515888
77.1  85.2848179401  60.7618462752  60.7618462752  60.7618462752
77.2  85.2387448982  60.7263630148  60.7263630148  60.7263630148
77.3  85.1926792117  60.6909032931  60.6909032931  60.6909032931
77.4  85.1466231188  60.6554685901  60.6554685901  60.6554685901
77.5  85.1005788491  60.6200603798  60.6200603798  60.6200603798
77.6  85.0545486232  60.5846801304  60.5846801304  60.5846801304
77.7  85.0085346526  60.549329304  60.549329304  60.549329304
77.8  84.9625391396  60.5140093568  60.5140093568  60.5140093568
77.9  84.9165642772  60.4787217385  60.4787217385  60.4787217385
78.0  84.8706122487  60.4434678924  60.4434678924  60.4434678924
78.1  84.8246852279  60.4082492556  60.4082492556  60.4082492556
78.2  84.7787853783  60.3730672582  60.3730672582  60.3730672582
78.3  84.7329148539  60.3379233239  60.3379233239  60.3379233239
78.4  84.6870757981  60.3028188694  60.3028188694  60.3028188694
78.5  84.641270344  60.2677553046  60.2677553046  60.2677553046
78.6  84.5955006144  60.2327340323  60.2327340323  60.2327340323
78.7  84.5497687211  60.197756448  60.197756448  60.197756448
78.8  84.5040767654  60.1628239401  60.1628239401  60.1628239401
78.9  84.4584268373  60.1279378895  60.1279378895  60.1279378895
79.0  84.412821016  60.0930996698  60.0930996698  60.0930996698
79.1  84.3672613692  60.0583106469  60.0583106469  60.0583106469
79.2  84.3217499531  60.0235721788  60.0235721788  60.0235721788
79.3  84.2762888127  59.9888856162  59.9888856162  59.9888856162
79.4  84.2308799808  59.9542523013  59.9542523013  59.9542523013
79.5  84.1855254786  59.9196735687  59.9196735687  59.9196735687
79.6  84.1402273153  59.8851507449  59.8851507449  59.8851507449
79.7  84.0949874878  59.8506851479  59.8506851479  59.8506851479
79.8  84.0498079808  59.8162780876  59.8162780876  59.8162780876
79.9  84.0046907666  59.7819308655  59.7819308655  59.7819308655
80.0  83.9596378048  59.7476447745  59.7476447745  59.7476447745
80.1  83.9146510423  59.7134210989  59.7134210989  59.7134210989
80.2  83.8697324133  59.6792611144  59.6792611144  59.6792611144
80.3  83.8248838389  59.6451660879  59.6451660879  59.6451660879
80.4  83.780107227  59.6111372772  59.6111372772  59.6111372772
80.5  83.7354044723  59.5771759313  59.5771759313  59.5771759313
80.6  83.6907774563  59.5432832902  59.5432832902  59.5432832902
80.7  83.6462280466  59.5094605845  59.5094605845  59.5094605845
80.8  83.6017580976  59.4757090357  59.4757090357  59.4757090357
80.9  83.5573694496  59.4420298559  59.4420298559  59.4420298559
81.0  83.5130639292  59.4084242477  59.4084242477  59.4084242477
81.1  83.4688433487  59.3748934043  59.3748934043  59.3748934043
81.2  83.4247095067  59.3414385092  59.3414385092  59.3414385092
81.3  83.3806641871  59.3080607362  59.3080607362  59.3080607362
81.4  83.3367091597  59.2747612493  59.2747612493  59.2747612493
81.5  83.2928461796  59.2415412028  59.2415412028  59.2415412028
81.6  83.2490769875  59.2084017407  59.2084017407  59.2084017407
81.7  83.2054033091  59.1753439973  59.1753439973  59.1753439973
81.8  83.1618268554  59.1423690966  59.1423690966  59.1423690966
81.9  83.1183493224  59.1094781525  59.1094781525  59.1094781525
82.0  83.0749723911  59.0766722684  59.0766722684  59.0766722684
82.1  83.0316977271  59.0439525377  59.0439525377  59.0439525377
82.2  82.9885269809  59.0113200431  59.0113200431  59.0113200431
82.3  82.9454617876  58.9787758567  58.9787758567  58.9787758567
82.4  82.9025037665  58.9463210404  58.9463210404  58.9463210404
82.5  82.8596545217  58.9139566451  58.9139566451  58.9139566451
82.6  82.8169156412  58.881683711  58.881683711  58.881683711
82.7  82.7742886973  58.8495032677  58.8495032677  58.8495032677
82.8  82.7317752466  58.8174163336  58.8174163336  58.8174163336
82.9  82.6893768292  58.7854239165  58.7854239165  58.7854239165
83.0  82.6470949696  58.7535270128  58.7535270128  58.7535270128
83.1  82.6049311755  58.7217266082  58.7217266082  58.7217266082
83.2  82.5628869389  58.6900236769  58.6900236769  58.6900236769
83.3  82.5209637349  58.658419182  58.658419182  58.658419182
83.4  82.4791630223  58.6269140754  58.6269140754  58.6269140754
83.5  82.4374862433  58.5955092976  58.5955092976  58.5955092976
83.6  82.3959348233  58.5642057775  58.5642057775  58.5642057775
83.7  82.3545101711  58.5330044328  58.5330044328  58.5330044328
83.8  82.3132136785  58.5019061693  58.5019061693  58.5019061693
83.9  82.2720467203  58.4709118817  58.4709118817  58.4709118817
84.0  82.2310106545  58.4400224524  58.4400224524  58.4400224524
84.1  82.1901068218  58.4092387526  58.4092387526  58.4092387526
84.2  82.1493365456  58.3785616415  58.3785616415  58.3785616415
84.3  82.1087011323  58.3479919665  58.3479919665  58.3479919665
84.4  82.0682018707  58.3175305629  58.3175305629  58.3175305629
84.5  82.0278400324  58.2871782543  58.2871782543  58.2871782543
84.6  81.9876168712  58.2569358523  58.2569358523  58.2569358523
84.7  81.9475336235  58.2268041563  58.2268041563  58.2268041563
84.8  81.9075915081  58.1967839536  58.1967839536  58.1967839536
84.9  81.8677917259  58.1668760193  58.1668760193  58.1668760193
85.0  81.8281354602  58.1370811165  58.1370811165  58.1370811165
85.1  81.7886238761  58.1073999958  58.1073999958  58.1073999958
85.2  81.7492581212  58.0778333956  58.0778333956  58.0778333956
85.3  81.7100393248  58.048382042  58.048382042  58.048382042
85.4  81.6709685982  58.0190466485  58.0190466485  58.0190466485
85.5  81.6320470346  57.9898279163  57.9898279163  57.9898279163
85.6  81.5932757091  57.960726534  57.960726534  57.960726534
85.7  81.5546556784  57.9317431779  57.9317431779  57.9317431779
85.8  81.5161879809  57.9028785115  57.9028785115  57.9028785115
85.9  81.4778736367  57.8741331857  57.8741331857  57.8741331857
86.0  81.4397136476  57.8455078388  57.8455078388  57.8455078388
86.1  81.4017089967  57.8170030964  57.8170030964  57.8170030964
86.2  81.3638606487  57.7886195713  57.7886195713  57.7886195713
86.3  81.3261695497  57.7603578636  57.7603578636  57.7603578636
86.4  81.2886366272  57.7322185606  57.7322185606  57.7322185606
86.5  81.2512627901  57.7042022368  57.7042022368  57.7042022368
86.6  81.2140489283  57.6763094535  57.6763094535  57.6763094535
86.7  81.1769959133  57.6485407596  57.6485407596  57.6485407596
86.8  81.1401045976  57.6208966907  57.6208966907  57.6208966907
86.9  81.1033758148  57.5933777696  57.5933777696  57.5933777696
87.0  81.0668103797  57.5659845059  57.5659845059  57.5659845059
87.1  81.0304090883  57.5387173963  57.5387173963  57.5387173963
87.2  80.9941727173  57.5115769246  57.5115769246  57.5115769246
87.3  80.9581020246  57.4845635612  57.4845635612  57.4845635612
87.4  80.9221977492  57.4576777637  57.4576777637  57.4576777637
87.5  80.8864606107  57.4309199763  57.4309199763  57.4309199763
87.6  80.8508913099  57.4042906302  57.4042906302  57.4042906302
87.7  80.8154905283  57.3777901434  57.3777901434  57.3777901434
87.8  80.7802589282  57.3514189207  57.3514189207  57.3514189207
87.9  80.745197153  57.3251773536  57.3251773536  57.3251773536
88.0  80.7103058264  57.2990658205  57.2990658205  57.2990658205
88.1  80.6755855533  57.2730846864  57.2730846864  57.2730846864
88.2  80.6410369191  57.2472343031  57.2472343031  57.2472343031
88.3  80.6066604901  57.2215150091  57.2215150091  57.2215150091
88.4  80.572456813  57.1959271297  57.1959271297  57.1959271297
88.5  80.5384264154  57.1704709766  57.1704709766  57.1704709766
88.6  80.5045698056  57.1451468484  57.1451468484  57.1451468484
88.7  80.4708874724  57.1199550304  57.1199550304  57.1199550304
88.8  80.4373798853  57.0948957943  57.0948957943  57.0948957943
88.9  80.4040474944  57.0699693986  57.0699693986  57.0699693986
89.0  80.3708907304  57.0451760884  57.0451760884  57.0451760884
89.1  80.3379100045  57.0205160955  57.0205160955  57.0205160955
89.2  80.3051057088  56.995989638  56.995989638  56.995989638
89.3  80.2724782156  56.9715969211  56.9715969211  56.9715969211
89.4  80.2400278779  56.9473381361  56.9473381361  56.9473381361
89.5  80.2077550295  56.9232134613  56.9232134613  56.9232134613
89.6  80.1756599844  56.8992230612  56.8992230612  56.8992230612
89.7  80.1437430375  56.8753670872  56.8753670872  56.8753670872
89.8  80.112004464  56.8516456773  56.8516456773  56.8516456773
89.9  80.0804445198  56.8280589558  56.8280589558  56.8280589558
90.0  80.0490634413  56.8046070339  56.8046070339  56.8046070339
90.0  80.0490634413  56.8046070339  56.8046070339  56.8046070339
90.1  80.0178614457  56.7812900091  56.7812900091  56.7812900091
90.2  79.9868387305  56.7581079659  56.7581079659  56.7581079659
90.3  79.9559954739  56.735060975  56.735060975  56.735060975
90.4  79.9253318347  56.7121490938  56.7121490938  56.7121490938
90.5  79.8948479524  56.6893723666  56.6893723666  56.6893723666
90.6  79.8645439469  56.6667308239  56.6667308239  56.6667308239
90.7  79.834419919  56.6442244831  56.6442244831  56.6442244831
90.8  79.8044759499  56.6218533482  56.6218533482  56.6218533482
90.9  79.7747121018  56.5996174098  56.5996174098  56.5996174098
91.0  79.7451284171  56.5775166451  56.5775166451  56.5775166451
91.1  79.7157249194  56.5555510182  56.5555510182  56.5555510182
91.2  79.6865016127  56.5337204796  56.5337204796  56.5337204796
91.3  79.6574584819  56.5120249667  56.5120249667  56.5120249667
91.4  79.6285954926  56.4904644036  56.4904644036  56.4904644036
91.5  79.5999125912  56.469038701  56.469038701  56.469038701
91.6  79.571409705  56.4477477564  56.4477477564  56.4477477564
91.7  79.5430867421  56.4265914542  56.4265914542  56.4265914542
91.8  79.5149435913  56.4055696654  56.4055696654  56.4055696654
91.9  79.4869801227  56.3846822481  56.3846822481  56.3846822481
92.0  79.459196187  56.3639290468  56.3639290468  56.3639290468
92.1  79.431591616  56.3433098931  56.3433098931  56.3433098931
92.2  79.4041662225  56.3228246057  56.3228246057  56.3228246057
92.3  79.3769198004  56.3024729897  56.3024729897  56.3024729897
92.4  79.3498521246  56.2822548375  56.2822548375  56.2822548375
92.5  79.3229629512  56.2621699284  56.2621699284  56.2621699284
92.6  79.2962520174  56.2422180285  56.2422180285  56.2422180285
92.7  79.2697190416  56.2223988911  56.2223988911  56.2223988911
92.8  79.2433637236  56.2027122564  56.2027122564  56.2027122564
92.9  79.2171857441  56.1831578519  56.1831578519  56.1831578519
93.0  79.1911847657  56.1637353919  56.1637353919  56.1637353919
93.1  79.165360432  56.144444578  56.144444578  56.144444578
93.2  79.1397123681  56.125285099  56.125285099  56.125285099
93.3  79.1142401806  56.1062566307  56.1062566307  56.1062566307
93.4  79.0889434577  56.0873588365  56.0873588365  56.0873588365
93.5  79.0638217692  56.0685913667  56.0685913667  56.0685913667
93.6  79.0388746665  56.049953859  56.049953859  56.049953859
93.7  79.0141016826  56.0314459387  56.0314459387  56.0314459387
93.8  78.9895023325  56.0130672182  56.0130672182  56.0130672182
93.9  78.9650761127  55.9948172973  55.9948172973  55.9948172973
94.0  78.9408225019  55.9766957636  55.9766957636  55.9766957636
94.1  78.9167409606  55.9587021919  55.9587021919  55.9587021919
94.2  78.8928309312  55.9408361446  55.9408361446  55.9408361446
94.3  78.8690918383  55.9230971719  55.9230971719  55.9230971719
94.4  78.8455230886  55.9054848114  55.9054848114  55.9054848114
94.5  78.822124071  55.8879985885  55.8879985885  55.8879985885
94.6  78.7988941566  55.8706380163  55.8706380163  55.8706380163
94.7  78.7758326989  55.8534025958  55.8534025958  55.8534025958
94.8  78.7529390339  55.8362918156  55.8362918156  55.8362918156
94.9  78.7302124799  55.8193051524  55.8193051524  55.8193051524
95.0  78.7076523378  55.8024420708  55.8024420708  55.8024420708
95.1  78.6852578912  55.7857020233  55.7857020233  55.7857020233
95.2  78.6630284062  55.7690844504  55.7690844504  55.7690844504
95.3  78.6409631321  55.7525887808  55.7525887808  55.7525887808
95.4  78.6190613005  55.7362144314  55.7362144314  55.7362144314
95.5  78.5973221265  55.7199608071  55.7199608071  55.7199608071
95.6  78.5757448077  55.7038273012  55.7038273012  55.7038273012
95.7  78.5543285251  55.6878132953  55.6878132953  55.6878132953
95.8  78.533072443  55.6719181594  55.6719181594  55.6719181594
95.9  78.5119757085  55.6561412517  55.6561412517  55.6561412517
96.0  78.4910374527  55.6404819193  55.6404819193  55.6404819193
96.1  78.4702567895  55.6249394974  55.6249394974  55.6249394974
96.2  78.4496328167  55.6095133102  55.6095133102  55.6095133102
96.3  78.4291646158  55.5942026703  55.5942026703  55.5942026703
96.4  78.4088512517  55.5790068792  55.5790068792  55.5790068792
96.5  78.3886917734  55.5639252271  55.5639252271  55.5639252271
96.6  78.3686852136  55.5489569932  55.5489569932  55.5489569932
96.7  78.348830589  55.5341014455  55.5341014455  55.5341014455
96.8  78.3291269006  55.519357841  55.519357841  55.519357841
96.9  78.3095731334  55.5047254259  55.5047254259  55.5047254259
97.0  78.2901682567  55.4902034354  55.4902034354  55.4902034354
97.1  78.2709112243  55.475791094  55.475791094  55.475791094
97.2  78.2518009744  55.4614876154  55.4614876154  55.4614876154
97.3  78.2328364299  55.4472922027  55.4472922027  55.4472922027
97.4  78.2171442466  55.4332040485  55.4332040485  55.4332040485
97.5  78.1853076556  55.4192223347  55.4192223347  55.4192223347
97.6  78.1534840229  55.4053462328  55.4053462328  55.4053462328
97.7  78.1216733433  55.3915749042  55.3915749042  55.3915749042
97.8  78.0898756116  55.3779074997  55.3779074997  55.3779074997
97.9  78.0580908225  55.3643431601  55.3643431601  55.3643431601
98.0  78.0263189707  55.350881016  55.350881016  55.350881016
98.1  77.9945600509  55.3375201878  55.3375201878  55.3375201878
98.2  77.9628140579  55.3242597862  55.3242597862  55.3242597862
98.3  77.9310809864  55.3110989119  55.3110989119  55.3110989119
98.4  77.8993608312  55.2980366558  55.2980366558  55.2980366558
98.5  77.867653587  55.2850720989  55.2850720989  55.2850720989
98.6  77.8359592485  55.2722043128  55.2722043128  55.2722043128
98.7  77.8042778105  55.2594323593  55.2594323593  55.2594323593
98.8  77.7726092678  55.2467552911  55.2467552911  55.2467552911
98.9  77.740953615  55.234172151  55.234172151  55.234172151
99.0  77.709310847  55.2216819728  55.2216819728  55.2216819728
99.1  77.6776809585  55.2092837812  55.2092837812  55.2092837812
99.2  77.6460639443  55.1969765913  55.1969765913  55.1969765913
99.3  77.6144597991  55.1847594096  55.1847594096  55.1847594096
99.4  77.5828685176  55.1726312334  55.1726312334  55.1726312334
99.5  77.5512900947  55.1605910513  55.1605910513  55.1605910513
99.6  77.5197245252  55.1486378428  55.1486378428  55.1486378428
99.7  77.4881718037  55.1367705791  55.1367705791  55.1367705791
99.8  77.456631925  55.1249882226  55.1249882226  55.1249882226
99.9  77.425104884  55.1132897271  55.1132897271  55.1132897271
100.0  77.3935906753  55.1016740381  55.1016740381  55.1016740381
100.1  77.3620892939  55.0901400929  55.0901400929  55.0901400929
100.2  77.3306007344  55.0786868204  55.0786868204  55.0786868204
100.3  77.2991249916  55.0673131413  55.0673131413  55.0673131413
100.4  77.2676620604  55.0560179686  55.0560179686  55.0560179686
100.5  77.2362119354  55.0448002069  55.0448002069  55.0448002069
100.6  77.2047746116  55.0336587533  55.0336587533  55.0336587533
100.7  77.1733500836  55.022592497  55.022592497  55.022592497
100.8  77.1419383463  55.0116003198  55.0116003198  55.0116003198
100.9  77.1105393945  55.0006810955  55.0006810955  55.0006810955
120.0  71.3417520041  52.7538562831  52.7538562831  52.7538562831
150.0  63.1396153641  45.1022410647  45.1022410647  45.1022410647
180.0  55.8804755467  1.45087775929  1.45087775929  1.45087775929
210.0  49.4559165323  1566.0694842  1566.0694842  1566.0694842
240.0  43.7699868535  14506.3590906  14506.3590906  14506.3590906
270.0  38.7377665502  76230.3496119  76230.3496119  76230.3496119
300.0  34.2840988809  292436.215792  292436.215792  292436.215792
330.0  30.3424678485  911360.379231  911360.379231  911360.379231
360.0  26.8540047775  2446084.94724  2446084.94724  2446084.94724
390.0  23.7666091034  5862065.75494  5862065.75494  5862065.75494
420.0  21.034170246  12849652.5882  12849652.5882  12849652.5882
450.0  18.6158789422  26203983.4764  26203983.4764  26203983.4764
480.0  16.4756177562  50337245.2542  50337245.2542  50337245.2542
510.0  14.581421661  91950902.9051  91950902.9051  91950902.9051

#SVE monte-carlo points sigmaR (r, sigmaR_med, sigmaR_std)
25.2  94.6041332739  0.0
28.7  93.192395415  0.0
32.1  92.3482548358  0.0
35.6  92.0385915359  0.0
39.1  92.1855459232  0.0
42.6  92.6076493158  0.0
46.1  93.1044430284  0.0
49.6  93.493300145  0.0
53.1  93.6317363027  0.0
56.6  93.4278732811  0.0
60.0  92.8642013764  0.0
63.5  91.9151407722  0.0
67.0  90.6387678787  0.0
70.5  89.1115025579  0.0
74.0  87.42763057  0.0
77.5  85.6877896998  0.0
81.0  83.988291232  0.0
84.5  82.4119194344  0.0
88.0  81.0206978559  0.0
91.4  79.881173304  0.0
94.9  78.9347760556  0.0
98.4  77.8786078606  0.0
390.0  20.9544989711  0.0

#SVE monte-carlo points sigmaZ (r, sigmaZ_med, sigmaZ_std)
25.6  76.2330755229  0.0
29.1  72.276022044  0.0
32.5  69.7244185176  0.0
36.0  68.1372715842  0.0
39.5  67.3085405394  0.0
43.0  66.9614767897  0.0
46.5  66.8573786236  0.0
50.0  66.8047057277  0.0
53.5  66.6627376743  0.0
57.0  66.3408775241  0.0
60.4  65.8134607166  0.0
63.9  65.0442103735  0.0
67.4  64.0712259113  0.0
70.9  62.9433443873  0.0
74.4  61.7232468036  0.0
77.9  60.4787217385  0.0
81.4  59.2747612493  0.0
84.9  58.1668760193  0.0
88.4  57.1959271297  0.0
91.8  56.4055696654  0.0
95.3  55.7525887808  0.0
98.8  55.2467552911  0.0
510.0  91950902.9051  0.0

#SVE monte-carlo points sigmaPhi (r, sigmaPhi_med, sigmaPhi_std)
26.1  75.5746814004  0.0
29.6  71.8274432562  0.0
33.0  69.4400298476  0.0
36.5  67.9792332659  0.0
40.0  67.2355053236  0.0
43.5  66.936736195  0.0
47.0  66.8505432125  0.0
50.5  66.7925351371  0.0
54.0  66.6292831926  0.0
57.5  66.2770872079  0.0
60.9  65.7173275494  0.0
64.4  64.9167530889  0.0
67.9  63.9182295923  0.0
71.4  62.7731258996  0.0
74.9  61.5453728796  0.0
78.4  60.3028188694  0.0
81.9  59.1094781525  0.0
85.4  58.0190466485  0.0
88.9  57.0699693986  0.0
92.3  56.3024729897  0.0
95.8  55.6719181594  0.0
99.3  55.1847594096  0.0
