#SVE points (r, sigmaR, sigmaZ, sigmaPhi, sigmaMajRestored)
26.2  162.941320732  68.6127664182  130.852484515  93.7657194527
26.3  162.023920839  69.1228371407  130.051850684  93.6505716239
26.4  161.119582141  69.6163914419  129.262665854  93.5363586059
26.5  160.229204331  70.0933717795  128.48563108  93.4231009544
26.6  159.353670771  70.5537353314  127.721433068  93.310819246
26.7  158.493847023  70.9974534053  126.97074304  93.1995340699
26.8  157.650579407  71.4245108517  126.234215624  93.089266019
26.9  156.824693529  71.8349055214  125.512487731  92.9800356812
27.0  156.016992827  72.2286477354  124.80617744  92.8718636305
27.1  155.228257125  72.6057597829  124.115882895  92.764770419
27.2  154.459241193  72.9662754387  123.442181211  92.6587765679
27.3  153.710673333  73.3102395002  122.785627403  92.5539025589
27.4  152.983253968  73.6377073546  122.146753319  92.4501688262
27.5  152.277654296  73.9487445461  121.526066629  92.3475957478
27.6  151.594514948  74.2434263766  120.924049816  92.2462036372
27.7  150.934444692  74.5218375282  120.341159211  92.1460127355
27.8  150.298019204  74.784071688  119.77782408  92.0470432025
27.9  149.685779872  75.0302312022  119.234445741  91.9493151092
28.0  149.098232687  75.2604267398  118.711396749  91.8528484296
28.1  148.535847166  75.4747769877  118.209020114  91.7576630324
28.2  147.999055398  75.6734083406  117.72762861  91.6637786737
28.3  147.488251135  75.8564546227  117.267504136  91.5712149883
28.4  147.003788993  76.0240568233  116.82889714  91.4799914827
28.5  146.545983729  76.1763628477  116.412026134  91.3901275271
28.6  146.11510965  76.3135272776  116.017077295  91.3016423478
28.7  145.711400095  76.4357111589  115.644204124  91.2145550195
28.8  145.33504704  76.5430817979  115.29352722  91.1288844583
28.9  144.986200835  76.6358125692  114.965134136  91.0446494139
29.0  144.664970023  76.7140827502  114.65907932  90.9618684624
29.1  144.371421307  76.7780773621  114.375384155  90.8805599995
29.2  144.105579625  76.8279870315  114.114037096  90.8007422327
29.3  143.86742835  76.8640078591  113.874993905  90.722433175
29.4  143.656909603  76.8863413169  113.658177963  90.6456506376
29.5  143.473924718  76.8951941346  113.463480712  90.5704122229
29.6  143.318334752  76.8907782435  113.290762127  90.4967353182
29.7  143.189961199  76.8733106854  113.139851345  90.4246370889
29.8  143.088586738  76.843013575  113.010547321  90.3541344717
29.9  143.013956148  76.8001140435  112.902619616  90.2852441687
30.0  142.965777243  76.7448442393  112.815809191  90.2179826404
30.0  142.965777245  76.7448442383  112.815809192  90.2179826404
30.1  142.943722008  76.6774412827  112.749829361  90.1523660999
30.2  142.947427723  76.5981472851  112.704366741  90.0884105067
30.3  142.976498192  76.5072093686  112.679082267  90.0261315604
30.4  143.03050511  76.4048796624  112.673612316  89.9655446952
30.5  143.108989358  76.2914153778  112.687569782  89.9066650736
30.6  143.2114625  76.1670788224  112.720545291  89.8495075809
30.7  143.337408222  76.0321374751  112.772108381  89.7940868196
30.8  143.486283838  75.8868640563  112.841808723  89.7404171039
30.9  143.657521853  75.731536596  112.929177381  89.688512454
31.0  143.850531488  75.5664385371  113.033728048  89.6383865912
31.1  144.064700292  75.3918588087  113.15495834  89.5900529324
31.2  144.299395666  75.2080919596  113.292351019  89.5435245852
31.3  144.553966489  75.0154382368  113.445375292  89.4988143426
31.4  144.827744651  74.8142037185  113.613488036  89.4559346788
31.5  145.120046584  74.604700443  113.796135016  89.4148977436
31.6  145.430174812  74.3872465193  113.992752114  89.3757153584
31.7  145.757419432  74.1621662629  114.202766505  89.3383990113
31.8  146.101059598  73.9297903134  114.425597826  89.3029598528
31.9  146.460364932  73.6904557729  114.660659289  89.2694086917
32.0  146.834596862  73.4445063646  114.907358737  89.2377559906
32.1  147.223010073  73.1922924963  115.165099775  89.2080118617
32.2  147.624853695  72.9341714457  115.433282707  89.1801860634
32.3  148.039372593  72.6705074552  115.711305537  89.1542879959
32.4  148.465808589  72.401671829  115.998564926  89.1303266977
32.5  148.903401562  72.1280430636  116.29445704  89.1083108419
32.6  149.351390543  71.8500069406  116.598378403  89.0882487329
32.7  149.809014802  71.5679565824  116.909726734  89.0701483027
32.8  150.275514795  71.2822925417  117.227901677  89.0540171077
32.9  150.750133094  70.9934228594  117.552305514  89.0398623257
33.0  151.232115356  70.7017630465  117.882343906  89.0276907528
33.1  151.720711013  70.4077361846  118.21742642  89.0175088003
33.2  152.215174204  70.1117728265  118.556967238  89.009322492
33.3  152.71476446  69.8143109896  118.900385674  89.0031374617
33.4  153.218747383  69.5157961051  119.247106683  88.9989589502
33.5  153.726395309  69.2166809072  119.596561364  88.9967918032
33.6  154.236987934  68.9174252944  119.948187424  88.9966404687
33.7  154.749812905  68.618496146  120.301429617  88.998508995
33.8  155.264166283  68.3203671545  120.655740087  89.0024010283
33.9  155.779353125  68.0235185221  121.010578798  89.0083198109
34.0  156.294687855  67.7284367199  121.365413799  89.0162681794
34.1  156.809494819  67.435614059  121.719721637  89.0262485626
34.2  157.323108559  67.1455483788  122.072987542  89.03826298
34.3  157.834874239  66.8587425597  122.424705739  89.0523130404
34.4  158.344148053  66.5757039718  122.774379742  89.0683999404
34.5  158.850297414  66.2969440014  123.121522473  89.0865244629
34.6  159.352701377  66.0229773399  123.465656571  89.1066869759
34.7  159.850750869  65.7543213266  123.806314544  89.1288874319
34.8  160.343848898  65.4914952336  124.14303891  89.1531253663
34.9  160.831410897  65.2350193806  124.475382434  89.1793998969
35.0  161.312864848  64.9854143212  124.802908208  89.2077097229
35.1  161.787651574  64.7431998429  125.125189845  89.2380531245
35.2  162.255224815  64.5088940473  125.441811522  89.2704279625
35.3  162.715051568  64.2830121659  125.752368209  89.3048316773
35.4  163.166612115  64.0660655384  126.056465678  89.3412612892
35.5  163.609400216  63.8585604054  126.353720617  89.3797133978
35.6  164.04292327  63.660996665  126.64376074  89.4201841822
35.7  164.466702475  63.4738665765  126.926224881  89.4626694008
35.8  164.880272896  63.2976534847  127.200763027  89.5071643917
35.9  165.283183594  63.132830461  127.467036387  89.5536640726
36.0  165.674997752  62.9798589098  127.724717475  89.6021629413
36.1  166.055292752  62.839187191  127.973490137  89.6526550763
36.2  166.423660326  62.711249169  128.213049653  89.7051341371
36.3  166.779706525  62.5964629005  128.443102682  89.759593365
36.4  167.123051897  62.4952291635  128.663367381  89.816025584
36.5  167.453331575  62.4079300775  128.873573448  89.8744232012
36.6  167.770195216  62.3349278623  129.073462054  89.9347782085
36.7  168.073307209  62.2765634314  129.26278598  89.997082183
36.8  168.362346601  62.2331552602  129.441309536  90.0613262886
36.9  168.63700726  62.2049981252  129.608808667  90.127501277
37.0  168.896997791  62.1923621187  129.765070866  90.1955974893
37.1  169.142041697  62.1954915507  129.909895275  90.2656048575
37.2  169.37187733  62.2146041175  130.043092625  90.3375129058
37.3  169.586257936  62.2498900942  130.164485254  90.4113107525
37.4  169.784951691  62.3015116517  130.273907106  90.4869871118
37.5  169.967741625  62.3696023787  130.371203661  90.5645302956
37.6  170.134425821  62.4542667171  130.456232059  90.6439282153
37.7  170.284817168  62.555579869  130.528860896  90.7251683842
37.8  170.418743502  62.6735875399  130.588970308  90.8082379193
37.9  170.53604767  62.8083058704  130.636452002  90.893123544
38.0  170.636587324  62.9597217124  130.67120908  90.9798115898
38.1  170.720234978  63.1277928324  130.69315606  91.0682879994
38.2  170.786878004  63.3124482858  130.702218858  91.1585383287
38.3  170.836418629  63.5135889203  130.698334762  91.2505477496
38.4  170.868773743  63.7310881333  130.681452272  91.3443010529
38.5  170.88387498  63.9647925324  130.651531139  91.4397826507
38.6  170.881668645  64.2145228128  130.608542294  91.5369765795
38.7  170.862115554  64.4800747951  130.552467708  91.6358665031
38.8  170.825191134  64.761220343  130.483300449  91.7364357157
38.9  170.770885174  65.0577086194  130.401044478  91.8386671447
39.0  170.699201803  65.3692672278  130.305714612  91.9425433546
39.1  170.610159412  65.6956034472  130.19733645  92.0480465494
39.2  170.503790588  66.0364054955  130.075946308  92.1551585767
39.3  170.380141935  66.3913439061  129.941591062  92.2638609307
39.4  170.23927398  66.7600728539  129.794328064  92.3741347559
39.5  170.081261037  67.1422315216  129.634225024  92.4859608506
39.6  169.906191105  67.5374454378  129.461359918  92.5993196707
39.7  169.714165817  67.9453277694  129.275820929  92.7141913333
39.8  169.505300079  68.3654808144  129.077706163  92.8305556206
39.9  169.279722141  68.797497157  128.86712369  92.9483919838
40.0  169.037573279  69.2409610682  128.644191285  93.0676795469
40.1  168.779007652  69.6954497427  128.409036308  93.1883971112
40.2  168.504192354  70.1605343535  128.161795731  93.3105231586
40.3  168.213306863  70.635781479  127.902615706  93.4340358565
40.4  167.906543102  71.1207540525  127.631651597  93.5589130618
40.5  167.584105174  71.6150124791  127.349067775  93.6851323249
40.6  167.246209252  72.1181155962  127.055037513  93.8126708947
40.7  166.893083155  72.6296217801  126.749742658  93.9415057223
40.8  166.52496634  73.1490897169  126.433373617  94.0716134659
40.9  166.142109526  73.6760793582  126.106129055  94.2029704955
41.0  165.744774719  74.2101525578  125.76821591  94.335552897
41.1  165.33323453  74.7508740986  125.419848864  94.4693364774
41.2  164.907772384  75.297812097  125.061250492  94.604296769
41.3  164.468682112  75.8505387448  124.692650943  94.7404090348
41.4  164.016267515  76.4086310043  124.314287606  94.8776482726
41.5  163.550842331  76.9716710045  123.926405072  95.0159892205
41.6  163.072729792  77.5392466378  123.529254792  95.1554063616
41.7  162.582262632  78.1109518328  123.123095081  95.295873929
41.8  162.079782486  78.686387149  122.708190648  95.4373659107
41.9  161.565639602  79.2651601296  122.284812378  95.5798560549
42.0  161.040192802  79.8468854743  121.853237295  95.7233178753
42.1  160.503809115  80.4311853625  121.413748279  95.8677246555
42.2  159.956863268  81.0176898151  120.966633675  96.0130494554
42.3  159.399737453  81.6060368636  120.512187113  96.1592651152
42.4  158.832821239  82.1958726045  120.050707438  96.3063442619
42.5  158.256510865  82.7868515668  119.58249817  96.4542593137
42.6  157.671209212  83.378636674  119.10786748  96.602982486
42.7  157.07732531  83.970899431  118.627127817  96.7524857965
42.8  156.47527405  84.5633199767  118.140595686  96.9027410709
42.9  155.865475774  85.1555871731  117.648591334  97.0537199483
43.0  155.248356171  85.7473985188  117.151438673  97.2053938865
43.1  154.624345333  86.3384604634  116.649464567  97.357734168
43.2  153.993878085  86.928488061  116.142999077  97.5107119055
43.3  153.357393297  87.5172051207  115.63237494  97.6642980472
43.4  152.715333207  88.1043443255  115.117927065  97.8184633828
43.5  152.068143769  88.6896468372  114.599992791  97.9731785492
43.6  151.416273372  89.2728626802  114.078910921  98.1284140361
43.7  150.760173349  89.8537502467  113.55502211  98.2841401916
43.8  150.100296752  90.4320766175  113.02866794  98.4403272282
43.9  149.437098555  91.0076171977  112.500191077  98.5969452288
44.0  148.771035169  91.5801556661  111.969934911  98.753964152
44.1  148.102563733  92.1494840189  111.438243017  98.9113538382
44.2  147.432141564  92.7154025186  110.905458751  99.0690840156
44.3  146.760226685  93.2777191661  110.371925648  99.2271243057
44.4  146.087276099  93.8362501657  109.837986125  99.3854442298
44.5  145.413746596  94.3908192597  109.303982099  99.5440132142
44.6  144.74009315  94.9412581165  108.770253778  99.7028005965
44.7  144.066769645  95.4874057035  108.237140218  99.8617756318
44.8  143.394227584  96.0291085223  107.704978353  100.020907498
44.9  142.722915784  96.5662204134  107.174102777  100.180165302
45.0  142.05328038  97.0986022359  106.644845746  100.339518087
45.0  142.05328041  97.0986022237  106.644845769  100.339518087
45.1  141.385764014  97.6261218811  106.117536584  100.498934836
45.2  140.720805406  98.1486541247  105.592501358  100.658384478
45.3  140.058838841  98.666080509  105.070062507  100.817835899
45.4  139.400294094  99.1782890509  104.550538792  100.977257939
45.5  138.745595632  99.6851742382  104.034244702  101.136619407
45.6  138.095162162  100.186636883  103.521490124  101.295889082
45.7  137.449406376  100.682583902  103.012580163  101.455035718
45.8  136.808734359  101.172928225  102.507814705  101.614028056
45.9  136.173545402  101.657588554  102.007488281  101.772834822
46.0  135.544231141  102.136489373  101.511889443  101.93142474
46.1  134.921175237  102.609560758  101.021300519  102.089766535
46.2  134.304753525  103.076738015  100.535997748  102.247828936
46.3  133.695332611  103.537961898  100.056250229  102.405580689
46.4  133.093270272  103.993178157  99.5823202373  102.562990557
46.5  132.498914567  104.442337574  99.1144625664  102.720027327
46.6  131.912603543  104.885395773  98.6529243215  102.876659821
46.7  131.334665107  105.322312988  98.1979448319  103.032856893
46.8  130.765416163  105.753054088  97.7497550196  103.188587444
46.9  130.20516258  106.177588316  97.3085773838  103.34382042
47.0  129.654199053  106.595889079  96.8746259127  103.498524826
47.1  129.112807764  107.007934143  96.4481050901  103.652669725
47.2  128.581259134  107.413705131  96.0292104723  103.806224247
47.3  128.059811248  107.81318748  95.6181282694  103.959157594
47.4  127.548709014  108.206370485  95.2150347306  104.111439047
47.5  127.048184332  108.593247017  94.8200962804  104.263037971
47.6  126.558456094  108.973813313  94.4334695345  104.41392382
47.7  126.079729042  109.348069134  94.0553004568  104.564066146
47.8  125.612194255  109.716017417  93.6857247354  104.713434599
47.9  125.156029141  110.077664086  93.3248677932  104.86199894
48.0  124.711396161  110.433018282  92.9728438442  105.00972904
48.1  124.278444184  110.782091769  92.6297569171  105.15659489
48.2  123.857306589  111.124899366  92.2956994563  105.302566604
48.3  123.448103023  111.461458256  91.9707536401  105.447614428
48.4  123.05093763  111.791788397  91.6549900786  105.591708741
48.5  122.665900356  112.115911996  91.3484687924  105.734820065
48.6  122.293065694  112.43385377  91.051238294  105.876919069
48.7  121.932493521  112.745640592  90.7633362238  106.017976572
48.8  121.584229137  113.051301385  90.4847893879  106.157963552
48.9  121.248302269  113.35086733  90.2156130308  106.29685115
49.0  120.924728584  113.644371348  89.9558119715  106.434610675
49.1  120.613508445  113.9318484  89.7053796924  106.57121361
49.2  120.314628456  114.213334982  89.4642994954  106.706631618
49.3  120.028059927  114.488869529  89.2325433744  106.840836546
49.4  119.753760029  114.758492039  89.0100728846  106.973800429
49.5  119.491672608  115.022243826  88.7968397564  107.1054955
49.6  119.241726494  115.280167977  88.5927846497  107.23589419
49.7  119.003838017  115.532308635  88.3978390343  107.364969136
49.8  118.77790927  115.778711493  88.2119239068  107.492693185
49.9  118.563829647  116.019423363  88.0349509456  107.6190394
50.0  118.361475426  116.254492318  87.8668222043  107.743981063
50.1  118.170710855  116.483967412  87.7074309336  107.867491684
50.2  117.991387662  116.707898842  87.5566612216  107.989545
50.3  117.823345725  116.92633781  87.4143884985  108.110114986
50.4  117.666413751  117.13933637  87.2804800505  108.229175855
50.5  117.520409151  117.346947522  87.1547949319  108.346702065
50.6  117.385138862  117.549225035  87.0371845824  108.462668325
50.7  117.26039929  117.746223527  86.9274927906  108.577049596
50.8  117.145977269  117.937998265  86.8255564134  108.689821099
50.9  117.041649732  118.124605324  86.7312051325  108.800958317
51.0  116.94718489  118.306101341  86.6442623394  108.910437003
51.1  116.862342681  118.482543468  86.5645454691  109.01823318
51.2  116.78687433  118.653989565  86.4918656796  109.124323149
51.3  116.720523446  118.820497988  86.4260286679  109.228683491
51.4  116.663027055  118.982127397  86.3668354395  109.331291072
51.5  116.614114292  119.138937177  86.3140813433  109.432123049
51.6  116.573508104  119.290987076  86.2675573349  109.531156872
51.7  116.540926164  119.438337045  86.2270506542  109.628370287
51.8  116.516080374  119.581047455  86.1923444625  109.723741345
51.9  116.498677138  119.7191791  86.163218046  109.8172484
52.0  116.488417929  119.852793142  86.1394472338  109.908870117
52.1  116.485000634  119.98195083  86.1208053972  109.998585475
52.2  116.4881197  120.10671355  86.1070635573  110.086373769
52.3  116.497464498  120.227143328  86.0979891767  110.172214617
52.4  116.512722759  120.343302014  86.0933486977  110.25608796
52.5  116.533579196  120.455251714  86.092906527  110.337974068
52.6  116.559715972  120.563054745  86.0964253793  110.417853544
52.7  116.590813671  120.666773456  86.1036669943  110.495707325
52.8  116.626550805  120.766470422  86.1143917711  110.571516689
52.9  116.666604784  120.862208261  86.1283594867  110.645263253
53.0  116.710653065  120.954049405  86.1453301402  110.716928983
53.1  116.758370951  121.042056725  86.1650623268  110.786496192
53.2  116.809434686  121.126292797  86.1873155222  110.853947545
53.3  116.863520283  121.206820254  86.2118492145  110.919266062
53.4  116.920304005  121.283701723  86.2384232573  110.982435121
53.5  116.979463009  121.356999705  86.266798344  111.043438462
53.6  117.040674679  121.426776794  86.2967355112  111.102260188
53.7  117.103618278  121.493095299  86.3279973559  111.158884769
53.8  117.167974035  121.556017518  86.3603473605  111.213297044
53.9  117.233424383  121.615605462  86.3935508008  111.265482223
54.0  117.299653808  121.671920925  86.4273746332  111.315425894
54.1  117.366347358  121.725025902  86.4615863916  111.363114018
54.2  117.433194326  121.774981675  86.4959568995  111.408532939
54.3  117.499885519  121.821849538  86.5302582543  111.451669382
54.4  117.621922855  121.851375383  86.6053565887  111.492510454
54.5  117.444731374  121.954425006  86.4602007863  111.531043652
54.6  117.267806823  122.054055876  86.3153474044  111.56725686
54.7  117.0911488  122.150258165  86.1707955197  111.601138353
54.8  116.914756903  122.243022498  86.026544213  111.632676798
54.9  116.738630731  122.332339952  85.882592569  111.661861257
55.0  116.562769885  122.418202061  85.7389396762  111.68868119
55.1  116.387173965  122.500600819  85.5955846269  111.713126453
55.2  116.21184257  122.579528678  85.4525265173  111.735187303
55.3  116.036775304  122.654978553  85.3097644475  111.754854399
55.4  115.861971767  122.726943824  85.1672975212  111.772118802
55.5  115.687431564  122.795418336  85.0251248461  111.78697198
55.6  115.513154296  122.860396403  84.8832455334  111.799405804
55.7  115.339139568  122.921872806  84.7416586983  111.809412554
55.8  115.165386984  122.9798428  84.6003634595  111.816984918
55.9  114.99189615  123.034302109  84.4593589397  111.822115995
56.0  114.818666672  123.085246933  84.3186442649  111.824799292
56.1  114.645698154  123.132673946  84.1782185652  111.825028731
56.2  114.472990205  123.1765803  84.0380809739  111.822798645
56.3  114.300542432  123.216963621  83.8982306284  111.818103779
56.4  114.128354443  123.253822017  83.7586666694  111.810939296
56.5  113.956425846  123.287154072  83.6193882412  111.801300772
56.6  113.784756251  123.316958854  83.480394492  111.789184197
56.7  113.613345267  123.343235908  83.3416845731  111.774585979
56.8  113.442192505  123.365985263  83.2032576398  111.757502943
56.9  113.271297577  123.385207429  83.0651128507  111.737932331
57.0  113.100660093  123.400903401  82.9272493679  111.715871799
57.1  112.930279665  123.413074655  82.789666357  111.691319425
57.2  112.760155908  123.421723152  82.6523629872  111.664273701
57.3  112.590288433  123.426851335  82.5153384312  111.634733538
57.4  112.420676855  123.428462132  82.378591865  111.602698266
57.5  112.251320788  123.426558955  82.242122468  111.56816763
57.6  112.082219847  123.421145701  82.1059294232  111.531141793
57.7  111.913373649  123.412226749  81.9700119169  111.491621336
57.8  111.744781808  123.399806962  81.8343691387  111.449607255
57.9  111.576443943  123.383891689  81.6990002819  111.405100965
58.0  111.40835967  123.364486758  81.5639045427  111.358104293
58.1  111.240528608  123.341598483  81.4290811209  111.308619485
58.2  111.072950375  123.315233657  81.2945292196  111.256649198
58.3  110.90562459  123.285399558  81.1602480453  111.202196505
58.4  110.738550872  123.25210394  81.0262368075  111.145264892
58.5  110.571728843  123.215355042  80.8924947192  111.085858255
58.6  110.405158123  123.175161577  80.7590209966  111.023980904
58.7  110.238838333  123.131532739  80.6258148592  110.959637556
58.8  110.072769096  123.084478198  80.4928755297  110.892833339
58.9  109.906950033  123.0340081  80.3602022339  110.823573788
59.0  109.741380769  122.980133063  80.2277942009  110.751864845
59.1  109.576060926  122.922864181  80.095650663  110.677712855
59.2  109.410990129  122.862213019  79.9637708556  110.601124569
59.3  109.246168003  122.798191609  79.8321540173  110.522107138
59.4  109.081594173  122.730812456  79.7007993898  110.440668116
59.5  108.917268266  122.660088527  79.5697062179  110.356815453
59.6  108.753189907  122.586033258  79.4388737497  110.270557498
59.7  108.589358723  122.508660546  79.3083012361  110.181902995
59.8  108.425774344  122.427984747  79.1779879312  110.09086108
59.9  108.262436395  122.344020679  79.0479330923  109.997441282
60.0  108.099344508  122.256783616  78.9181359794  109.901653518
60.0  108.099344508  122.256783616  78.9181359794  109.901653518
60.1  107.936498309  122.166289287  78.788595856  109.803508093
60.2  107.773897431  122.07255387  78.6593119882  109.703015698
60.3  107.611541502  121.975593997  78.5302836453  109.600187404
60.4  107.449430154  121.875426745  78.4015100996  109.495034665
60.5  107.287563019  121.772069636  78.2729906264  109.387569311
60.6  107.125939729  121.665540634  78.1447245038  109.27780355
60.7  106.964559916  121.555858144  78.0167110129  109.165749961
60.8  106.803423213  121.443041004  77.8889494378  109.051421493
60.9  106.642529255  121.327108489  77.7614390656  108.934831464
61.0  106.481877675  121.208080302  77.6341791861  108.815993556
61.1  106.321468109  121.085976576  77.5071690921  108.694921814
61.2  106.161300192  120.960817867  77.3804080793  108.571630641
61.3  106.00137356  120.832625151  77.2538954461  108.446134797
61.4  105.841687849  120.701419825  77.1276304941  108.318449394
61.5  105.682242696  120.567223696  77.0016125273  108.188589895
61.6  105.52303774  120.430058985  76.8758408528  108.05657211
61.7  105.364072617  120.28994832  76.7503147804  107.922412193
61.8  105.205346968  120.146914733  76.6250336228  107.786126635
61.9  105.046860431  120.000981653  76.4999966954  107.647732268
62.0  104.888612646  119.852172911  76.3752033164  107.507246255
62.1  104.730603253  119.700512724  76.2506528066  107.36468609
62.2  104.572831893  119.546025702  76.1263444899  107.220069594
62.3  104.415298208  119.388736838  76.0022776925  107.073414908
62.4  104.258001839  119.228671504  75.8784517436  106.924740495
62.5  104.10094243  119.06585545  75.7548659751  106.774065132
62.6  103.944119622  118.900314797  75.6315197214  106.621407908
62.7  103.78753306  118.732076034  75.5084123197  106.466788219
62.8  103.631182388  118.561166013  75.3855431099  106.310225764
62.9  103.47506725  118.387611945  75.2629114345  106.151740545
63.0  103.319187292  118.211441396  75.1405166385  105.991352855
63.1  103.163542159  118.03268228  75.0183580699  105.829083282
63.2  103.008131497  117.851362858  74.8964350789  105.6649527
63.3  102.852954954  117.667511729  74.7747470186  105.498982267
63.4  102.698012177  117.48115783  74.6532932445  105.331193418
63.5  102.543302813  117.292330428  74.5320731147  105.161607865
63.6  102.38882651  117.101059114  74.41108599  104.990247587
63.7  102.234582919  116.907373803  74.2903312335  104.817134833
63.8  102.080571688  116.711304722  74.1698082112  104.64229211
63.9  101.926792467  116.512882413  74.0495162913  104.465742182
64.0  101.773244906  116.31213772  73.9294548446  104.287508066
64.1  101.619928657  116.109101788  73.8096232445  104.107613027
64.2  101.466843371  115.903806058  73.6900208669  103.92608057
64.3  101.313988701  115.69628226  73.5706470899  103.742934442
64.4  101.161364298  115.486562409  73.4515012945  103.558198621
64.5  101.008969816  115.274678798  73.3325828638  103.371897313
64.6  100.856804909  115.060663992  73.2138911834  103.184054948
64.7  100.704869231  114.844550827  73.0954256416  102.994696176
64.8  100.553162436  114.626372397  72.9771856287  102.803845858
64.9  100.40168418  114.406162057  72.8591705378  102.611529067
65.0  100.250434118  114.183953409  72.7413797642  102.417771078
65.1  100.099411906  113.959780301  72.6238127055  102.222597363
65.2  99.9486172022  113.73367682  72.5064687618  102.02603359
65.3  99.7980496627  113.505677287  72.3893473357  101.828105614
65.4  99.6477089455  113.275816249  72.2724478319  101.628839474
65.5  99.4975947091  113.044128476  72.1557696574  101.428261385
65.6  99.3477066122  112.81064895  72.0393122219  101.226397737
65.7  99.1980443141  112.575412865  71.923074937  101.023275086
65.8  99.0486074747  112.338455618  71.8070572169  100.818920149
65.9  98.8993957544  112.099812802  71.6912584779  100.6133598
66.0  98.750408814  111.8595202  71.5756781388  100.406621067
66.1  98.6016463148  111.61761378  71.4603156203  100.19873112
66.2  98.4531079189  111.37412969  71.3451703459  99.9897172704
66.3  98.3047932885  111.129104247  71.2302417408  99.7796069654
66.4  98.1567020866  110.882573934  71.1155292328  99.5684277804
66.5  98.0088339767  110.634575395  71.0010322518  99.356207415
66.6  97.8611886225  110.385145425  70.88675023  99.1429736865
66.7  97.7137656887  110.134320966  70.7726826017  98.9287545252
66.8  97.56656484  109.882139098  70.6588288035  98.713577968
66.9  97.419585742  109.628637035  70.545188274  98.4974721532
67.0  97.2728280605  109.373852118  70.4317604543  98.2804653149
67.1  97.1262914621  109.117821809  70.3185447874  98.0625857767
67.2  96.9799756136  108.86058368  70.2055407185  97.8438619468
67.3  96.8338801826  108.602175411  70.092747695  97.6243223118
67.4  96.688004837  108.342634784  69.9801651665  97.4039954312
67.5  96.5423492452  108.081999672  69.8677925845  97.1829099312
67.6  96.3969130762  107.820308033  69.7556294029  96.9610944997
67.7  96.2516959994  107.557597908  69.6436750775  96.7385778798
67.8  96.1066976848  107.293907409  69.5319290663  96.5153888644
67.9  95.9619178029  107.029274713  69.4203908293  96.2915562903
68.0  95.8173560245  106.763738059  69.3090598287  96.0671090324
68.1  95.6730120211  106.497335735  69.1979355286  95.8420759979
68.2  95.5288854647  106.230106075  69.0870173953  95.6164861204
68.3  95.3849760276  105.962087454  68.9763048971  95.390368354
68.4  95.2412833829  105.693318275  68.8657975042  95.1637516678
68.5  95.0978072038  105.423836967  68.7554946891  94.9366650399
68.6  94.9545471644  105.153681977  68.6453959262  94.7091374511
68.7  94.8115029389  104.882891762  68.5355006917  94.4811978798
68.8  94.6686742024  104.611504783  68.4258084641  94.2528752956
68.9  94.5260606301  104.339559496  68.3163187238  94.0241986537
69.0  94.383661898  104.067094348  68.207030953  93.7951968893
69.1  94.2414776823  103.794147767  68.0979446361  93.5658989111
69.2  94.09950766  103.520758158  67.9890592594  93.3363335956
69.3  93.9577515084  103.246963893  67.8803743111  93.1065297824
69.4  93.8162089052  102.972803305  67.7718892813  92.8765162667
69.5  93.6748795288  102.698314682  67.6636036621  92.6463217944
69.6  93.533763058  102.423536259  67.5555169476  92.4159750565
69.7  93.392859172  102.148506209  67.4476286337  92.1855046827
69.8  93.2521675506  101.87326264  67.3399382182  91.9549392356
69.9  93.111687874  101.597843585  67.2324452008  91.7243072059
70.0  92.9714198229  101.322286995  67.1251490832  91.4936370056
70.1  92.8313630785  101.046630733  67.0180493688  91.2629569624
70.2  92.6915173226  100.770912565  66.911145563  91.0322953145
70.3  92.5518822372  100.495170155  66.8044371731  90.8016802045
70.4  92.4124575051  100.219441058  66.6979237081  90.5711396738
70.5  92.2732428092  99.9437627099  66.5916046789  90.3407016567
70.6  92.1342378332  99.6681724238  66.4854795983  90.1103939756
70.7  91.9954422612  99.3927073807  66.3795479809  89.8802443341
70.8  91.8568557777  99.1174046235  66.2738093429  89.6502803123
70.9  91.7184780678  98.8423010494  66.1682632027  89.4205293611
71.0  91.5803088169  98.5674334028  66.0629090802  89.1910187966
71.1  91.4423477109  98.2928382686  65.9577464972  88.9617757941
71.2  91.3045944364  98.0185520641  65.8527749773  88.7328273834
71.3  91.1670486803  97.7446110337  65.7479940458  88.5042004431
71.4  91.0297101299  97.4710512401  65.6434032297  88.2759216947
71.5  90.892578473  97.197908558  65.5390020581  88.0480176976
71.6  90.7556533981  96.9252186673  65.4347900614  87.8205148441
71.7  90.6189345938  96.6530170452  65.3307667721  87.593439353
71.8  90.4824217496  96.3813389606  65.2269317241  87.3668172657
71.9  90.346114555  96.1102194656  65.1232844534  87.1406744397
72.0  90.2100127004  95.8396933894  65.0198244973  86.9150365439
72.1  90.0741158763  95.5697953314  64.9165513953  86.6899290539
72.2  89.9384237739  95.3005596536  64.8134646881  86.4653772459
72.3  89.8029360847  95.0320204747  64.7105639184  86.2414061923
72.4  89.667652501  94.7642116621  64.6078486304  86.0180407568
72.5  89.5325727151  94.4971668259  64.5053183702  85.7953055886
72.6  89.3976964201  94.2309193117  64.4029726855  85.573225118
72.7  89.2630233094  93.9655021938  64.3008111254  85.3518235516
72.8  89.128553077  93.7009482686  64.1988332409  85.1311248671
72.9  88.9942854171  93.4372900476  64.0970385847  84.9111528088
73.0  88.8602200247  93.1745597512  63.995426711  84.6919308825
73.1  88.7263565951  92.9127893011  63.8939971756  84.4734823511
73.2  88.5926948239  92.6520103145  63.792749536  84.25583023
73.3  88.4592344074  92.3922540977  63.6916833513  84.0389972817
73.4  88.3259750423  92.1335516383  63.5907981822  83.8230060128
73.5  88.1929164257  91.8759335998  63.490093591  83.6078786677
73.6  88.0600582552  91.619430315  63.3895691416  83.3936372258
73.7  87.9274002288  91.3640717792  63.2892243994  83.1803033961
73.8  87.794942045  91.1098876437  63.1890589315  82.9678986132
73.9  87.6626834027  90.8569072102  63.0890723065  82.7564440333
74.0  87.5306240015  90.6051594236  62.9892640946  82.5459605294
74.1  87.398763541  90.3546728664  62.8896338674  82.336468688
74.2  87.2671017216  90.1054757527  62.7901811983  82.1279888041
74.3  87.1356382442  89.8575959211  62.690905662  81.9205408785
74.4  87.0043728098  89.6110608297  62.591806835  81.7141446121
74.5  86.8733051201  89.3658975494  62.492884295  81.5088194039
74.6  86.7424348773  89.1221327583  62.3941376215  81.3045843462
74.7  86.6117617839  88.8797927359  62.2955663953  81.1014582208
74.8  86.481285543  88.6389033569  62.1971701989  80.8994594958
74.9  86.3510058578  88.3994900859  62.098948616  80.698606322
75.0  86.2209224325  88.1615779711  62.0009012321  80.498916529
75.0  86.2209224325  88.161577971  62.0009012321  80.498916529
75.1  86.0910349712  87.9251916396  61.9030276341  80.3004076223
75.2  85.9613431789  87.6903552914  61.8053274103  80.1030967795
75.3  85.8318467606  87.4570926937  61.7078001505  79.9070008476
75.4  85.7025454222  87.225427176  61.6104454459  79.7121363392
75.5  85.5734388697  86.9953816245  61.5132628892  79.5185194296
75.6  85.4445268097  86.7669784775  61.4162520747  79.3261659541
75.7  85.3158089492  86.5402397194  61.319412598  79.1350914047
75.8  85.1872849957  86.3151868764  61.2227440559  78.9453109273
75.9  85.058954657  86.0918410113  61.1262460471  78.7568393188
76.0  84.9308176414  85.8702227191  61.0299181715  78.5696910249
76.1  84.8028736578  85.6503521211  60.9337600302  78.3838801369
76.2  84.6751224154  85.4322488621  60.8377712261  78.1994203896
76.3  84.5475636237  85.2159321045  60.7419513631  78.0163251584
76.4  84.4201969929  85.0014205243  60.6463000469  77.8346074576
76.5  84.2930222335  84.7887323072  60.5508168844  77.6542799374
76.6  84.1660390564  84.5778851435  60.4555014837  77.4753548828
76.7  84.0392471731  84.3688962251  60.3603534545  77.2978442099
76.8  83.9126462953  84.1617822414  60.2653724079  77.1217594655
76.9  83.7862361354  83.9565593746  60.1705579561  76.9471118243
77.0  83.660016406  83.7532432966  60.075909713  76.7739120875
77.1  83.5339868202  83.5518491661  59.9814272937  76.6021706808
77.2  83.4081470916  83.3523916242  59.8871103145  76.4318976528
77.3  83.2824969342  83.1548847914  59.7929583931  76.2631026741
77.4  83.1570360625  82.9593422647  59.6989711488  76.0957950349
77.5  83.0317641911  82.7657771141  59.6051482019  75.9299836442
77.6  82.9066810356  82.5742018801  59.5114891741  75.7656770286
77.7  82.7817863114  82.3846285716  59.4179936885  75.6028833315
77.8  82.6570797349  82.1970686615  59.3246613694  75.4416103112
77.9  82.5325610225  82.0115330861  59.2314918425  75.2818653404
78.0  82.4082298913  81.8280322421  59.1384847347  75.123655406
78.1  82.2840860586  81.6465759848  59.0456396742  74.9669871071
78.2  82.1601292424  81.4671736249  58.9529562907  74.8118666554
78.3  82.0363591608  81.2898339289  58.8604342148  74.6582998746
78.4  81.9127755326  81.1145651153  58.7680730786  74.5062921993
78.5  81.7893780768  80.9413748549  58.6758725154  74.3558486753
78.6  81.6661665131  80.7702702681  58.5838321599  74.2069739597
78.7  81.5431405614  80.6012579249  58.4919516478  74.0596723192
78.8  81.4202999421  80.4343438429  58.4002306163  73.9139476324
78.9  81.297644376  80.2695334876  58.3086687036  73.7698033879
79.0  81.1751735842  80.1068317711  58.2172655493  73.6272426859
79.1  81.0528872886  79.9462430518  58.1260207943  73.4862682375
79.2  80.930785211  79.7877711351  58.0349340804  73.3468823661
79.3  80.8088670741  79.6314192708  57.9440050511  73.2090870071
79.4  80.6871326006  79.477190157  57.8532333506  73.0728837089
79.5  80.565581514  79.3250859375  57.7626186246  72.9382736338
79.6  80.444213538  79.1751082029  57.6721605201  72.8052575585
79.7  80.3230283967  79.0272579922  57.581858685  72.6738358757
79.8  80.2020258147  78.8815357937  57.4917127686  72.5440085943
79.9  80.0812055169  78.7379415446  57.4017224212  72.4157753412
80.0  79.9605672288  78.5964746337  57.3118872946  72.2891353628
80.1  79.8401106762  78.4571339033  57.2222070415  72.1640875258
80.2  79.7198355853  78.319917649  57.1326813158  72.0406303189
80.3  79.5997416828  78.1848236238  57.0433097727  71.918761855
80.4  79.4798286956  78.0518490386  56.9540920684  71.7984798723
80.5  79.3600963513  77.9209905651  56.8650278603  71.6797817362
80.6  79.2405443778  77.7922443382  56.776116807  71.5626644417
80.7  79.1211725032  77.6656059594  56.6873585682  71.4471246155
80.8  79.0019804563  77.5410704983  56.5987528048  71.3331585173
80.9  78.8829679662  77.4186324971  56.5102991787  71.2207620437
81.0  78.7641347625  77.298285973  56.4219973531  71.1099307285
81.1  78.6454805749  77.1800244231  56.3338469922  71.0006597475
81.2  78.5270051339  77.0638408249  56.2458477612  70.8929439196
81.3  78.4087081701  76.949727645  56.1579993268  70.7867777102
81.4  78.2905894147  76.8376768388  56.0703013564  70.6821552337
81.5  78.1726485993  76.7276798577  55.9827535187  70.5790702572
81.6  78.0548854557  76.6197276518  55.8953554835  70.4775162027
81.7  77.9372997164  76.5138106765  55.8081069216  70.3774861508
81.8  77.819891114  76.4099188958  55.721007505  70.2789728439
81.9  77.7026593818  76.3080417876  55.6340569066  70.18196869
82.0  77.5856042532  76.2081683503  55.5472548006  70.0864657656
82.1  77.4687254623  76.1102871067  55.4606008622  69.9924558198
82.2  77.3520227434  76.0143861112  55.3740947675  69.8999302781
82.3  77.2354958312  75.9204529543  55.287736194  69.8088802458
82.4  77.1191444609  75.8284747696  55.2015248198  69.7192965132
82.5  77.0029683681  75.7384382403  55.1154603245  69.6311695575
82.6  76.8869672887  75.6503296047  55.0295423885  69.544489549
82.7  76.771140959  75.5641346633  54.9437706933  69.4592463553
82.8  76.6554891159  75.4798387867  54.8581449214  69.3754295441
82.9  76.5400114964  75.3974269201  54.7726647564  69.2930283893
83.0  76.4247078381  75.3168835932  54.6873298829  69.2120318757
83.1  76.3095778789  75.2381929258  54.6021399865  69.1324287029
83.2  76.1946213572  75.1613386361  54.5170947538  69.0542072896
83.3  76.0798380117  75.0863040488  54.4321938726  68.9773557802
83.4  75.9652275815  75.013072102  54.3474370314  68.9018620488
83.5  75.8507898061  74.9416253551  54.26282392  68.8277137051
83.6  75.7365244255  74.8719459985  54.178354229  68.7548980986
83.7  75.6224311798  74.8040158606  54.0940276501  68.6834023249
83.8  75.5085098099  74.7378164165  54.0098438759  68.6132132308
83.9  75.3947600568  74.6733287978  53.9258026002  68.5443174198
84.0  75.2811816619  74.6105337999  53.8419035175  68.476701258
84.1  75.1677743671  74.5494118919  53.7581463234  68.4103508799
84.2  75.0545379147  74.489943225  53.6745307146  68.3452521937
84.3  74.9414720472  74.4321076426  53.5910563886  68.2813908884
84.4  74.8285765078  74.3758846889  53.5077230439  68.2187524385
84.5  74.7158510398  74.3212536188  53.42453038  68.157322111
84.6  74.6032953871  74.2681934086  53.3414780974  68.0970849721
84.7  74.4909092937  74.2166827627  53.2585658974  68.0380258917
84.8  74.3786925043  74.1667001274  53.1757934823  67.9801295524
84.9  74.2666447638  74.1182236971  53.0931605556  67.9233804535
85.0  74.1547658176  74.0712314284  53.0106668214  67.86776292
85.1  74.0430554113  74.025701046  52.9283119848  67.8132611067
85.2  73.9315132912  73.9816100576  52.846095752  67.7598590077
85.3  73.8201392035  73.9389357592  52.76401783  67.7075404611
85.4  73.7089328954  73.8976552515  52.6820779267  67.6562891574
85.5  73.5978941139  73.8577454446  52.6002757511  67.6060886456
85.6  73.4870226067  73.8191830736  52.5186110128  67.5569223405
85.7  73.3763181219  73.781944707  52.4370834226  67.5087735304
85.8  73.2657804077  73.7460067568  52.3556926922  67.461625384
85.9  73.155409213  73.7113454921  52.2744385339  67.4154609574
86.0  73.045204287  73.6779370477  52.1933206612  67.3702632028
86.1  72.9351653791  73.6457574374  52.1123387884  67.3260149739
86.2  72.8252922393  73.6147825626  52.0314926307  67.2826990354
86.3  72.7155846178  73.584988226  51.9507819042  67.2402980695
86.4  72.6060422652  73.5563501415  51.8702063258  67.198794685
86.5  72.4966649327  73.5288439461  51.7897656134  67.1581714222
86.6  72.3874523717  73.5024452112  51.7094594857  67.1184107641
86.7  72.2784043338  73.4771294538  51.6292876623  67.0794951417
86.8  72.1695205713  73.4528721485  51.5492498636  67.0414069446
86.9  72.0608008366  73.4296487392  51.469345811  67.0041285248
87.0  71.9522448828  73.4074346491  51.3895752266  66.9676422098
87.1  71.843852463  73.3862052955  51.3099378336  66.9319303066
87.2  71.7356233309  73.365936098  51.2304333557  66.896975112
87.3  71.6275572405  73.3466024918  51.1510615177  66.8627589207
87.4  71.5196539462  73.3281799403  51.0718220453  66.8292640325
87.5  71.4119132028  73.3106439454  50.9927146648  66.7964727607
87.6  71.3043347654  73.293970059  50.9137391035  66.7643674425
87.7  71.1969183894  73.2781338966  50.8348950895  66.7329304443
87.8  71.0896638308  73.2631111481  50.7561823518  66.7021441717
87.9  70.9825708458  73.2488775872  50.67760062  66.6719910787
88.0  70.8756391909  73.2354090884  50.5991496249  66.6424536742
88.1  70.7688686231  73.2226816328  50.5208290977  66.6135145319
88.2  70.6622588999  73.2106713248  50.4426387707  66.5851562987
88.3  70.5558097787  73.1993544014  50.364578377  66.5573617025
88.4  70.4495210178  73.188707244  50.2866476504  66.5301135612
88.5  70.3433923756  73.1787063905  50.2088463254  66.5033947905
88.6  70.2374236108  73.1693285465  50.1311741377  66.4771884151
88.7  70.1316144825  73.1605505986  50.0536308233  66.4514775737
88.8  70.0259647504  73.1523496232  49.9762161195  66.4262455294
88.9  69.9204741742  73.1447029014  49.8989297639  66.4014756779
89.0  69.8151425143  73.1375879276  49.8217714952  66.3771515578
89.1  69.7099695312  73.1309824211  49.7447410529  66.3532568563
89.2  69.6049549859  73.1248643422  49.6678381771  66.329775419
89.3  69.5000986397  73.1192118971  49.5910626087  66.3066912587
89.4  69.3954002542  73.1140035522  49.5144140896  66.2839885643
89.5  69.2908595916  73.109218047  49.4378923622  66.2616517093
89.6  69.1864764142  73.1048344033  49.3614971699  66.2396652575
89.7  69.0822504848  73.1008319357  49.2852282566  66.2180139768
89.8  68.9781815665  73.0971902646  49.2090853672  66.1966828418
89.9  68.8742694228  73.0938893269  49.1330682472  66.1756570475
90.0  68.7705138174  73.0909093846  49.057176643  66.1549220131
90.0  68.7705138174  73.0909093846  49.057176643  66.154922013
90.1  68.6669145146  73.0882310388  48.9814103016  66.134463394
90.2  68.563471279  73.0858352388  48.9057689708  66.1142670884
90.3  68.4601838753  73.0837032935  48.8302523993  66.0943192441
90.4  68.3570520689  73.0818168795  48.7548603364  66.0746062695
90.5  68.2540756253  73.0801580558  48.679592532  66.0551148411
90.6  68.1512543106  73.0787092706  48.6044487369  66.0358319088
90.7  68.048587891  73.0774533723  48.5294287028  66.0167447084
90.8  67.9460761331  73.0763736223  48.4545321817  65.9978407654
90.9  67.843718804  73.075453699  48.3797589268  65.9791079055
91.0  67.7415156711  73.074677715  48.3051086916  65.9605342607
91.1  67.639466502  73.07403022  48.2305812307  65.9421082787
91.2  67.5375710648  73.0734962162  48.1561762991  65.9238187283
91.3  67.435829128  73.0730611639  48.0818936526  65.9056547092
91.4  67.3342404602  73.0727109919  48.0077330479  65.8876056582
91.5  67.2328048306  73.0724321064  47.9336942422  65.8696613562
91.6  67.1315220087  73.0722114011  47.8597769935  65.8518119361
91.7  67.0303917642  73.0720362644  47.7859810605  65.8340478895
91.8  66.9294138674  73.0718945888  47.7123062024  65.8163600737
91.9  66.8285880886  73.0717747788  47.6387521795  65.7987397194
92.0  66.7279141988  73.0716657608  47.5653187524  65.7811784353
92.1  66.6273919691  73.0715569899  47.4920056826  65.7636682172
92.2  66.527021171  73.0714384558  47.4188127322  65.7462014523
92.3  66.4268015765  73.0713006955  47.3457396641  65.728770927
92.4  66.3267329577  73.0711347957  47.2727862417  65.7113698324
92.5  66.2268150873  73.0709324024  47.1999522293  65.6939917703
92.6  66.1270477381  73.0706857287  47.1272373917  65.6766307585
92.7  66.0274306833  73.0703875586  47.0546414945  65.6592812391
92.8  65.9279636966  73.0700312576  46.9821643038  65.6419380786
92.9  65.8286465519  73.0696107758  46.9098055864  65.62459658
93.0  65.7294790235  73.0691206537  46.83756511  65.6072524815
93.1  65.6304608859  73.0685560324  46.7654426428  65.589901966
93.2  65.5315919141  73.0679126525  46.6934379535  65.572541665
93.3  65.4328718834  73.0671868657  46.6215508117  65.5551686601
93.4  65.3343005695  73.0663756352  46.5497809876  65.5377804911
93.5  65.2358777483  73.0654765429  46.478128252  65.5203751573
93.6  65.1376031961  73.0644877932  46.4065923763  65.5029511251
93.7  65.0394766895  73.0634082159  46.3351731326  65.4855073266
93.8  64.9414980056  73.0622372723  46.2638702937  65.4680431668
93.9  64.8436669216  73.0609750559  46.1926836331  65.4505585254
94.0  64.7459832151  73.0596222974  46.1216129246  65.4330537608
94.1  64.6484466643  73.0581803672  46.050657943  65.4155297095
94.2  64.5510570473  73.0566512779  45.9798184635  65.3979876941
94.3  64.4538141428  73.0550376867  45.9090942621  65.380429519
94.4  64.3567177299  73.0533428944  45.8384851154  65.3628574791
94.5  64.2597675878  73.0515708507  45.7679908005  65.3452743536
94.6  64.1629634962  73.0497261515  45.6976110952  65.3276834152
94.7  64.0663052351  73.0478140442  45.6273457779  65.3100884252
94.8  63.9697925848  73.0458404224  45.5571946276  65.2924936365
94.9  63.8734253258  73.0438118292  45.4871574241  65.2749037949
95.0  63.7772032393  73.0417354548  45.4172339474  65.2573241381
95.1  63.6811261065  73.0396191374  45.3474239787  65.2397603936
95.2  63.5851937091  73.0374713579  45.2777272991  65.2222187813
95.3  63.4894058289  73.0353012436  45.208143691  65.2047060111
95.4  63.3937622484  73.0331185612  45.1386729369  65.1872292795
95.5  63.29826275  73.0309337138  45.0693148201  65.1697962747
95.6  63.2029071169  73.0287577411  45.0000691245  65.1524151648
95.7  63.1076951322  73.0266023105  44.9309356345  65.1350946032
95.8  63.0126265795  73.0244797193  44.8619141353  65.1178437228
95.9  62.9177012428  73.0224028823  44.7930044124  65.100672132
96.0  62.8229189063  73.0203853306  44.7242062521  65.0835899131
96.1  62.7282793546  73.0184412074  44.6555194412  65.0666076166
96.2  62.6337823726  73.0165852574  44.5869437671  65.0497362599
96.3  62.5394277455  73.0148328205  44.5184790178  65.032987316
96.4  62.4452152589  73.0131998273  44.4501249818  65.0163727145
96.5  62.3511446987  73.0117027849  44.3818814483  64.9999048344
96.6  62.257215851  73.0103587759  44.313748207  64.9835964959
96.7  62.1634285024  73.0091854418  44.2457250482  64.9674609556
96.8  62.0697824396  73.008200977  44.1778117626  64.9515118976
96.9  61.97627745  73.0074241176  44.1100081417  64.9357634277
97.0  61.8829133208  73.0068741279  44.0423139776  64.9202300659
97.1  61.78968984  73.0065707909  43.9747290626  64.9049267337
97.2  61.6966067957  73.0065343927  43.9072531899  64.8898687508
97.3  61.6036639763  73.0067857159  43.8398861532  64.8750718201
97.4  61.5108611705  73.0073460152  43.7726277466  64.8605520204
97.5  61.4181981675  73.008237012  43.705477765  64.8463257955
97.6  61.3256747565  73.0094808738  43.6384360035  64.8324099426
97.7  61.2332907275  73.0111001987  43.5715022581  64.8188215998
97.8  61.1410458703  73.0131180006  43.5046763252  64.8055782353
97.9  61.0489399753  73.0155576888  43.4379580017  64.792697632
98.0  60.9569728332  73.0184430516  43.3713470851  64.7801978779
98.1  60.8651442349  73.0217982364  43.3048433733  64.7680973459
98.2  60.7734539718  73.0256477289  43.2384466651  64.7564146854
98.3  60.6819018355  73.0300163319  43.1721567594  64.745168801
98.4  60.5904876178  73.0349291468  43.1059734559  64.7343788443
98.5  60.499211111  73.0404115475  43.0398965547  64.7240641858
98.6  60.4080721076  73.0464891594  42.9739258565  64.7142444106
98.7  60.3170704005  73.0531878315  42.9080611626  64.704939288
98.8  60.226205783  73.0605336187  42.8423022747  64.6961687627
98.9  60.1354780483  73.0685527468  42.7766489949  64.6879529291
99.0  60.0448869904  73.0772715923  42.7111011262  64.6803120162
99.1  59.9544324034  73.0867166514  42.6456584718  64.6732663586
99.2  59.8641140816  73.0969145136  42.5803208355  64.6668363854
99.3  59.7739318198  73.1078918274  42.5150880216  64.6610425921
99.4  59.6838854131  73.1196752771  42.449959835  64.6559055168
99.5  59.5939746567  73.1322915446  42.384936081  64.6514457167
99.6  59.5041993463  73.1457672779  42.3200165655  64.6476837487
99.7  59.4145592778  73.1601290627  42.2552010948  64.6446401361
99.8  59.3250542476  73.1754033794  42.1904894758  64.64233535
99.9  59.2356840522  73.1916165759  42.1258815159  64.6407897755
100.0  59.1464484885  73.2087948261  42.0613770229  64.640023688
100.1  59.0573473537  73.2269640928  41.9969758051  64.6400572273
100.2  58.9683804452  73.246150088  41.9326776716  64.6409103579
100.3  58.8795475608  73.266378239  41.8684824315  64.6426028511
100.4  58.7908484987  73.2876736367  41.8043898948  64.6451542451
100.5  58.7022830573  73.3100610051  41.7403998717  64.6485838165
100.6  58.6138510352  73.3335646508  41.6765121732  64.6529105453
100.7  58.5255522315  73.3582084192  41.6127266105  64.6581530849
100.8  58.4373864455  73.3840156535  41.5490429954  64.6643297224
100.9  58.3493534768  73.4110091454  41.4854611402  64.6714583444
101.0  58.2614531253  73.4392110846  41.4219808576  64.6795564024
101.1  58.1736851912  73.4686430135  41.3586019609  64.6886408722
101.2  58.0860494751  73.4993257772  41.2953242639  64.6987282171
101.3  57.9985457777  73.5312794689  41.2321475806  64.7098343456
101.4  57.9111739003  73.5645233796  41.1690717258  64.721974575
101.5  57.8239336442  73.5990759478  41.1060965145  64.7351635866
101.6  57.7368248111  73.6349546955  41.0432217625  64.7494153808
101.7  57.649847203  73.6721761771  40.9804472857  64.7647432389
101.8  57.5630006224  73.7107559284  40.9177729007  64.7811596731
101.9  57.4762848717  73.7507083893  40.8551984245  64.7986763829
102.0  57.3896997539  73.7920468635  40.7927236746  64.8173042078
102.1  57.3032450722  73.8347834444  40.7303484689  64.8370530776
102.2  57.2169206302  73.8789289585  40.6680726258  64.8579319652
102.3  57.1307262315  73.9244928962  40.6058959641  64.8799488341
102.4  57.0446616803  73.9714833472  40.5438183031  64.9031105883
102.5  56.9587267811  74.0199069373  40.4818394626  64.927423018
102.6  56.8729213384  74.0697687559  40.4199592628  64.9528907436
102.7  56.7872451572  74.1210722849  40.3581775243  64.9795171688
102.8  56.701698043  74.1738193335  40.2964940682  65.0073044116
102.9  56.6162798011  74.2280099538  40.2349087161  65.0362532589
103.0  56.5309902375  74.2836423827  40.17342129  65.0663630956
103.1  56.4458291583  74.3407129503  40.1120316124  65.0976318552
103.2  56.3607963699  74.3992160109  40.050739506  65.1300559497
103.3  56.2758916792  74.459143864  39.9895447942  65.1636302127
103.4  56.191114893  74.5204866669  39.9284473008  65.198347831
103.5  56.1064658189  74.5832323629  39.86744685  65.2342002799
103.6  56.0219442642  74.6473665906  39.8065432664  65.2711772609
103.7  55.9375500371  74.7128725966  39.745736375  65.3092666248
103.8  55.8532829455  74.7797311565  39.6850260014  65.3484543063
103.9  55.7691427981  74.8479204806  39.6244119715  65.3887242575
104.0  55.6851294036  74.9174161237  39.5638941117  65.4300583664
104.1  55.6012425709  74.9881908909  39.5034722486  65.4724363891
104.2  55.5174821096  75.0602147531  39.4431462097  65.5158358708
104.3  55.4338478292  75.1334547372  39.3829158223  65.5602320737
104.4  55.3503395395  75.207874844  39.3227809148  65.605597888
104.5  55.2669570509  75.2834359376  39.2627413154  65.6519037708
104.6  55.1837001738  75.3600956464  39.2027968531  65.6991176384
104.7  55.100568719  75.4378082678  39.1429473572  65.7472048089
104.8  55.0175624975  75.5165246493  39.0831926574  65.7961278993
104.9  54.9346813207  75.5961920959  39.023532584  65.8458467472
105.0  54.8519250002  75.6767542529  38.9639669673  65.8963183236
105.0  54.8519250002  75.6767542529  38.9639669673  65.896318323
105.1  54.7692933479  75.7581509971  38.9044956385  65.9474966369
105.2  54.686786176  75.8403183282  38.8451184288  65.9993326501
105.3  54.604403297  75.9231882444  38.7858351702  66.05177418
105.4  54.5221445236  76.0066886337  38.7266456946  66.1047658077
105.5  54.4400096689  76.0907431549  38.6675498349  66.1582487793
105.6  54.3579985463  76.1752711081  38.6085474238  66.2121609104
105.7  54.2761109692  76.2601873231  38.549638295  66.2664364844
105.8  54.1943467516  76.3454020245  38.4908222821  66.3210061512
105.9  54.1127057077  76.4308207076  38.4320992194  66.3757968228
106.0  54.0311876519  76.5163440058  38.3734689415  66.4307315701
106.1  53.9497923989  76.6018675604  38.3149312834  66.4857295142
106.2  53.8685197638  76.6872818869  38.2564860804  66.5407057196
106.3  53.7873695618  76.7724722285  38.1981331684  66.5955710773
106.4  53.7063416084  76.8573184299  38.1398723836  66.6502322013
106.5  53.6254357196  76.9416947861  38.0817035624  66.7045913059
106.6  53.5446517114  77.0254698911  38.023626542  66.7585460921
106.7  53.4639894003  77.1085065074  37.9656411596  66.8119896304
106.8  53.3834486028  77.190661399  37.9077472529  66.8648102367
106.9  53.3030291359  77.2717851875  37.8499446602  66.9168913558
107.0  53.222730817  77.3517221877  37.7922332198  66.9681114255
107.1  53.1425534634  77.4303102606  37.7346127707  67.0183437623
107.2  53.0624968929  77.5073806401  37.6770831522  67.0674564279
107.3  52.9825609236  77.582757771  37.6196442038  67.1153120898
107.4  52.9027453737  77.656259143  37.5622957657  67.1617679072
107.5  52.823050062  77.7276951205  37.5050376783  67.2066753737
107.6  52.7434748073  77.7968687622  37.4478697822  67.2498802003
107.7  52.6640194286  77.8635756502  37.3907919187  67.2912221553
107.8  52.5846837454  77.9276036992  37.3338039293  67.3305349468
107.9  52.5054675775  77.9887329818  37.2769056559  67.3676460518
108.0  52.4263707447  78.0467355364  37.2200969407  67.4023765917
108.1  52.3473930673  78.1013751758  37.1633776265  67.4345411723
108.2  52.2685343657  78.1524072804  37.1067475561  67.4639477378
108.3  52.1897944608  78.1995786197  37.0502065731  67.490397411
108.4  52.1111731736  78.2426271339  36.993754521  67.5136843463
108.5  52.0326703254  78.2812817238  36.937391244  67.5335955642
108.6  51.9542857378  78.3152620488  36.8811165867  67.5499107977
108.7  51.8760192325  78.3442783032  36.8249303937  67.5624023235
108.8  51.7978706319  78.3680309946  36.7688325103  67.5708347969
108.9  51.7198397581  78.3862107301  36.712822782  67.5749650869
109.0  51.6419264339  78.3984979619  36.6569010548  67.5745421071
109.1  51.5641304822  78.4045627765  36.6010671748  67.5693066362
109.2  51.4864517261  78.4040646389  36.5453209888  67.5589911506
109.3  51.4088899892  78.3966521457  36.4896623435  67.5433196362
109.4  51.3314450951  78.3819627813  36.4340910865  67.5220074203
109.5  51.2541168678  78.3596226579  36.3786070653  67.4947609755
109.6  51.1769051316  78.3292462353  36.323210128  67.4612777434
109.7  51.0998097109  78.2904360717  36.2679001229  67.42124594
109.8  51.0228304307  78.2427825372  36.2126768987  67.3743443669
109.9  50.9459671158  78.185863518  36.1575403046  67.3202422137
110.0  50.8692195916  78.1192441384  36.1024901898  67.2585988647
110.1  50.7925876837  78.0424764531  36.0475264042  67.1890636991
110.2  50.7160712178  77.9550991337  35.9926487979  67.1112758863
110.3  50.6396700202  77.85663715  35.9378572212  67.0248641768
110.4  50.5633839171  77.7466014504  35.883151525  66.9294466996
110.5  50.4872127352  77.6244886102  35.8285315603  66.8246307522
110.6  50.4111563013  77.4897804845  35.7739971787  66.7100125764
110.7  50.3352144425  77.3419438527  35.7195482319  66.5851771488
110.8  50.2593869864  77.1804300259  35.665184572  66.4496979599
110.9  50.1836737604  77.0046744668  35.6109060515  66.3031367915
111.0  50.1080745927  76.8140963948  35.5567125231  66.1450434834
111.1  50.0325893112  76.6080983377  35.5026038401  65.9749557081
111.2  49.9572177445  76.386065708  35.4485798558  65.7923987432
111.3  49.8819597213  76.1473663421  35.394640424  65.5968852231
111.4  49.8068150704  75.8913500084  35.3407853989  65.3879149124
111.5  49.7317836212  75.6173479063  35.2870146349  65.1649744572
111.6  49.6568652031  75.3246721285  35.2333279867  64.9275371393
111.7  49.5820596458  75.0126150969  35.1797253094  64.6750626266
111.8  49.5073667792  74.6804489713  35.1262064586  64.4069967268
111.9  49.4327864337  74.3274250039  35.0727712898  64.1227711249
112.0  49.3583184398  73.9527728599  35.0194196592  63.8218031272
112.1  49.283962628  73.5556999152  34.9661514231  63.5034953999
112.2  49.2097188296  73.1353904503  34.9129664382  63.1672356965
112.3  49.1355868757  72.6910048289  34.8598645617  62.8123966008
112.4  49.0615665978  72.2216785885  34.8068456507  62.4383352449
112.5  48.9876578278  71.7265214559  34.753909563  62.0443930337
112.6  48.9138603975  71.2046162674  34.7010561565  61.6298953661
112.7  48.8401741394  70.6550177891  34.6482852895  61.1941513551
112.8  48.7665988859  70.0767514254  34.5955968206  60.7364535324
112.9  48.6931344698  69.4688117697  34.5429906088  60.2560775667
113.0  48.6197807241  68.8301610059  34.4904665132  59.7522819587
113.1  48.5465374821  68.1597271213  34.4380243934  59.2243077568
113.2  48.4734045774  67.4564018896  34.3856641092  58.6713782404
113.3  48.4003818436  66.7190385873  34.3333855207  58.0926986242
113.4  48.327469115  65.9464493995  34.2811884885  57.4874557432
113.5  48.2546662257  65.1374024598  34.2290728733  56.8548177418
113.6  48.1819730102  64.2906184278  34.1770385362  56.1939337534
113.7  48.1093893035  63.4047665261  34.1250853385  55.5039335838
113.8  48.0369149404  62.4784599322  34.0732131419  54.7839273786
113.9  47.9645497562  61.5102503509  34.0214218083  54.0330052996
114.0  47.8922935866  60.4986216117  33.9697112002  52.894983067
114.1  47.8201462672  59.4419820424  33.91808118  52.8362955476
114.2  47.7481076341  58.3386553022  33.8665316106  52.7776733044
114.3  47.6761775236  57.1868693355  33.8150623553  52.7191162637
114.4  47.6043557721  55.9847428659  33.7636732774  52.6606243516
114.5  47.5326422165  54.7302687886  33.7123642407  52.6021974945
114.6  47.4610366937  53.4212935626  33.6611351094  52.543835619
114.7  47.3895390411  51.3758994726  33.6099857478  52.4855386514
114.8  47.318149096  51.298504277  33.5589160205  52.4273065186
114.9  47.2468666963  51.2212256734  33.5079257924  52.3691391472
120.0  43.7503445766  47.4305796246  31.0097657023  49.4867889112

#SVE monte-carlo points sigmaR (r, sigmaR_med, sigmaR_std)
26.3  213.376587346  0.0
29.8  188.417148996  0.0
33.2  178.095601226  0.0
36.7  173.132633032  0.0
40.2  166.537467033  0.0
43.7  160.193531631  0.0
47.1  154.262338506  0.0
50.6  148.38600132  0.0
54.1  142.733512281  0.0
57.6  137.29634431  0.0
61.0  132.212923493  0.0
64.5  127.176517806  0.0
68.0  122.331964637  0.0
71.5  117.671955721  0.0
75.0  113.189461186  0.0
78.4  108.998601873  0.0
81.9  104.846502639  0.0
85.4  100.852569912  0.0
88.9  97.0107786318  0.0
92.3  93.418937829  0.0
95.8  89.8603169523  0.0
99.3  86.4372551264  0.0
102.8  83.1445884812  0.0
106.2  80.0661457591  0.0
109.7  77.0161746886  0.0
113.2  74.0823865995  0.0

#SVE monte-carlo points sigmaZ (r, sigmaZ_med, sigmaZ_std)
26.7  54.7079562114  0.0
30.1  64.9408944918  0.0
33.6  68.8108418949  0.0
37.1  74.0420500945  0.0
40.6  82.67476839  0.0
44.1  92.5778087089  0.0
47.5  101.923021624  0.0
51.0  109.766619736  0.0
54.5  114.562448346  0.0
58.0  115.540561696  0.0
61.4  112.710242196  0.0
64.9  106.433687301  0.0
68.4  97.8467089077  0.0
71.9  88.4084022648  0.0
75.3  79.8532430817  0.0
78.8  72.870108696  0.0
82.3  68.3602674862  0.0
85.8  66.1927848339  0.0
89.3  65.5952143097  0.0
92.7  65.597333625  0.0
96.2  65.6158548285  0.0
99.7  65.8464720796  0.0
103.2  67.1750873707  0.0
106.6  69.8729213494  0.0
110.1  70.9826318542  0.0
113.6  57.4730442849  0.0

#SVE monte-carlo points sigmaPhi (r, sigmaPhi_med, sigmaPhi_std)
27.2  156.975608597  0.0
30.6  139.028873309  0.0
34.1  131.571704251  0.0
37.6  126.19966167  0.0
41.1  120.440542921  0.0
44.6  115.116202115  0.0
48.0  110.299011352  0.0
51.5  105.654996728  0.0
55.0  101.289147762  0.0
58.5  97.1678839326  0.0
61.9  93.3727797799  0.0
65.4  89.6589544158  0.0
68.9  86.1227945856  0.0
72.4  82.7492155097  0.0
75.8  79.6157300161  0.0
79.3  76.5275850929  0.0
82.8  73.5698756602  0.0
86.3  70.7346769908  0.0
89.8  68.0150473455  0.0
93.2  65.4779449137  0.0
96.7  62.9687372003  0.0
100.2  60.5585754044  0.0
103.7  58.2428849302  0.0
107.1  56.0798185043  0.0
110.6  53.9383140362  0.0
114.1  51.879602342  0.0
