#SVE points (r, sigmaR, sigmaZ, sigmaPhi, sigmaMajRestored)
25.1  103.214471075  51.6072355377  83.8840504167  64.6082003739
25.2  103.055436866  51.5277184331  83.6952522862  64.4750142062
25.3  102.897945049  51.4489725244  83.5081955235  64.3431365825
25.4  102.741991383  51.3709956917  83.3228712405  64.2125607671
25.5  102.587571531  51.2937857653  83.1392705179  64.0832800009
25.6  102.434681052  51.217340526  82.9573844067  63.9552875015
25.7  102.283315411  51.1416577057  82.7772039289  63.8285764647
25.8  102.133469978  51.0667349888  82.5987200787  63.7031400647
25.9  101.985140024  50.992570012  82.4219238232  63.5789714555
26.0  101.838320731  50.9191603657  82.2468061038  63.4560637709
26.1  101.693007188  50.8465035941  82.0733578369  63.3344101261
26.2  101.549194393  50.7745971964  81.9015699148  63.2140036176
26.3  101.406877254  50.703438627  81.7314332069  63.0948373249
26.4  101.266050593  50.6330252964  81.5629385604  62.9769043101
26.5  101.126709144  50.5633545718  81.3960768015  62.8601976195
26.6  100.988847556  50.494423778  81.230838736  62.744710284
26.7  100.852460395  50.4262301977  81.0672151503  62.6304353198
26.8  100.717542144  50.3587710722  80.9051968126  62.5173657288
26.9  100.584087204  50.2920436022  80.7447744734  62.4054944999
27.0  100.452089897  50.2260449485  80.5859388664  62.294814609
27.1  100.321544465  50.1607722324  80.4286807097  62.1853190202
27.2  100.192445073  50.0962225367  80.2729907063  62.0770006859
27.3  100.064785811  50.0323929057  80.1188595451  61.9698525481
27.4  99.9385606933  49.9692803467  79.9662779018  61.8638675383
27.5  99.8137636595  49.9068818298  79.8152364394  61.7590385786
27.6  99.6903885781  49.845194289  79.6657258096  61.6553585823
27.7  99.5684292459  49.784214623  79.517736653  61.5528204542
27.8  99.4478793901  49.7239396951  79.3712596003  61.4514170914
27.9  99.3287326689  49.6643663344  79.2262852727  61.3511413838
28.0  99.2109826731  49.6054913365  79.0828042832  61.2519862149
28.1  99.0946229272  49.5473114636  78.9408072369  61.153944462
28.2  98.9796468909  49.4898234455  78.8002847321  61.057008997
28.3  98.8660479598  49.4330239799  78.6612273606  60.9611726868
28.4  98.7538194669  49.3769097335  78.5236257091  60.8664283941
28.5  98.6429546839  49.3214773419  78.3874703593  60.7727689777
28.6  98.5334468219  49.266723411  78.2527518889  60.6801872929
28.7  98.4252890333  49.2126445167  78.1194608724  60.5886761925
28.8  98.3184744123  49.1592372062  77.9875878816  60.4982285268
28.9  98.2129959964  49.1064979982  77.8571234864  60.4088371445
29.0  98.1088467676  49.0544233838  77.7280582555  60.3204948928
29.1  98.0060196531  49.0030098266  77.6003827571  60.2331946183
29.2  97.9045075273  48.9522537636  77.4740875593  60.1469291673
29.3  97.8043032119  48.902151606  77.3491632313  60.0616913862
29.4  97.7053994779  48.852699739  77.2256003436  59.9774741219
29.5  97.6077890461  48.8038945231  77.1033894687  59.8942702228
29.6  97.5114645887  48.7557322943  76.982521182  59.8120725385
29.7  97.4164187298  48.7082093649  76.8629860619  59.7308739207
29.8  97.3226440474  48.6613220237  76.7447746912  59.6506672238
29.9  97.2301330736  48.6150665368  76.6278776571  59.5714453049
30.0  97.138878296  48.569439148  76.5122855519  59.4932010244
30.0  97.138878296  48.569439148  76.5122855519  59.4932010244
30.1  97.048872159  48.5244360795  76.3979889738  59.4159272466
30.2  96.9601070647  48.4800535323  76.2849785273  59.33961684
30.3  96.8725753738  48.4362876869  76.1732448239  59.2642626775
30.4  96.7862694069  48.3931347035  76.0627784827  59.1898576373
30.5  96.7011814455  48.3505907227  75.9535701307  59.1163946029
30.6  96.6173037329  48.3086518664  75.8456104038  59.0438664637
30.7  96.5346284753  48.2673142377  75.738889947  58.9722661151
30.8  96.4531478431  48.2265739215  75.6333994151  58.9015864594
30.9  96.3728539713  48.1864269857  75.529129473  58.8318204058
31.0  96.2937389613  48.1468694806  75.4260707968  58.7629608709
31.1  96.215794881  48.1078974405  75.3242140736  58.6950007788
31.2  96.1390137668  48.0695068834  75.2235500027  58.6279330622
31.3  96.0633876238  48.0316938119  75.1240692955  58.5617506619
31.4  95.988908427  47.9944542135  75.0257626765  58.4964465278
31.5  95.9155681226  47.9577840613  74.9286208834  58.4320136188
31.6  95.8433586284  47.9216793142  74.832634668  58.3684449036
31.7  95.7722718353  47.8861359177  74.7377947963  58.3057333606
31.8  95.702299608  47.851149804  74.6440920492  58.2438719785
31.9  95.6334337858  47.8167168929  74.5515172229  58.1828537567
32.0  95.5656661838  47.7828330919  74.4600611295  58.1226717055
32.1  95.4989885939  47.749494297  74.3697145972  58.0633188463
32.2  95.4333927854  47.7166963927  74.2804684708  58.0047882122
32.3  95.3688705061  47.684435253  74.1923136126  57.9470728483
32.4  95.3054134831  47.6527067416  74.1052409022  57.8901658118
32.5  95.2430134242  47.6215067121  74.0192412372  57.8340601723
32.6  95.1816620179  47.5908310089  73.9343055338  57.7787490125
32.7  95.1213509351  47.5606754675  73.850424727  57.7242254282
32.8  95.0620718296  47.5310359148  73.7675897712  57.6704825285
32.9  95.0038163389  47.5019081695  73.6857916402  57.6175134363
33.0  94.9465760856  47.4732880428  73.6050213283  57.5653112888
33.1  94.8903426775  47.4451713387  73.52526985  57.5138692371
33.2  94.8351077089  47.4175538545  73.4465282408  57.4631804473
33.3  94.7808627616  47.3904313808  73.3687875576  57.4132381001
33.4  94.7275994052  47.3637997026  73.2920388787  57.3640353916
33.5  94.6753091985  47.3376545993  73.2162733048  57.3155655334
33.6  94.6239836901  47.311991845  73.1414819587  57.2678217526
33.7  94.5736144189  47.2868072095  73.0676559863  57.2207972925
33.8  94.5241929156  47.2620964578  72.9947865564  57.1744854126
33.9  94.4757107028  47.2378553514  72.9228648613  57.1288793888
34.0  94.4281592963  47.2140796482  72.8518821174  57.0839725141
34.1  94.3815302056  47.1907651028  72.7818295652  57.0397580983
34.2  94.3358149349  47.1679074675  72.7126984695  56.9962294686
34.3  94.2910049836  47.1455024918  72.6444801204  56.9533799697
34.4  94.2470918475  47.1235459237  72.5771658329  56.9112029641
34.5  94.2040670189  47.1020335094  72.5107469477  56.8696918324
34.6  94.1619219881  47.0809609941  72.4452148313  56.8288399734
34.7  94.1206482437  47.0603241219  72.3805608763  56.7886408046
34.8  94.0802372735  47.0401186367  72.316776502  56.7490877619
34.9  94.040680565  47.0203402825  72.2538531544  56.7101743005
35.0  94.0019696065  47.0009848032  72.1917823064  56.6718938948
35.1  93.9640958875  46.9820479437  72.1305554586  56.6342400385
35.2  93.9270508997  46.9635254498  72.0701641392  56.5972062449
35.3  93.8908261373  46.9454130687  72.0105999042  56.5607860474
35.4  93.8554130983  46.9277065492  71.951854338  56.5249729994
35.5  93.8208032846  46.9104016423  71.8939190537  56.4897606745
35.6  93.786988203  46.8934941015  71.8367856929  56.455142667
35.7  93.7539593659  46.8769796829  71.7804459265  56.4211125919
35.8  93.7217082916  46.8608541458  71.7248914547  56.387664085
35.9  93.6902265058  46.8451132529  71.6701140072  56.3547908034
36.0  93.6595055411  46.8297527706  71.6161053437  56.3224864255
36.1  93.6295369388  46.8147684694  71.5628572541  56.2907446511
36.2  93.6003122488  46.8001561244  71.5103615584  56.2595592019
36.3  93.5718230303  46.7859115151  71.4586101075  56.2289238216
36.4  93.5440608529  46.7720304265  71.4075947829  56.1988322757
36.5  93.5170172968  46.7585086484  71.3573074974  56.1692783524
36.6  93.4906839535  46.7453419767  71.3077401951  56.140255862
36.7  93.4650524265  46.7325262133  71.2588848515  56.1117586377
36.8  93.4401143319  46.720057166  71.2107334741  56.0837805357
36.9  93.415861299  46.7079306495  71.1632781021  56.0563154348
37.0  93.3922849707  46.6961424854  71.1165108073  56.0293572374
37.1  93.3693770045  46.6846885023  71.0704236935  56.002899869
37.2  93.3471290727  46.6735645363  71.0250088976  55.9769372789
37.3  93.325532863  46.6627664315  70.9802585889  55.9514634399
37.4  93.3045800794  46.6522900397  70.93616497  55.9264723488
37.5  93.2842624424  46.6421312212  70.8927202767  55.9019580264
37.6  93.2645716899  46.6322858449  70.8499167782  55.8779145178
37.7  93.2454995772  46.6227497886  70.8077467773  55.8543358922
37.8  93.2270378783  46.6135189391  70.7662026108  55.8312162435
37.9  93.2091783856  46.6045891928  70.7252766491  55.8085496904
38.0  93.1919129113  46.5959564557  70.6849612972  55.7863303763
38.1  93.1752332873  46.5876166437  70.6452489943  55.7645524693
38.2  93.1591313658  46.5795656829  70.6061322139  55.7432101631
38.3  93.1435990201  46.57179951  70.5676034644  55.7222976764
38.4  93.1286281447  46.5643140724  70.5296552892  55.7018092533
38.5  93.1142106564  46.5571053282  70.4922802664  55.6817391634
38.6  93.1003384941  46.550169247  70.4554710094  55.6620817022
38.7  93.0870036196  46.5435018098  70.4192201671  55.6428311908
38.8  93.0741980184  46.5370990092  70.3835204236  55.6239819764
38.9  93.0619136997  46.5309568498  70.3483644988  55.6055284321
39.0  93.0501426968  46.5250713484  70.3137451484  55.5874649574
39.1  93.0388770681  46.5194385341  70.2796551639  55.569785978
39.2  93.0281088973  46.5140544487  70.2460873729  55.5524859462
39.3  93.0178302936  46.5089151468  70.2130346394  55.5355593408
39.4  93.0080333924  46.5040166962  70.1804898633  55.5190006672
39.5  92.9987103559  46.4993551779  70.1484459813  55.5028044578
39.6  92.9898533731  46.4949266865  70.1168959666  55.4869652719
39.7  92.9814546605  46.4907273302  70.0858328291  55.4714776958
39.8  92.9735064626  46.4867532313  70.0552496155  55.456336343
39.9  92.9660010521  46.4830005261  70.0251394094  55.4415358542
40.0  92.9589307305  46.4794653652  69.9954953316  55.4270708977
40.1  92.9522878283  46.4761439142  69.9663105399  55.412936169
40.2  92.9460647057  46.4730323528  69.9375782295  55.3991263914
40.3  92.9402537525  46.4701268763  69.909291633  55.3856363158
40.4  92.9348473892  46.4674236946  69.8814440204  55.3724607209
40.5  92.9298380667  46.4649190333  69.8540286992  55.3595944134
40.6  92.925218267  46.4626091335  69.8270390149  55.3470322278
40.7  92.9209805036  46.4604902518  69.8004683504  55.3347690269
40.8  92.9171173218  46.4585586609  69.7743101268  55.3227997015
40.9  92.9136212989  46.4568106495  69.7485578029  55.3111191707
41.0  92.9104850451  46.4552425225  69.7232048756  55.2997223819
41.1  92.9077012029  46.4538506014  69.6982448801  55.2886043112
41.2  92.9052624485  46.4526312242  69.6736713895  55.2777599629
41.3  92.9031614913  46.4515807457  69.6494780155  55.2671843701
41.4  92.9013910749  46.4506955374  69.6256584079  55.2568725944
41.5  92.8999439768  46.4499719884  69.6022062551  55.2468197265
41.6  92.8988130092  46.4494065046  69.579115284  55.2370208855
41.7  92.897991019  46.4489955095  69.5563792599  55.2274712197
41.8  92.8974708886  46.4487354443  69.5339919869  55.2181659063
41.9  92.8972455354  46.4486227677  69.5119473077  55.2091001516
42.0  92.8973079128  46.4486539564  69.4902391038  55.200269191
42.1  92.8976510103  46.4488255052  69.4688612955  55.1916682891
42.2  92.8982678537  46.4491339269  69.447807842  55.1832927397
42.3  92.8991515055  46.4495757527  69.4270727413  55.1751378659
42.4  92.9002950648  46.4501475324  69.4066500305  55.1671990203
42.5  92.9016916684  46.4508458342  69.3865337856  55.1594715849
42.6  92.9033344901  46.451667245  69.3667181218  55.1519509711
42.7  92.9052167417  46.4526083708  69.3471971932  55.14463262
42.8  92.9073316729  46.4536658365  69.3279651932  55.1375120022
42.9  92.9096725717  46.4548362858  69.3090163544  55.1305846179
43.0  92.9122327645  46.4561163822  69.2903449485  55.1238459972
43.1  92.9150056165  46.4575028082  69.2719452865  55.1172916998
43.2  92.9179845318  46.4589922659  69.2538117186  55.1109173153
43.3  92.9211629539  46.4605814769  69.2359386345  55.1047184631
43.4  92.9245343655  46.4622671828  69.218320463  55.0986907924
43.5  92.9280922892  46.4640461446  69.2009516724  55.0928299826
43.6  92.9318302873  46.4659151437  69.1838267704  55.0871317427
43.7  92.9357419624  46.4678709812  69.1669403039  55.0815918121
43.8  92.9398209573  46.4699104786  69.1502868594  55.0762059599
43.9  92.9440609552  46.4720304776  69.1338610628  55.0709699855
44.0  92.9484556803  46.4742278402  69.1176575795  55.0658797184
44.1  92.9529988976  46.4764994488  69.1016711141  55.0609310182
44.2  92.9576844132  46.4788422066  69.0858964109  55.0561197746
44.3  92.9625060745  46.4812530373  69.0703282537  55.0514419075
44.4  92.9674577705  46.4837288852  69.0549614655  55.0468933673
44.5  92.9725334316  46.4862667158  69.0397909091  55.0424701344
44.6  92.9777270305  46.4888635153  69.0248114865  55.0381682194
44.7  92.9830325815  46.4915162908  69.0100181394  55.0339836634
44.8  92.9884441413  46.4942220706  68.9954058488  55.0299125378
44.9  92.9939558087  46.4969779044  68.9809696352  55.0259509442
45.0  92.9995617254  46.4997808627  68.9667045587  55.0220950146
45.1  93.0052560755  46.5026280377  68.9526057186  55.0183409113
45.2  93.0110330858  46.5055165429  68.9386682539  55.0146848272
45.3  93.0168870263  46.5084435131  68.9248873427  55.0111229854
45.4  93.0228122099  46.5114061049  68.9112582029  55.0076516394
45.5  93.0288029927  46.5144014964  68.8977760915  55.0042670731
45.6  93.0348537744  46.5174268872  68.884436305  55.0009656008
45.7  93.0409589979  46.5204794989  68.871234179  54.9977435674
45.8  93.0471131497  46.5235565749  68.8581650889  54.9945973479
45.9  93.0533107603  46.5266553802  68.845224449  54.9915233479
46.0  93.0595464038  46.5297732019  68.832407713  54.9885180036
46.1  93.0658146983  46.5329073491  68.8197103738  54.9855777811
46.2  93.0721103058  46.5360551529  68.8071279636  54.9826991775
46.3  93.0784279327  46.5392139664  68.7946560538  54.9798787198
46.4  93.0847623296  46.5423811648  68.7822902548  54.9771129658
46.5  93.0911082913  46.5455541456  68.7700262162  54.9743985035
46.6  93.097460657  46.5487303285  68.7578596268  54.9717319512
46.7  93.1038143107  46.5519071554  68.7457862142  54.9691099577
46.8  93.1101641808  46.5550820904  68.7338017451  54.9665292021
46.9  93.1165052404  46.5582526202  68.7219020252  54.963986394
47.0  93.1228325073  46.5614162536  68.7100828991  54.9614782731
47.1  93.1291410441  46.5645705221  68.6983402502  54.9590016095
47.2  93.1354259586  46.5677129793  68.6866700007  54.9565532037
47.3  93.1416824032  46.5708412016  68.6750681116  54.9541298863
47.4  93.1479055753  46.5739527877  68.6635305827  54.9517285183
47.5  93.1540907178  46.5770453589  68.6520534524  54.9493459907
47.6  93.1602331181  46.5801165591  68.6406327975  54.9469792251
47.7  93.1663281093  46.5831640547  68.6292647338  54.9446251728
47.8  93.1723710695  46.5861855347  68.6179454151  54.9422808157
47.9  93.1783574219  46.589178711  68.606671034  54.9399431654
48.0  93.1842826353  46.5921413176  68.5954378212  54.937609264
48.1  93.1901422235  46.5950711118  68.5842420461  54.9352761833
48.2  93.1959317459  46.597965873  68.5730800158  54.9329410254
48.3  93.2016468073  46.6008234036  68.5619480761  54.9306009223
48.4  93.2072830576  46.6036415288  68.5508426106  54.9282530359
48.5  93.2128361925  46.6064180963  68.539760041  54.925894558
48.6  93.2183019529  46.6091509764  68.5286968271  54.9235227105
48.7  93.2236761251  46.6118380625  68.5176494665  54.9211347448
48.8  93.2289545411  46.6144772705  68.5066144946  54.9187279424
48.9  93.2341330782  46.6170665391  68.4955884846  54.9162996145
49.0  93.2392076592  46.6196038296  68.4845680474  54.9138471018
49.1  93.2441742524  46.6220871262  68.4735498316  54.9113677749
49.2  93.2490288715  46.6245144358  68.4625305232  54.908859034
49.3  93.2537675758  46.6268837879  68.4515068456  54.9063183087
49.4  93.2583864698  46.6291932349  68.4404755596  54.9037430585
49.5  93.2628817037  46.6314408518  68.4294334634  54.9011307718
49.6  93.2672494729  46.6336247365  68.4183773924  54.898478967
49.7  93.2714860184  46.6357430092  68.4073042188  54.8957851915
49.8  93.2755876264  46.6377938132  68.3962108523  54.8930470222
49.9  93.2795506285  46.6397753143  68.3850942391  54.8902620651
50.0  93.2833714017  46.6416857009  68.3739513625  54.8874279556
50.1  93.2870463682  46.6435231841  68.3627792426  54.8845423582
50.2  93.2905719954  46.6452859977  68.3515749359  54.8816029662
50.3  93.2939447961  46.646972398  68.3403355358  54.8786075024
50.4  93.2971613281  46.648580664  68.3290581719  54.8755537183
50.5  93.3002181943  46.6501090972  68.3177400104  54.8724393941
50.6  93.3031120429  46.6515560215  68.3063782535  54.8692623394
50.7  93.305839567  46.6529197835  68.2949701399  54.866020392
50.8  93.3083975045  46.6541987523  68.2835129442  54.8627114187
50.9  93.3107826386  46.6553913193  68.2720039771  54.8593333149
51.0  93.312991797  46.6564958985  68.260440585  54.8558840045
51.1  93.3150218524  46.6575109262  68.2488201503  54.8523614401
51.2  93.3168697222  46.6584348611  68.2371400908  54.8487636024
51.3  93.3185323684  46.6592661842  68.2253978602  54.8450885007
51.4  93.3200067978  46.6600033989  68.2135909475  54.8413341726
51.5  93.3212900615  46.6606450307  68.2017168769  54.8374986838
51.6  93.3223792551  46.6611896276  68.189773208  54.833580128
51.7  93.3232715187  46.6616357593  68.1777575357  54.8295766274
51.8  93.3239640366  46.6619820183  68.1656674895  54.8254863316
51.9  93.3244540372  46.6622270186  68.1535007342  54.8213074186
52.0  93.3247387933  46.6623693967  68.1412549692  54.817038094
52.1  93.3248156215  46.6624078108  68.1289279287  54.812676591
52.2  93.3246818825  46.6623409413  68.1165173812  54.8082211708
52.3  93.3243349808  46.6621674904  68.10402113  54.8036701218
52.4  93.3237723645  46.6618861822  68.0914370125  54.7990217603
52.5  93.3229915256  46.6614957628  68.0787629003  54.7942744295
52.6  93.3219899996  46.6609949998  68.0659966992  54.7894265005
52.7  93.3207653654  46.6603826827  68.0531363489  54.784476371
52.8  93.3193152453  46.6596576226  68.0401798231  54.7794224664
52.9  93.3176373047  46.6588186524  68.0271251288  54.7742632389
53.0  93.3157292524  46.6578646262  68.0139703072  54.7689971676
53.1  93.31358884  46.65679442  68.0007134324  54.7636227586
53.2  93.311213862  46.655606931  67.9873526122  54.7581385447
53.3  93.3086021559  46.654301078  67.9738859874  54.7525430854
53.4  93.3057516018  46.6528758009  67.9603117322  54.7468349669
53.5  93.3026601221  46.651330061  67.9466280534  54.7410128017
53.6  93.2993256819  46.6496628409  67.9328331908  54.7350752289
53.7  93.2957462885  46.6478731442  67.9189254169  54.7290209137
53.8  93.2919199914  46.6459599957  67.9049030368  54.7228485477
53.9  93.2878448821  46.643922441  67.8907643879  54.7165568486
54.0  93.283519094  46.641759547  67.87650784  54.7101445598
54.1  93.2789408025  46.6394704012  67.862131795  54.7036104511
54.2  93.2741082242  46.6370541121  67.8476346868  54.6969533177
54.3  93.2690196176  46.6345098088  67.8330149815  54.6901719806
54.4  93.2636732823  46.6318366412  67.8182711764  54.6832652866
54.5  93.2580675593  46.6290337797  67.803401801  54.6762321077
54.6  93.2522008306  46.6261004153  67.7884054157  54.6690713415
54.7  93.2460715191  46.6230357596  67.7732806128  54.6617819108
54.8  93.2396780885  46.6198390443  67.7580260154  54.6543627636
54.9  93.2330190431  46.6165095215  67.7426402777  54.646812873
55.0  93.2260929277  46.6130464638  67.727122085  54.639131237
55.1  93.2188983274  46.6094491637  67.7114701532  54.6313168784
55.2  93.2114338676  46.6057169338  67.6956832289  54.623368845
55.3  93.2036982134  46.6018491067  67.6797600891  54.615286209
55.4  93.1956900701  46.597845035  67.6636995411  54.6070680671
55.5  93.1874081824  46.5937040912  67.6475004226  54.5987135406
55.6  93.1788513347  46.5894256674  67.6311616012  54.590221775
55.7  93.1700183507  46.5850091754  67.6146819742  54.5815919399
55.8  93.1609080934  46.5804540467  67.5980604691  54.572823229
55.9  93.1515194645  46.5757597323  67.5812960424  54.5639148602
56.0  93.1418514049  46.5709257025  67.5643876806  54.5548660748
56.1  93.1319028941  46.565951447  67.5473343991  54.5456761382
56.2  93.1216729499  46.5608364749  67.5301352427  54.5363443393
56.3  93.1111606287  46.5555803143  67.5127892849  54.5268699903
56.4  93.1003650249  46.5501825125  67.4952956283  54.5172524271
56.5  93.089285271  46.5446426355  67.4776534041  54.5074910085
56.6  93.0779205371  46.5389602686  67.4598617719  54.4975851167
56.7  93.0662700311  46.5331350156  67.4419199199  54.4875341568
56.8  93.0543329984  46.5271664992  67.4238270643  54.4773375567
56.9  93.0421087213  46.5210543606  67.4055824493  54.4669947672
57.0  93.0295965195  46.5147982597  67.3871853474  54.4565052618
57.1  93.0167957495  46.5083978747  67.3686350584  54.4458685362
57.2  93.0037058043  46.5018529022  67.3499309099  54.4350841089
57.3  92.9903261138  46.4951630569  67.331072257  54.4241515204
57.4  92.9766561437  46.4883280719  67.3120584817  54.4130703335
57.5  92.9626953963  46.4813476981  67.2928889936  54.4018401328
57.6  92.9484434095  46.4742217047  67.2735632289  54.3904605251
57.7  92.9338997569  46.4669498785  67.2540806507  54.3789311387
57.8  92.919064048  46.459532024  67.2344407486  54.3672516236
57.9  92.9039359272  46.4519679636  67.214643039  54.3554216515
58.0  92.8885150742  46.4442575371  67.1946870643  54.3434409152
58.1  92.8728012037  46.4364006019  67.1745723929  54.331309129
58.2  92.8567940651  46.4283970325  67.1542986197  54.3190260282
58.3  92.8404934422  46.4202467211  67.1338653648  54.306591369
58.4  92.8238991533  46.4119495767  67.1132722744  54.2940049287
58.5  92.8070110507  46.4035055254  67.0925190199  54.2812665052
58.6  92.7898290206  46.3949145103  67.0716052982  54.2683759169
58.7  92.772352983  46.3861764915  67.0505308312  54.2553330029
58.8  92.7545828913  46.3772914457  67.0292953659  54.2421376225
58.9  92.7365187322  46.3682593661  67.0078986739  54.2287896551
59.0  92.7181605255  46.3590802627  66.9863405518  54.2152890003
59.1  92.6995083238  46.3497541619  66.9646208203  54.2016355777
59.2  92.6805622124  46.3402811062  66.9427393246  54.1878293267
59.3  92.6613223091  46.3306611545  66.9206959341  54.1738702061
59.4  92.6417887637  46.3208943818  66.898490542  54.1597581945
59.5  92.6219617582  46.3109808791  66.8761230655  54.1454932898
59.6  92.6018415064  46.3009207532  66.8535934451  54.1310755092
59.7  92.5814282534  46.2907141267  66.8309016451  54.1165048889
59.8  92.5607222759  46.280361138  66.808047653  54.1017814844
59.9  92.5397238818  46.2698619409  66.7850314793  54.0869053696
60.0  92.5184334095  46.2592167047  66.7618531576  54.0718766374
60.0  92.5184334095  46.2592167047  66.7618531576  54.0718766374
60.1  92.4968512285  46.2484256142  66.7385127441  54.0566953993
60.2  92.4749777385  46.2374888692  66.7150103177  54.0413617851
60.3  92.4528133696  46.2264066848  66.6913459798  54.0258759429
60.4  92.4303585818  46.2151792909  66.6675198539  54.010238039
60.5  92.4076138649  46.2038069325  66.6435320858  53.9944482577
60.6  92.3845797384  46.1922898692  66.6193828429  53.9785068013
60.7  92.3612567509  46.1806283755  66.5950723146  53.9624138897
60.8  92.3376454803  46.1688227401  66.5706007118  53.9461697603
60.9  92.3137465332  46.1568732666  66.5459682668  53.9297746681
61.0  92.2895605451  46.1447802725  66.5211752329  53.9132288856
61.1  92.2650881796  46.1325440898  66.4962218847  53.896532702
61.2  92.2403301287  46.1201650644  66.4711085176  53.879686424
61.3  92.2152871124  46.1076435562  66.4458354477  53.8626903749
61.4  92.1899598783  46.0949799392  66.4204030114  53.8455448948
61.5  92.1643492015  46.0821746008  66.3948115658  53.8282503405
61.6  92.1384558844  46.0692279422  66.3690614879  53.8108070852
61.7  92.1122807564  46.0561403782  66.3431531747  53.7932155183
61.8  92.0858246737  46.0429123368  66.3170870431  53.7754760457
61.9  92.059088519  46.0295442595  66.2908635295  53.7575890891
62.0  92.0320732015  46.0160366008  66.2644830901  53.7395550859
62.1  92.0047796563  46.0023898282  66.2379461998  53.7213744898
62.2  91.9772088445  45.9886044222  66.2112533531  53.7030477694
62.3  91.9493617525  45.9746808763  66.1844050633  53.6845754094
62.4  91.9212393925  45.9606196963  66.1574018622  53.6659579095
62.5  91.8928428016  45.9464214008  66.1302443004  53.6471957845
62.6  91.8641730417  45.9320865209  66.1029329469  53.6282895644
62.7  91.8352311997  45.9176155998  66.0754683889  53.609239794
62.8  91.8060183865  45.9030091932  66.0478512314  53.5900470328
62.9  91.7765357374  45.8882678687  66.0200820976  53.5707118549
63.0  91.7467844118  45.8733922059  65.9921616281  53.551234849
63.1  91.7167655924  45.8583827962  65.9640904813  53.5316166179
63.2  91.6864804857  45.8432402429  65.9358693325  53.5118577786
63.3  91.6559303213  45.8279651607  65.9074988745  53.4919589621
63.4  91.6251163517  45.8125581759  65.8789798169  53.4719208134
63.5  91.5940398522  45.7970199261  65.8503128861  53.451743991
63.6  91.5627021207  45.7813510603  65.8214988252  53.4314291671
63.7  91.531104477  45.7655522385  65.7925383935  53.4109770273
63.8  91.4992482634  45.7496241317  65.7634323669  53.3903882704
63.9  91.4671348434  45.7335674217  65.734181537  53.3696636085
64.0  91.4347656026  45.7173828013  65.7047867115  53.3488037665
64.1  91.4021419474  45.7010709737  65.6752487138  53.3278094822
64.2  91.3692653055  45.6846326528  65.6455683828  53.3066815062
64.3  91.3361371253  45.6680685626  65.6157465727  53.2854206015
64.4  91.3027588756  45.6513794378  65.5857841529  53.2640275436
64.5  91.2691320459  45.6345660229  65.5556820079  53.24250312
64.6  91.2352581452  45.6176290726  65.5254410369  53.2208481307
64.7  91.2011387029  45.6005693514  65.4950621537  53.1990633875
64.8  91.1667752674  45.5833876337  65.4645462867  53.1771497137
64.9  91.1321694067  45.5660847034  65.4338943785  53.1551079448
65.0  91.097322708  45.548661354  65.4031073858  53.1329389274
65.1  91.0622367771  45.5311183886  65.3721862792  53.1106435197
65.2  91.0269132385  45.5134566192  65.3411320431  53.088222591
65.3  90.9913537349  45.4956768674  65.3099456755  53.0656770217
65.4  90.9555599272  45.4777799636  65.2786281876  53.0430077033
65.5  90.9195334942  45.4597667471  65.2471806041  53.0202155377
65.6  90.8832761322  45.4416380661  65.2156039624  52.9973014379
65.7  90.8467895548  45.4233947774  65.1838993129  52.974266327
65.8  90.810075493  45.4050377465  65.1520677189  52.9511111387
65.9  90.7731356942  45.3865678471  65.1201102558  52.9278368168
66.0  90.7359719228  45.3679859614  65.0880280115  52.9044443152
66.1  90.6985859595  45.3492929798  65.0558220862  52.8809345976
66.2  90.660979601  45.3304898005  65.0234935917  52.8573086375
66.3  90.6231546599  45.31157733  64.991043652  52.8335674182
66.4  90.5851129646  45.2925564823  64.9584734024  52.8097119323
66.5  90.5468563588  45.2734281794  64.9257839897  52.7857431816
66.6  90.5083867012  45.2541933506  64.892976572  52.7616621773
66.7  90.4697058656  45.2348529328  64.8600523185  52.7374699396
66.8  90.4308157404  45.2154078702  64.8270124092  52.7131674975
66.9  90.3917182284  45.1958591142  64.793858035  52.6887558887
67.0  90.3524152465  45.1762076233  64.7605903972  52.6642361597
67.1  90.3129087257  45.1564543629  64.7272107075  52.6396093653
67.2  90.2732006106  45.1366003053  64.6937201878  52.6148765687
67.3  90.233292859  45.1166464295  64.66012007  52.590038841
67.4  90.1931874423  45.0965937211  64.626411596  52.5650972618
67.5  90.1528863445  45.0764431723  64.5925960172  52.540052918
67.6  90.1123915626  45.0561957813  64.5586745945  52.5149069048
67.7  90.0717051058  45.0358525529  64.5246485982  52.4896603246
67.8  90.0308289957  45.0154144979  64.4905193077  52.4643142873
67.9  89.9897652658  44.9948826329  64.4562880115  52.4388699102
68.0  89.9485159614  44.9742579807  64.4219560067  52.4133283177
68.1  89.9070831392  44.9535415696  64.3875245992  52.3876906412
68.2  89.8654688671  44.9327344336  64.3529951032  52.3619580191
68.3  89.8236752243  44.9118376121  64.3183688414  52.3361315964
68.4  89.7817043004  44.8908521502  64.2836471443  52.3102125246
68.5  89.7395581958  44.8697790979  64.2488313506  52.2842019619
68.6  89.6972390211  44.8486195106  64.2139228067  52.2581010725
68.7  89.654748897  44.8273744485  64.1789228665  52.231911027
68.8  89.6120899538  44.8060449769  64.1438328915  52.205633002
68.9  89.5692643317  44.7846321659  64.1086542503  52.1792681797
69.0  89.52627418  44.76313709  64.0733883186  52.1528177485
69.1  89.4831216571  44.7415608285  64.038036479  52.126282902
69.2  89.4398089304  44.7199044652  64.002600121  52.0996648394
69.3  89.3963381757  44.6981690879  63.9670806404  52.0729647652
69.4  89.3527115775  44.6763557888  63.9314794397  52.0461838892
69.5  89.3089313282  44.6544656641  63.8957979274  52.0193234261
69.6  89.2649996282  44.6324998141  63.8600375183  51.9923845955
69.7  89.2209186854  44.6104593427  63.8241996327  51.9653686217
69.8  89.1766907155  44.5883453578  63.7882856971  51.9382767338
69.9  89.1323179411  44.5661589706  63.7522971432  51.9111101653
70.0  89.0878025919  44.5439012959  63.7162354084  51.8838701541
70.1  89.0431469042  44.5215734521  63.680101935  51.8565579421
70.2  88.9983531211  44.4991765605  63.6438981707  51.8291747754
70.3  88.9534234916  44.4767117458  63.6076255678  51.8017219042
70.4  88.9083602711  44.4541801356  63.5712855836  51.7742005823
70.5  88.8631657206  44.4315828603  63.5348796797  51.7466120671
70.6  88.8178421066  44.4089210533  63.4984093224  51.7189576198
70.7  88.7723917012  44.3861958506  63.4618759819  51.6912385047
70.8  88.7268167815  44.3634083907  63.4252811329  51.6634559895
70.9  88.6811196294  44.3405598147  63.3886262535  51.635611345
71.0  88.6353025316  44.3176512658  63.351912826  51.607705845
71.1  88.5893677791  44.2946838896  63.3151423362  51.5797407661
71.2  88.5433176674  44.2716588337  63.278316273  51.5517173878
71.3  88.4971544955  44.2485772478  63.2414361291  51.5236369919
71.4  88.4508805667  44.2254402833  63.2045033998  51.4955008628
71.5  88.4044981874  44.2022490937  63.1675195838  51.4673102873
71.6  88.3580096675  44.1790048338  63.1304861822  51.4390665542
71.7  88.31141732  44.15570866  63.0934046989  51.4107709546
71.8  88.2647234607  44.1323617304  63.0562766404  51.3824247813
71.9  88.2179304081  44.1089652041  63.0191035152  51.3540293291
72.0  88.171040483  44.0855202415  62.9818868343  51.3255858942
72.1  88.1240560086  44.0620280043  62.9446281106  51.2970957747
72.2  88.0769793098  44.0384896549  62.9073288585  51.2685602697
72.3  88.0298127135  44.0149063567  62.8699905947  51.2399806799
72.4  87.982558548  43.991279274  62.8326148369  51.2113583071
72.5  87.9352191431  43.9676095716  62.7952031045  51.182694454
72.6  87.8877968295  43.9438984147  62.757756918  51.1539904242
72.7  87.8402939388  43.9201469694  62.7202777989  51.1252475221
72.8  87.7927128034  43.8963564017  62.6827672698  51.096467053
72.9  87.7450557562  43.8725278781  62.6452268539  51.0676503223
73.0  87.6973251301  43.848662565  62.6076580752  51.038798636
73.1  87.6495232582  43.8247616291  62.5700624579  51.0099133004
73.2  87.6016524735  43.8008262368  62.5324415268  50.9809956218
73.3  87.5537151084  43.7768575542  62.4947968067  50.9520469068
73.4  87.5057134949  43.7528567475  62.4571298224  50.9230684615
73.5  87.457649964  43.728824982  62.4194420986  50.8940615921
73.6  87.4095268459  43.704763423  62.3817351598  50.8650276043
73.7  87.3613464693  43.6806732347  62.34401053  50.8359678034
73.8  87.3131111618  43.6565555809  62.3062697326  50.8068834939
73.9  87.264823249  43.6324116245  62.2685142902  50.77777598
74.0  87.2164850549  43.6082425274  62.2307457248  50.7486465646
74.1  87.1680989013  43.5840494507  62.1929655571  50.71949655
74.2  87.119667108  43.559833554  62.1551753068  50.6903272372
74.3  87.071191992  43.535595996  62.1173764923  50.6611399262
74.4  87.0226758679  43.511337934  62.0795706306  50.6319359155
74.5  86.9741210474  43.4870605237  62.0417592368  50.6027165023
74.6  86.925529839  43.4627649195  62.0039438248  50.5734829823
74.7  86.876904548  43.438452274  61.9661259061  50.5442366493
74.8  86.8282474764  43.4141237382  61.9283069906  50.5149787955
74.9  86.7795609224  43.3897804612  61.8904885859  50.4857107113
75.0  86.7308471804  43.3654235902  61.8526721972  50.456433685
75.1  86.6821085406  43.3410542703  61.8148593274  50.4271490026
75.2  86.6333472894  43.3166736447  61.7770514769  50.3978579481
75.3  86.5845657082  43.2922828541  61.7392501433  50.3685618032
75.4  86.5357660742  43.2678830371  61.7014568214  50.3392618468
75.5  86.4869506597  43.2434753298  61.663673003  50.3099593557
75.6  86.4381217318  43.2190608659  61.6259001768  50.2806556036
75.7  86.3892815527  43.1946407763  61.5881398283  50.2513518616
75.8  86.340432379  43.1702161895  61.5503934397  50.2220493979
75.9  86.2915764619  43.1457882309  61.5126624896  50.1927494777
76.0  86.2427160466  43.1213580233  61.4749484529  50.163453363
76.1  86.1938533728  43.0969266864  61.4372528009  50.1341623126
76.2  86.1449906736  43.0724953368  61.3995770008  50.104877582
76.3  86.0961301761  43.048065088  61.3619225161  50.0756004233
76.4  86.0472741008  43.0236370504  61.3242908058  50.0463320848
76.5  85.9984246617  42.9992123308  61.2866833249  50.0170738115
76.6  85.9495840657  42.9747920328  61.2491015237  49.9878268444
76.7  85.9007545128  42.9503772564  61.2115468482  49.9585924208
76.8  85.8519381959  42.9259690979  61.1740207397  49.9293717738
76.9  85.8031373004  42.9015686502  61.1365246348  49.9001661326
77.0  85.7543540043  42.8771770021  61.0990599648  49.8709767223
77.1  85.7055904776  42.8527952388  61.0616281566  49.8418047635
77.2  85.6568488827  42.8284244413  61.0242306313  49.8126514725
77.3  85.6081313738  42.8040656869  60.9868688052  49.7835180614
77.4  85.5594400968  42.7797200484  60.9495440891  49.7544057373
77.5  85.5107771895  42.7553885947  60.912257888  49.7253157029
77.6  85.4621447807  42.7310723903  60.8750116017  49.6962491559
77.7  85.4135449907  42.7067724953  60.8378066239  49.6672072895
77.8  85.3649799309  42.6824899654  60.8006443427  49.6381912916
77.9  85.3164517035  42.6582258518  60.7635261399  49.6092023451
78.0  85.2679624018  42.6339812009  60.7264533916  49.5802416279
78.1  85.2195141092  42.6097570546  60.6894274673  49.5513103124
78.2  85.1711088999  42.58555445  60.6524497304  49.5224095658
78.3  85.1227488383  42.5613744192  60.6155215379  49.4935405499
78.4  85.074435979  42.5372179895  60.5786442399  49.4647044209
78.5  85.0261723663  42.5130861832  60.5418191803  49.4359023293
78.6  84.9779600347  42.4889800173  60.5050476958  49.4071354201
78.7  84.929801008  42.464900504  60.4683311166  49.3784048322
78.8  84.8816972997  42.4408486498  60.4316707656  49.3497116988
78.9  84.8336509126  42.4168254563  60.3950679587  49.3210571471
79.0  84.7856638388  42.3928319194  60.3585240046  49.2924422982
79.1  84.7377380592  42.3688690296  60.3220402046  49.2638682669
79.2  84.6898755438  42.3449377719  60.2856178528  49.2353361619
79.3  84.6420782514  42.3210391257  60.2492582355  49.2068470856
79.4  84.5943481292  42.2971740646  60.2129626316  49.1784021339
79.5  84.5466871131  42.2733435565  60.176732312  49.1500023961
79.6  84.4990971271  42.2495485635  60.14056854  49.1216489551
79.7  84.4515800834  42.2257900417  60.1044725708  49.093342887
79.8  84.4041378825  42.2020689412  60.0684456517  49.0650852611
79.9  84.3567724124  42.1783862062  60.0324890217  49.03687714
80.0  84.3094855491  42.1547427746  59.9966039117  49.0087195792
80.1  84.2622791563  42.1311395781  59.9607915443  48.9806136274
80.2  84.2151550848  42.1075775424  59.9250531335  48.9525603261
80.3  84.1681151732  42.0840575866  59.8893898849  48.9245607097
80.4  84.1211612471  42.0605806235  59.8538029953  48.8966158052
80.5  84.074295119  42.0371475595  59.8182936531  48.8687266324
80.6  84.0275185887  42.0137592944  59.7828630376  48.8408942037
80.7  83.9808334426  41.9904167213  59.7475123193  48.8131195242
80.8  83.9342414539  41.967120727  59.7122426597  48.785403591
80.9  83.8877443822  41.9438721911  59.6770552113  48.7577473941
81.0  83.8413439738  41.9206719869  59.6419511174  48.7301519155
81.1  83.7950419609  41.8975209805  59.6069315118  48.7026181295
81.2  83.7488400624  41.8744200312  59.5719975193  48.6751470025
81.3  83.702739983  41.8513699915  59.5371502551  48.6477394931
81.4  83.6567434132  41.8283717066  59.5023908248  48.6203965519
81.5  83.6108520297  41.8054260148  59.4677203245  48.5931191215
81.6  83.5650674945  41.7825337473  59.4331398407  48.5659081361
81.7  83.5193914556  41.7596957278  59.3986504499  48.5387645221
81.8  83.4738255461  41.7369127731  59.3642532189  48.5116891974
81.9  83.4283713849  41.7141856924  59.3299492046  48.4846830716
82.0  83.3830305756  41.6915152878  59.2957394537  48.457747046
82.1  83.3378047075  41.6689023538  59.261625003  48.4308820134
82.2  83.2926953546  41.6463476773  59.2276068789  48.4040888581
82.3  83.2477040759  41.6238520379  59.1936860979  48.3773684558
82.4  83.2028324152  41.6014162076  59.1598636659  48.3507216735
82.5  83.158081901  41.5790409505  59.1261405784  48.3241493697
82.6  83.1134540466  41.5567270233  59.0925178205  48.2976523939
82.7  83.0689503495  41.5344751748  59.0589963669  48.2712315868
82.8  83.0245722919  41.512286146  59.0255771813  48.2448877804
82.9  82.9803213401  41.4901606701  58.9922612171  48.2186217977
83.0  82.9361989446  41.4680994723  58.9590494167  48.1924344524
83.1  82.8922065402  41.4461032701  58.9259427117  48.1663265496
83.2  82.8483455456  41.4241727728  58.892942023  48.1402988849
83.3  82.8046173633  41.4023086816  58.8600482602  48.114352245
83.4  82.7610233797  41.3805116899  58.8272623221  48.0884874073
83.5  82.7175649652  41.3587824826  58.7945850963  48.0627051397
83.6  82.6742434734  41.3371217367  58.7620174593  48.0370062012
83.7  82.6310602418  41.3155301209  58.7295602763  48.011391341
83.8  82.5880165912  41.2940082956  58.6972144014  47.9858612992
83.9  82.5451138259  41.2725569129  58.664980677  47.960416806
84.0  82.5023532333  41.2511766166  58.6328599344  47.9350585826
84.1  82.4597360841  41.2298680421  58.6008529934  47.9097873402
84.2  82.4172636323  41.2086318162  58.568960662  47.8846037805
84.3  82.3749371148  41.1874685574  58.5371837369  47.8595085955
84.4  82.3327577515  41.1663788758  58.5055230031  47.8345024675
84.5  82.2907267451  41.1453633726  58.4739792338  47.8095860691
84.6  82.2488452813  41.1244226407  58.4425531905  47.784760063
84.7  82.2071145285  41.1035572642  58.4112456229  47.760025102
84.8  82.1655356376  41.0827678188  58.3800572688  47.735381829
84.9  82.1241097423  41.0620548711  58.3489888541  47.7108308771
85.0  82.0828379587  41.0414189794  58.3180410929  47.6863728693
85.1  82.0417213855  41.0208606928  58.2872146871  47.6620084186
85.2  82.0007611038  41.0003805519  58.2565103264  47.6377381279
85.3  81.9599581767  40.9799790884  58.2259286889  47.61356259
85.4  81.9193136501  40.959656825  58.1954704399  47.5894823875
85.5  81.8788285516  40.9394142758  58.165136233  47.5654980931
85.6  81.8385038912  40.9192519456  58.1349267094  47.5416102689
85.7  81.7983406609  40.8991703305  58.1048424979  47.517819467
85.8  81.7583398349  40.8791699174  58.0748842152  47.4941262291
85.9  81.7185023691  40.8592511845  58.0450524653  47.4705310866
86.0  81.6788292014  40.8394146007  58.0153478401  47.4470345607
86.1  81.6393212516  40.8196606258  57.9857709189  47.4236371619
86.2  81.5999794212  40.7999897106  57.9563222685  47.4003393905
86.3  81.5608045937  40.7804022969  57.9270024433  47.3771417363
86.4  81.521797634  40.760898817  57.8978119849  47.3540446788
86.5  81.4829593888  40.7414796944  57.8687514226  47.3310486866
86.6  81.4442906863  40.7221453432  57.8398212728  47.308154218
86.7  81.4057923365  40.7028961682  57.8110220395  47.2853617209
86.8  81.3674651305  40.6837325653  57.7823542137  47.2626716324
86.9  81.3293098414  40.6646549207  57.7538182738  47.2400843789
87.0  81.2913272232  40.6456636116  57.7254146856  47.2176003764
87.1  81.2535180116  40.6267590058  57.6971439019  47.19522003
87.2  81.2158829236  40.6079414618  57.6690063628  47.1729437345
87.3  81.1784226575  40.5892113287  57.6410024954  47.1507718735
87.4  81.1411378928  40.5705689464  57.6131327141  47.1287048202
87.5  81.1040292905  40.5520146452  57.5853974203  47.1067429369
87.6  81.0670974924  40.5335487462  57.5577970026  47.0848865753
87.7  81.0303431219  40.5151715609  57.5303318366  47.0631360762
87.8  80.9937667832  40.4968833916  57.5030022848  47.0414917696
87.9  80.9573690619  40.478684531  57.4758086969  47.0199539746
88.0  80.9211505246  40.4605752623  57.4487514096  46.9985229996
88.1  80.8851117188  40.4425558594  57.4218307464  46.9771991421
88.2  80.8492531733  40.4246265867  57.3950470178  46.9559826888
88.3  80.8135753978  40.4067876989  57.3684005215  46.9348739154
88.4  80.7780788831  40.3890394415  57.3418915417  46.9138730868
88.5  80.7427641008  40.3713820504  57.31552035  46.8929804569
88.6  80.7076315036  40.3538157518  57.2892872044  46.8721962687
88.7  80.6726815251  40.3363407626  57.2631923501  46.8515207544
88.8  80.63791458  40.31895729  57.237236019  46.8309541352
88.9  80.6033310636  40.3016655318  57.2114184302  46.8104966213
89.0  80.5689313524  40.2844656762  57.1857397891  46.790148412
89.1  80.5347158037  40.2673579019  57.1602002885  46.7699096956
89.2  80.5006847557  40.2503423778  57.1348001076  46.7497806496
89.3  80.4668385273  40.2334192637  57.1095394127  46.7297614402
89.4  80.4331774187  40.2165887093  57.0844183569  46.709852223
89.5  80.3997017104  40.1998508552  57.0594370798  46.6900531423
89.6  80.3664116644  40.1832058322  57.0345957083  46.6703643317
89.7  80.333307523  40.1666537615  57.0098943559  46.6507859137
89.8  80.3003895097  40.1501947549  56.9853331227  46.6313179997
89.9  80.2676578288  40.1338289144  56.9609120959  46.6119606904
90.0  80.2351126654  40.1175563327  56.9366313495  46.5927140752
90.0  80.2351126654  40.1175563327  56.9366313495  46.5927140752
90.1  80.2027541855  40.1013770927  56.9124909441  46.5735782327
90.2  80.170582536  40.085291268  56.8884909273  46.5545532306
90.3  80.1385978447  40.0692989223  56.8646313334  46.5356391255
90.4  80.1068002203  40.0534001101  56.8409121837  46.516835963
90.5  80.0751897523  40.0375948761  56.8173334861  46.4981437778
90.6  80.0437665112  40.0218832556  56.7938952356  46.4795625937
90.7  80.0125305484  40.0062652742  56.7705974137  46.4610924235
90.8  79.9814818964  39.9907409482  56.7474399891  46.4427332689
90.9  79.9506205683  39.9753102841  56.7244229171  46.424485121
91.0  79.9199465585  39.9599732792  56.70154614  46.4063479597
91.1  79.8894598422  39.9447299211  56.6788095871  46.3883217541
91.2  79.8591603757  39.9295801879  56.6562131743  46.3704064623
91.3  79.8290480964  39.9145240482  56.6337568047  46.3526020316
91.4  79.7991229225  39.8995614612  56.6114403681  46.3349083985
91.5  79.7693847536  39.8846923768  56.5892637413  46.3173254885
91.6  79.7398334701  39.8699167351  56.5672267883  46.2998532161
91.7  79.7104689338  39.8552344669  56.5453293597  46.2824914854
91.8  79.6812909875  39.8406454938  56.5235712934  46.2652401892
91.9  79.6522994552  39.8261497276  56.5019524141  46.2480992098
92.0  79.6234941422  39.8117470711  56.4804725336  46.2310684187
92.1  79.5948748349  39.7974374174  56.4591314509  46.2141476764
92.2  79.5664413011  39.7832206506  56.4379289518  46.197336833
92.3  79.53819329  39.769096645  56.4168648095  46.1806357275
92.4  79.510130532  39.755065266  56.3959387841  46.1640441885
92.5  79.4822527389  39.7411263695  56.375150623  46.1475620337
92.6  79.4545596041  39.727279802  56.3545000606  46.1311890703
92.7  79.4270508022  39.7135254011  56.3339868189  46.1149250947
92.8  79.3997259897  39.6998629949  56.3136106066  46.0987698928
92.9  79.3725848043  39.6862924022  56.2933711201  46.0827232398
93.0  79.3456268655  39.6728134328  56.2732680428  46.0667849004
93.1  79.3188517745  39.6594258872  56.2533010457  46.0509546288
93.2  79.2922591139  39.646129557  56.233469787  46.0352321687
93.3  79.2658484485  39.6329242242  56.2137739123  46.0196172532
93.4  79.2396193245  39.6198096622  56.1942130546  46.004109605
93.5  79.2135712701  39.6067856351  56.1747868345  45.9887089364
93.6  79.1877037956  39.5938518978  56.15549486  45.9734149492
93.7  79.162016393  39.5810081965  56.1363367266  45.9582273349
93.8  79.1365085364  39.5682542682  56.1173120174  45.9431457748
93.9  79.111179682  39.555589841  56.0984203033  45.9281699398
94.0  79.0860292681  39.5430146341  56.0796611426  45.9132994903
94.1  79.0610567153  39.5305283576  56.0610340815  45.8985340769
94.2  79.0362614262  39.5181307131  56.0425386537  45.8838733396
94.3  79.0116427861  39.505821393  56.024174381  45.8693169086
94.4  78.9872001623  39.4936000811  56.0059407728  45.8548644037
94.5  78.9629329048  39.4814664524  55.9878373263  45.8405154347
94.6  78.938840346  39.469420173  55.969863527  45.8262696014
94.7  78.914921801  39.4574609005  55.9520188479  45.8121264935
94.8  78.8911765675  39.4455882837  55.9343027504  45.7980856908
94.9  78.8676039258  39.4338019629  55.9167146837  45.7841467632
95.0  78.8442031391  39.4221015696  55.8992540852  45.7703092706
95.1  78.8209734536  39.4104867268  55.8819203805  45.7565727632
95.2  78.7979140982  39.3989570491  55.8647129835  45.7429367813
95.3  78.775024285  39.3875121425  55.8476312961  45.7294008554
95.4  78.7523032091  39.3761516046  55.8306747087  45.7159645064
95.5  78.7297500489  39.3648750245  55.8138426001  45.7026272454
95.6  78.7073639659  39.353681983  55.7971343375  45.689388574
95.7  78.6851441051  39.3425720525  55.7805492766  45.6762479843
95.8  78.6630895947  39.3315447973  55.7640867616  45.6632049585
95.9  78.6411995467  39.3205997733  55.7477461252  45.6576830312
96.0  78.6194730564  39.3097365282  55.731526689  45.6367693414
96.1  78.597909203  39.2989546015  55.7154277632  45.6158654123
96.2  78.5765070494  39.2882535247  55.6994486468  45.5949712374
96.3  78.5611487378  39.2805743689  55.6877588365  45.5740868102
96.4  78.5263856589  39.2631928294  55.6623192295  45.5532121239
96.5  78.4916379625  39.2458189813  55.6368958867  45.5323471721
96.6  78.4569056419  39.2284528209  55.6114887696  45.5114919482
96.7  78.4221886902  39.2110943451  55.5860978397  45.4906464458
96.8  78.3874871007  39.1937435503  55.560723059  45.4698106584
96.9  78.3528008665  39.1764004333  55.5353643895  45.4489845795
97.0  78.3181299809  39.1590649904  55.5100217935  45.4281682028
97.1  78.283474437  39.1417372185  55.4846952336  45.4073615218
97.2  78.2488342282  39.1244171141  55.4593846723  45.3865645302
97.3  78.2142093475  39.1071046737  55.4340900727  45.3657772216
97.4  78.1795997882  39.0897998941  55.4088113979  45.3449995898
97.5  78.1450055436  39.0725027718  55.3835486111  45.3242316284
97.6  78.1104266068  39.0552133034  55.3583016759  45.3034733312
97.7  78.0758629711  39.0379314855  55.333070556  45.2827246919
97.8  78.0413146297  39.0206573148  55.3078552152  45.2619857044
97.9  78.0067815758  39.0033907879  55.2826556178  45.2412563623
98.0  77.9722638027  38.9861319013  55.2574717281  45.2205366597
98.1  77.9377613036  38.9688806518  55.2323035104  45.1998265902
98.2  77.9032740718  38.9516370359  55.2071509296  45.1791261478
98.3  77.8688021005  38.9344010502  55.1820139505  45.1584353264
98.4  77.8343453829  38.9171726915  55.1568925382  45.1377541198
98.5  77.7999039123  38.8999519562  55.131786658  45.1170825222
98.6  77.765477682  38.882738841  55.1066962753  45.0964205273
98.7  77.7310666852  38.8655333426  55.0816213557  45.0757681292
98.8  77.6966709151  38.8483354576  55.0565618652  45.0551253218
98.9  77.6622903651  38.8311451825  55.0315177697  45.0344920993
99.0  77.6279250284  38.8139625142  55.0064890355  45.0138684557
99.1  77.5935748982  38.7967874491  54.9814756289  44.993254385
99.2  77.5592399678  38.7796199839  54.9564775165  44.9726498813
99.3  77.5249202306  38.7624601153  54.9314946651  44.9520549388
99.4  77.4906156798  38.7453078399  54.9065270415  44.9314695515
99.5  77.4563263086  38.7281631543  54.881574613  44.9108937136
99.6  77.4220521103  38.7110260552  54.8566373467  44.8903274193
99.7  77.3877930783  38.6938965392  54.8317152102  44.8697706628
99.8  77.3535492058  38.6767746029  54.8068081711  44.8492234382
99.9  77.3193204862  38.6596602431  54.7819161972  44.8286857398
100.0  77.2851069126  38.6425534563  54.7570392565  44.8081575619
100.1  77.2509084784  38.6254542392  54.7321773172  44.7876388987
100.2  77.216725177  38.6083625885  54.7073303476  44.7671297445
100.3  77.1825570015  38.5912785008  54.6824983161  44.7466300935
100.4  77.1484039454  38.5742019727  54.6576811916  44.7261399402
100.5  77.1142660019  38.557133001  54.6328789428  44.7056592788
100.6  77.0801431644  38.5400715822  54.6080915387  44.6851881037
100.7  77.0460354261  38.523017713  54.5833189486  44.6647264093
100.8  77.0119427803  38.5059713902  54.5585611416  44.6442741899
100.9  76.9778652205  38.4889326103  54.5338180875  44.62383144
120.0  70.7379545809  35.3689772905  50.0499473141  40.8869961025
150.0  61.9423284245  30.9711642123  43.8044606186  35.6400693607
180.0  54.2403589895  27.1201794947  38.3544217193  31.0665337559
210.0  47.4960599341  23.748029967  33.5848909231  27.0799022379
240.0  41.5903535907  20.7951767954  29.4088368539  23.604857659
270.0  36.4189685251  18.2094842625  25.7521019879  20.575750247
300.0  31.8905985143  15.9452992571  22.5500588241  17.935354847
330.0  27.9252904403  13.9626452201  19.746162291  15.6337897586
360.0  24.4530326336  12.2265163168  17.2909052039  13.6275743804
390.0  21.4125187439  10.7062593719  15.1409372073  11.878807785
420.0  18.750065312  9.37503265599  13.25829833  10.3544527041
450.0  16.4186639325  8.20933196625  11.6097486047  9.02571139645
480.0  14.3771512708  7.18857563541  10.1661811577  7.86748160814
510.0  12.5894822815  6.29474114075  8.90210829287  6.85788234696

#SVE monte-carlo points sigmaR (r, sigmaR_med, sigmaR_std)
25.2  103.081930378  0.0
28.7  99.1235244106  0.0
32.1  96.5112366481  0.0
35.6  94.9204302487  0.0
39.1  94.1766922461  0.0
42.6  93.9808170906  0.0
46.1  94.0489741575  0.0
49.6  94.1407120277  0.0
53.1  94.0735911891  0.0
56.6  93.7280046582  0.0
60.0  93.0693742385  0.0
63.5  92.053208759  0.0
67.0  90.7313017984  0.0
70.5  89.1733180662  0.0
74.0  87.4688325572  0.0
77.5  85.7152209722  0.0
81.0  84.0065541661  0.0
84.5  82.4240909418  0.0
88.0  81.0288249956  0.0
91.4  79.886675855  0.0
94.9  78.9384688774  0.0
98.4  77.824911434  0.0
390.0  20.4815288183  0.0

#SVE monte-carlo points sigmaZ (r, sigmaZ_med, sigmaZ_std)
25.6  51.281226432  0.0
29.1  49.3775605455  0.0
32.5  48.138714938  0.0
36.0  47.3990618476  0.0
39.5  47.0660914591  0.0
43.0  46.9901118272  0.0
46.5  47.0311209881  0.0
50.0  47.0719445457  0.0
53.5  47.0249080089  0.0
57.0  46.8337832201  0.0
60.4  46.4851264182  0.0
63.9  45.95826921  0.0
67.4  45.2818204639  0.0
70.9  44.4920645646  0.0
74.4  43.6345347737  0.0
77.9  42.7579984761  0.0
81.4  41.9089820309  0.0
84.9  41.1271242853  0.0
88.4  40.4415789277  0.0
91.8  39.8833732008  0.0
95.3  39.4221021189  0.0
98.8  38.841264786  0.0
510.0  5.91220589907  0.0

#SVE monte-carlo points sigmaPhi (r, sigmaPhi_med, sigmaPhi_std)
26.1  81.7857739621  0.0
29.6  76.0043323337  0.0
33.0  72.2925554659  0.0
36.5  69.9149998916  0.0
40.0  68.5543745598  0.0
43.5  67.837216447  0.0
47.0  67.4654166813  0.0
50.5  67.2116738655  0.0
54.0  66.9141295395  0.0
57.5  66.4699245097  0.0
60.9  65.8488137188  0.0
64.4  65.0050501192  0.0
67.9  63.9773128319  0.0
71.4  62.8125506635  0.0
74.9  61.5716321285  0.0
78.4  60.3202960911  0.0
81.9  59.1211143244  0.0
85.4  58.0268041463  0.0
88.9  57.0751519437  0.0
92.3  56.3059840542  0.0
95.8  55.6742760108  0.0
99.3  54.8066619876  0.0
