r," v_Hbeta e_V max_Hb e_max sig_Hb e_sig v_OIII e_v max_OIII_1 e_max sig_OIII e_sig [OIII]/Hbeta e_oiii_hb S/N(HB) S/N(OIII)
-6.22 1151.60 2.62E+01 135.71 4.39E+01 84.12 3.32E+01 1253.54 1.34E+01 109.41 9.43E+00 143.38 1.49E+01 0.57 2.29E-01 1.94 4.49
-4.60 1116.93 1.52E+01 201.42 4.36E+01 76.32 1.99E+01 1283.46 1.38E+01 94.77 6.71E+00 175.79 1.48E+01 0.47 1.55E-01 3.89 4.93
-3.73 1187.32 2.23E+01 137.34 1.69E+01 161.98 2.43E+01 1286.92 1.25E+01 100.37 6.10E+00 183.73 1.33E+01 0.35 9.38E-02 3.51 5.72
-3.02 1172.01 1.53E+01 223.43 1.90E+01 161.81 1.66E+01 1262.67 1.27E+01 117.82 5.92E+00 223.73 1.32E+01 0.30 6.70E-02 5.04 5.80
-2.50 1185.47 2.00E+01 134.03 1.33E+01 178.88 2.14E+01 1261.20 1.65E+01 70.74 4.34E+00 238.11 1.71E+01 0.28 7.90E-02 4.53 5.97
-2.14 1207.36 1.77E+01 159.54 1.37E+01 181.84 1.88E+01 1262.00 1.36E+01 85.66 4.93E+00 210.07 1.43E+01 0.23 7.01E-02 4.61 6.48
-1.78 1195.32 1.50E+01 193.45 1.45E+01 177.77 1.60E+01 1261.68 1.19E+01 99.95 5.32E+00 199.54 1.25E+01 0.20 6.23E-02 5.56 7.56
-1.43 1201.38 1.44E+01 212.51 1.42E+01 190.40 1.52E+01 1270.50 1.11E+01 113.51 5.20E+00 215.54 1.16E+01 0.21 5.47E-02 5.52 8.43
-1.07 1209.02 1.31E+01 236.79 1.47E+01 186.86 1.39E+01 1278.02 1.05E+01 121.82 5.41E+00 209.96 1.10E+01 0.19 5.16E-02 5.28 8.77
-0.71 1210.24 1.30E+01 244.17 1.45E+01 193.16 1.37E+01 1260.03 1.07E+01 123.65 5.26E+00 222.24 1.11E+01 0.20 4.93E-02 5.23 8.72
-0.36 1216.52 1.40E+01 236.12 1.35E+01 213.62 1.46E+01 1261.04 1.01E+01 130.18 5.31E+00 220.56 1.05E+01 0.19 4.73E-02 4.87 9.23
0.00 1212.66 1.33E+01 243.84 1.35E+01 209.69 1.39E+01 1278.99 9.92E+00 130.96 5.39E+00 215.00 1.03E+01 0.17 4.65E-02 5.03 9.32
0.36 1206.27 1.31E+01 238.05 1.39E+01 198.01 1.38E+01 1274.40 1.07E+01 119.63 5.28E+00 215.69 1.11E+01 0.17 4.92E-02 5.34 8.57
0.71 1196.26 1.45E+01 206.65 1.38E+01 190.76 1.53E+01 1262.96 1.20E+01 104.66 4.99E+00 222.80 1.24E+01 0.20 5.55E-02 5.04 7.75
1.07 1192.74 1.68E+01 174.44 1.29E+01 199.91 1.77E+01 1286.07 1.15E+01 101.09 5.20E+00 198.06 1.20E+01 0.19 6.09E-02 5.00 7.85
1.43 1190.92 1.72E+01 165.24 1.23E+01 202.40 1.81E+01 1283.60 1.29E+01 87.56 4.81E+00 208.89 1.35E+01 0.17 6.25E-02 4.93 7.98
1.78 1196.56 2.48E+01 104.60 1.29E+01 177.60 2.65E+01 1291.89 1.35E+01 78.85 4.71E+00 201.52 1.42E+01 0.37 9.33E-02 3.39 6.51
2.29 1208.03 2.65E+01 130.74 1.62E+01 188.81 2.83E+01 1309.81 1.08E+01 127.09 6.45E+00 190.20 1.14E+01 0.42 9.10E-02 2.47 6.91
3.02 1261.91 2.41E+01 125.42 1.56E+01 172.12 2.60E+01 1280.81 1.60E+01 81.24 5.20E+00 220.09 1.66E+01 0.35 9.51E-02 3.36 5.03
3.99 1217.49 3.94E+01 87.21 2.22E+01 140.72 4.39E+01 1310.02 1.18E+01 119.57 7.82E+00 163.71 1.28E+01 0.64 1.80E-01 1.70 5.30
6.30 1249.45 1.30E+01 553.00 -0.00E+00 23.48 3.28E+00 1299.18 1.03E+01 150.81 1.33E+01 112.41 1.20E+01 0.55 8.55E-02 3.07 4.97
