  r,"      pix_bin     vel,km/s   e_vel,km/s  sig,km/s  e_sig,km/s  h3,km/s  e_h3,km/s   h4,km/s   e_h4,km/s   age,Myr   e_age,Myr  [Fe/H],dex  e_[Fe/H]   md     ad     S/N
    -29.2700           0     1281.29      5.56      101.44      7.25     -0.0130    0.0432      0.0142    0.0447      0.0000    0.0000      0.0000    0.0000     9865.21   4120.30      -0.706     0.054     15     -1    20.72
    -24.1000           1     1270.27      5.25       95.49      6.93      0.0253    0.0444      0.0602    0.0422      0.0000    0.0000      0.0000    0.0000    13638.94   5815.47      -0.634     0.047     15     -1    23.29
    -21.0600           2     1286.15      4.40       85.88      6.59     -0.0211    0.0383      0.0119    0.0535      0.0000    0.0000      0.0000    0.0000    13794.39   5633.83      -0.653     0.037     15     -1    25.51
    -18.9200           3     1272.79      4.87       86.86      6.16     -0.0054    0.0464      0.0239    0.0419      0.0000    0.0000      0.0000    0.0000    13141.77   4578.25      -0.603     0.064     15     -1    27.56
    -17.3100           4     1278.72      4.82       96.74      6.66     -0.0251    0.0403      0.0341    0.0444      0.0000    0.0000      0.0000    0.0000     7825.68   2288.56      -0.457     0.076     15     -1    27.44
    -15.8900           5     1280.06      4.03       89.48      5.81     -0.0171    0.0358      0.0121    0.0449      0.0000    0.0000      0.0000    0.0000     4979.31   1104.45      -0.319     0.062     15     -1    30.89
    -14.6400           6     1275.39      4.50      101.39      6.44     -0.0421    0.0372      0.0328    0.0424      0.0000    0.0000      0.0000    0.0000     7451.29   1815.06      -0.359     0.066     15     -1    31.39
    -13.5700           7     1281.28      4.06       90.50      6.18     -0.0639    0.0350      0.0520    0.0468      0.0000    0.0000      0.0000    0.0000    12220.00   3458.38      -0.496     0.057     15     -1    33.77
    -12.4900           8     1274.79      3.90      102.85      5.52      0.0050    0.0325      0.0525    0.0361      0.0000    0.0000      0.0000    0.0000     6815.39   1306.41      -0.315     0.059     15     -1    38.64
    -11.4200           9     1280.94      3.70      104.54      5.74     -0.0388    0.0298      0.0943    0.0371      0.0000    0.0000      0.0000    0.0000     8808.51   1653.56      -0.401     0.051     15     -1    44.38
    -10.3500          10     1278.87      3.29      108.47      5.41     -0.0071    0.0250      0.1223    0.0335      0.0000    0.0000      0.0000    0.0000    10166.96   1486.41      -0.362     0.045     15     -1    50.08
     -9.2800          11     1284.76      2.86      116.53      4.22     -0.0426    0.0206      0.0613    0.0256      0.0000    0.0000      0.0000    0.0000     7379.35    998.03      -0.268     0.038     15     -1    54.93
     -8.2100          12     1279.10      2.53      128.99      3.84     -0.0385    0.0167      0.0713    0.0211      0.0000    0.0000      0.0000    0.0000     9675.33   1035.56      -0.249     0.038     15     -1    66.88
     -7.1400          13     1279.89      2.21      140.45      2.96     -0.0203    0.0137      0.0192    0.0157      0.0000    0.0000      0.0000    0.0000    10072.88    885.41      -0.274     0.029     15     -1    80.07
     -6.0700          14     1279.49      1.90      143.65      2.81     -0.0346    0.0113      0.0668    0.0139      0.0000    0.0000      0.0000    0.0000    10892.26    795.50      -0.240     0.024     15     -1    94.14
     -5.0000          15     1279.65      1.64      164.47      2.33     -0.0284    0.0087      0.0556    0.0101      0.0000    0.0000      0.0000    0.0000    10148.02    640.39      -0.119     0.021     15     -1   111.96
     -3.9300          16     1276.20      1.41      175.84      1.97     -0.0117    0.0071      0.0469    0.0080      0.0000    0.0000      0.0000    0.0000    13374.32    907.25      -0.163     0.017     15     -1   123.77
     -2.8600          17     1274.91      1.24      193.98      1.57     -0.0336    0.0057      0.0249    0.0062      0.0000    0.0000      0.0000    0.0000    11315.90    494.73      -0.068     0.015     15     -1   138.74
     -1.7800          18     1278.01      1.15      205.29      1.48     -0.0228    0.0049      0.0405    0.0055      0.0000    0.0000      0.0000    0.0000    11177.81    435.42      -0.044     0.014     15     -1   155.33
     -0.7100          19     1275.55      1.10      212.95      1.38     -0.0226    0.0045      0.0313    0.0050      0.0000    0.0000      0.0000    0.0000    10068.27    408.86      -0.016     0.013     15     -1   164.93
      0.3600          20     1276.46      1.06      212.19      1.38     -0.0243    0.0044      0.0358    0.0050      0.0000    0.0000      0.0000    0.0000     8955.04    437.15       0.019     0.012     15     -1   163.19
      1.4300          21     1276.18      1.11      202.41      1.47     -0.0318    0.0049      0.0376    0.0055      0.0000    0.0000      0.0000    0.0000     9855.07    414.78      -0.032     0.013     15     -1   154.29
      2.5000          22     1276.79      1.26      193.12      1.60     -0.0167    0.0057      0.0287    0.0062      0.0000    0.0000      0.0000    0.0000    15328.78    991.24      -0.148     0.012     15     -1   142.03
      3.5700          23     1275.96      1.39      180.85      1.88     -0.0271    0.0068      0.0400    0.0076      0.0000    0.0000      0.0000    0.0000    11833.26    638.96      -0.134     0.017     15     -1   127.35
      4.6400          24     1271.75      1.62      167.85      2.24     -0.0475    0.0084      0.0500    0.0096      0.0000    0.0000      0.0000    0.0000    10713.98    635.78      -0.136     0.020     15     -1   113.73
      5.7100          25     1276.29      1.86      151.11      2.76     -0.0312    0.0107      0.0674    0.0129      0.0000    0.0000      0.0000    0.0000    10573.86    740.24      -0.197     0.023     15     -1    97.93
      6.7800          26     1276.75      2.13      139.60      3.21     -0.0262    0.0131      0.0658    0.0162      0.0000    0.0000      0.0000    0.0000     9877.00    891.34      -0.223     0.032     15     -1    82.43
      7.8500          27     1279.50      2.49      129.69      4.04     -0.0344    0.0163      0.1036    0.0218      0.0000    0.0000      0.0000    0.0000     8767.06    990.50      -0.229     0.039     15     -1    70.94
      8.9200          28     1277.59      2.80      120.67      4.27      0.0024    0.0197      0.0777    0.0245      0.0000    0.0000      0.0000    0.0000     8428.32   1149.15      -0.274     0.044     15     -1    60.74
     10.0000          29     1280.46      3.11      107.92      5.03     -0.0375    0.0237      0.1053    0.0317      0.0000    0.0000      0.0000    0.0000     6573.55    908.30      -0.238     0.037     15     -1    54.99
     11.0700          30     1280.67      3.51       99.38      5.53     -0.0242    0.0279      0.1311    0.0354      0.0000    0.0000      0.0000    0.0000     8001.10   1451.69      -0.344     0.052     15     -1    45.38
     12.1400          31     1283.14      3.84      101.34      5.77     -0.0492    0.0307      0.0694    0.0383      0.0000    0.0000      0.0000    0.0000     7492.32   1529.43      -0.379     0.054     15     -1    40.58
     13.2100          32     1280.64      4.23       99.22      6.24     -0.0562    0.0324      0.0868    0.0416      0.0000    0.0000      0.0000    0.0000    10272.22   2674.31      -0.478     0.077     15     -1    37.00
     14.2800          33     1278.07      4.31       83.91      6.26     -0.0230    0.0416      0.0747    0.0466      0.0000    0.0000      0.0000    0.0000    14840.02   4985.17      -0.490     0.044     15     -1    33.21
     15.3500          34     1270.45      4.43       99.31      6.34      0.0080    0.0341      0.0021    0.0471      0.0000    0.0000      0.0000    0.0000     4828.06   1145.22      -0.293     0.055     15     -1    30.29
     16.6000          35     1279.50      4.53       99.97      6.60     -0.0231    0.0384      0.0631    0.0419      0.0000    0.0000      0.0000    0.0000     4586.94   1028.91      -0.240     0.060     15     -1    31.85
     18.0300          36     1280.54      4.80       98.27      6.97     -0.0533    0.0389      0.0799    0.0450      0.0000    0.0000      0.0000    0.0000     9278.47   2573.80      -0.420     0.087     15     -1    27.81
     19.6300          37     1283.19      4.36       83.44      6.26     -0.0299    0.0416      0.0379    0.0481      0.0000    0.0000      0.0000    0.0000    10423.89   2637.06      -0.487     0.062     15     -1    27.69
     21.6000          38     1285.48      4.82       82.87      6.77     -0.0443    0.0462      0.0727    0.0493      0.0000    0.0000      0.0000    0.0000     6979.23   1907.90      -0.470     0.066     15     -1    25.69
     24.1000          39     1270.80      4.58       93.13      6.96     -0.0903    0.0345      0.0304    0.0540      0.0000    0.0000      0.0000    0.0000    14928.86   5730.30      -0.573     0.035     15     -1    24.05
     27.8500          40     1273.31      5.47       76.26      6.47      0.0028    0.0590      0.0495    0.0436      0.0000    0.0000      0.0000    0.0000     4969.97   1223.74      -0.529     0.101     15     -1    22.58
     36.9500          41     1274.08      6.83       90.36      8.30     -0.0100    0.0512      0.0048    0.0402      0.0000    0.0000      0.0000    0.0000     6702.47   2276.77      -0.794     0.086     15     -1    18.81
