      r,"      v_Hbeta      e_V         max_Hb     e_max        sig_Hb     e_sig       v_OIII      e_v        max_OIII_1    e_max       sig_OIII    e_sig   [OIII]/Hbeta  e_oiii_hb     S/N(HB)    S/N(OIII)
    -32.85     1518.62    1.88E+01      777.49    1.16E+02      116.87    2.18E+01     1472.71    1.49E+01      413.76    1.12E+02       64.52    2.09E+01       -0.10    2.11E-01        2.37        2.68
    -21.65     1510.07    2.18E+01      583.89    8.29E+01      137.73    2.44E+01     1471.74    1.09E+01      559.51    2.15E+02       43.05    1.87E+01       -0.09    2.70E-01        2.74        3.87
    -15.71     1426.74    2.00E+01      622.31    1.82E+02       74.43    2.67E+01     1428.93    8.12E+00      654.17    9.70E+01       64.61    1.14E+01        0.39    2.24E-01        2.57        6.36
    -12.19     1415.81    2.00E+01      552.01    1.68E+02       72.51    2.69E+01     1422.73    7.64E+00      622.88    9.40E+01       61.45    1.10E+01        0.41    2.31E-01        2.75        7.45
     -9.69     1424.72    1.38E+01     1161.15   -0.00E+00       34.67    5.02E+00     1423.40    7.10E+00      702.56    8.68E+01       66.97    9.82E+00        0.50    1.04E-01        4.38        7.46
     -7.51     1414.65    2.10E+01      895.11   -0.00E+00       26.88    6.08E+00     1420.45    8.43E+00      553.72    5.02E+01       94.05    1.03E+01        0.77    1.16E-01        2.14        6.75
     -6.04     1460.12    1.65E+01     1209.44   -0.00E+00       21.45    3.86E+00     1414.45    9.20E+00      444.38    4.03E+01      100.74    1.10E+01        0.67    9.97E-02        3.31        6.48
     -5.17     1459.18    1.67E+01      779.44   -0.00E+00       32.58    5.75E+00     1437.37    1.17E+01      321.17    2.58E+01      135.06    1.30E+01        0.67    9.41E-02        3.37        6.68
     -4.45     1431.82    1.48E+01      678.43    1.74E+02       66.60    2.05E+01     1406.03    1.10E+01      378.10    2.47E+01      153.58    1.20E+01        0.54    1.80E-01        3.93        6.23
     -3.75     1433.98    1.38E+01      786.38    1.87E+02       66.84    1.90E+01     1388.74    1.05E+01      429.39    2.53E+01      162.20    1.14E+01        0.56    1.66E-01        5.08        6.46
     -3.21     1386.35    2.59E+01      306.33    5.79E+01      127.45    2.94E+01     1386.46    1.43E+01      239.67    1.75E+01      176.53    1.53E+01        0.47    1.39E-01        3.95        5.84
     -2.86     1354.83    2.75E+01      307.29    5.22E+01      146.54    3.03E+01     1376.24    1.38E+01      254.53    1.86E+01      169.64    1.48E+01        0.41    1.26E-01        3.35        6.27
     -2.50     1312.62    3.27E+01      282.93    4.48E+01      181.42    3.49E+01     1369.13    1.29E+01      279.69    1.96E+01      166.83    1.39E+01        0.39    1.18E-01        2.68        7.37
     -2.14     1300.70    3.20E+01      306.16    4.38E+01      194.76    3.37E+01     1352.33    1.32E+01      287.77    1.89E+01      181.00    1.41E+01        0.37    1.07E-01        2.59        7.30
     -1.78     1287.60    2.46E+01      406.14    4.60E+01      190.16    2.60E+01     1327.75    1.28E+01      311.89    1.85E+01      192.13    1.35E+01        0.32    8.69E-02        3.44        7.65
     -1.43     1277.23    2.11E+01      477.60    4.81E+01      184.04    2.24E+01     1320.92    1.42E+01      296.78    1.75E+01      213.98    1.48E+01        0.29    7.91E-02        4.05        6.90
     -1.07     1228.67    1.79E+01      563.88    5.02E+01      178.81    1.92E+01     1319.14    1.32E+01      322.41    1.79E+01      211.64    1.38E+01        0.26    7.10E-02        4.64        7.54
     -0.71     1235.10    1.88E+01      553.77    4.88E+01      188.12    2.00E+01     1303.31    1.32E+01      327.83    1.79E+01      215.06    1.38E+01        0.26    7.02E-02        4.46        8.03
     -0.36     1245.86    1.78E+01      589.83    4.96E+01      186.25    1.89E+01     1294.89    1.22E+01      351.97    1.86E+01      206.07    1.28E+01        0.25    6.73E-02        4.97        8.18
      0.00     1199.11    1.45E+01      687.68    5.70E+01      157.90    1.58E+01     1291.62    1.31E+01      337.72    1.77E+01      220.62    1.36E+01        0.27    6.64E-02        5.91        8.94
      0.36     1183.38    1.38E+01      722.69    5.67E+01      158.35    1.49E+01     1279.18    1.26E+01      342.49    1.85E+01      207.72    1.32E+01        0.23    6.45E-02        5.66        8.90
      0.71     1179.53    1.33E+01      732.64    5.81E+01      152.65    1.45E+01     1250.51    1.19E+01      345.76    1.98E+01      186.44    1.27E+01        0.19    6.62E-02        5.91        8.25
      1.07     1153.74    1.20E+01      782.75    6.37E+01      136.21    1.33E+01     1207.70    1.24E+01      331.94    1.91E+01      192.48    1.31E+01        0.21    6.75E-02        7.31        8.49
      1.43     1143.83    1.27E+01      726.16    6.11E+01      139.23    1.41E+01     1208.31    1.14E+01      353.22    1.90E+01      189.27    1.20E+01        0.25    6.77E-02        6.39        8.78
      1.78     1142.40    1.45E+01      616.37    6.20E+01      133.54    1.62E+01     1209.10    1.12E+01      345.03    1.93E+01      180.38    1.19E+01        0.31    7.82E-02        5.51        8.22
      2.14     1136.37    1.23E+01      695.72    6.89E+01      117.51    1.41E+01     1209.77    1.29E+01      291.30    1.86E+01      181.74    1.38E+01        0.24    8.01E-02        7.27        6.82
      2.50     1144.32    1.27E+01      650.97    7.04E+01      111.99    1.47E+01     1220.33    1.41E+01      259.48    1.81E+01      181.00    1.50E+01        0.24    8.76E-02        6.48        7.20
      2.86     1122.76    1.38E+01      575.27    7.69E+01      101.35    1.65E+01     1215.14    1.42E+01      244.82    1.83E+01      171.14    1.53E+01        0.29    1.04E-01        6.47        7.10
      3.21     1115.41    1.26E+01      608.64    8.18E+01       94.11    1.54E+01     1182.77    1.40E+01      237.23    1.85E+01      163.22    1.52E+01        0.26    1.06E-01        6.83        6.86
      3.74     1107.50    1.22E+01      838.54    1.03E+02       98.62    1.47E+01     1189.17    1.07E+01      410.56    2.62E+01      152.66    1.17E+01        0.31    9.46E-02        5.69        6.70
      4.46     1108.55    1.60E+01      595.43    9.16E+01      101.86    1.91E+01     1183.51    1.45E+01      287.58    2.29E+01      164.12    1.56E+01        0.32    1.18E-01        5.62        5.73
      5.15     1086.38    1.82E+01      493.95    1.23E+02       78.35    2.36E+01     1196.13    1.50E+01      255.74    2.23E+01      155.97    1.63E+01        0.45    1.80E-01        3.76        4.87
      6.09     1119.45    1.64E+01     1290.67   -0.00E+00       19.61    3.53E+00     1189.58    1.42E+01      306.22    2.42E+01      163.00    1.54E+01        0.73    9.48E-02        2.74        5.31
      7.87     1146.32    2.40E+01      583.28    1.99E+02       76.12    3.16E+01     1208.87    1.09E+01      529.97    4.31E+01      125.56    1.23E+01        0.61    2.40E-01        2.25        6.08
     11.45     1138.77    2.64E+01      953.58   -0.00E+00       23.37    6.64E+00     1226.82    1.53E+01      379.64    3.82E+01      140.48    1.70E+01        0.81    1.41E-01        1.77        3.70
     15.82     1144.73    1.83E+01      877.53    6.99E+02       38.22    3.41E+01     1220.65    1.34E+01      375.41    4.96E+01      100.65    1.61E+01        0.48    5.27E-01        2.57        3.90
     26.11     1128.28    2.07E+01      764.22    1.70E+02       93.15    2.57E+01     1176.62    1.67E+01      403.16    1.17E+02       67.22    2.33E+01        0.01    2.50E-01        2.63        2.71
