  r,"      pix_bin     vel,km/s   e_vel,km/s  sig,km/s  e_sig,km/s  h3,km/s  e_h3,km/s   h4,km/s   e_h4,km/s   age,Myr   e_age,Myr  [Fe/H],dex  e_[Fe/H]   md     ad     S/N
    -60.8700           0     1469.60      7.48       37.24     13.80     -0.0546    0.1315      0.0089    0.2211      0.0000    0.0000      0.0000    0.0000     5084.16   1344.90      -0.411     0.069     15     -1    27.77
    -51.5900           1     1483.53      4.67       45.10     12.93     -0.0881    0.0746     -0.0174    0.1644      0.0000    0.0000      0.0000    0.0000     6149.45   1535.38      -0.352     0.070     15     -1    32.17
    -46.7700           2     1481.07      4.31       48.59     11.75     -0.0746    0.0600      0.0057    0.1459      0.0000    0.0000      0.0000    0.0000     7566.51   1697.97      -0.361     0.057     15     -1    34.26
    -43.2000           3     1486.33      4.08       44.34     13.77     -0.0588    0.0606     -0.0001    0.1787      0.0000    0.0000      0.0000    0.0000     7748.33   1754.07      -0.408     0.058     15     -1    34.20
    -40.3400           4     1487.25      6.08       51.15      7.02     -0.0145    0.0893      0.0393    0.0755      0.0000    0.0000      0.0000    0.0000     7849.73   1571.01      -0.256     0.057     15     -1    35.63
    -38.0200           5     1487.93      4.51       48.88     10.39     -0.0867    0.0640      0.0236    0.1277      0.0000    0.0000      0.0000    0.0000     9000.17   2088.12      -0.384     0.069     15     -1    36.73
    -35.8800           6     1489.93      4.67       48.38      8.53     -0.1031    0.0679      0.0277    0.1144      0.0000    0.0000      0.0000    0.0000     7344.08   1422.80      -0.296     0.051     15     -1    39.16
    -33.9100           7     1490.80      4.74       59.39      8.24     -0.0290    0.0602      0.0240    0.0862      0.0000    0.0000      0.0000    0.0000     8954.03   1841.06      -0.310     0.066     15     -1    38.36
    -32.1300           8     1487.79      4.30       52.52      9.06     -0.0721    0.0577      0.0142    0.1014      0.0000    0.0000      0.0000    0.0000     7824.59   1467.38      -0.286     0.053     15     -1    41.28
    -30.5200           9     1494.16      4.55       67.71      8.39     -0.0892    0.0516      0.0254    0.0848      0.0000    0.0000      0.0000    0.0000     7613.67   1565.35      -0.282     0.058     15     -1    40.58
    -29.1000          10     1489.25      4.36       70.10      7.25     -0.0846    0.0480     -0.0110    0.0702      0.0000    0.0000      0.0000    0.0000     8445.90   1748.85      -0.318     0.063     15     -1    41.62
    -27.6700          11     1493.99      4.20       55.79      8.69     -0.0713    0.0560      0.0041    0.1015      0.0000    0.0000      0.0000    0.0000     9577.74   1758.27      -0.359     0.059     15     -1    43.70
    -26.4200          12     1489.21      5.55       59.72      7.82     -0.0448    0.0710      0.0864    0.0825      0.0000    0.0000      0.0000    0.0000     7590.62   1543.44      -0.259     0.057     15     -1    41.09
    -25.3500          13     1486.55      4.56       64.67      8.10     -0.1167    0.0536      0.0356    0.0852      0.0000    0.0000      0.0000    0.0000     8382.31   1687.08      -0.282     0.062     15     -1    42.05
    -24.2800          14     1481.67      4.43       70.94      7.72     -0.0623    0.0484      0.0434    0.0728      0.0000    0.0000      0.0000    0.0000     8513.38   1783.50      -0.324     0.064     15     -1    44.22
    -23.2000          15     1483.08      4.33       66.29      7.83     -0.0882    0.0500      0.0383    0.0803      0.0000    0.0000      0.0000    0.0000     9683.48   1830.23      -0.384     0.059     15     -1    45.59
    -22.1300          16     1484.78      4.12       69.75      7.00     -0.0953    0.0448      0.0573    0.0672      0.0000    0.0000      0.0000    0.0000     6645.35   1159.72      -0.245     0.043     15     -1    48.17
    -21.0600          17     1481.08      4.16       74.35      6.52     -0.1120    0.0456      0.0015    0.0633      0.0000    0.0000      0.0000    0.0000     9318.62   1548.81      -0.333     0.055     15     -1    51.28
    -19.9900          18     1482.32      4.00       72.92      6.46     -0.1252    0.0431      0.0462    0.0617      0.0000    0.0000      0.0000    0.0000     7414.67   1203.80      -0.269     0.044     15     -1    53.56
    -18.9200          19     1472.68      3.66       75.25      6.41     -0.0553    0.0402      0.0461    0.0600      0.0000    0.0000      0.0000    0.0000     7550.15   1108.00      -0.237     0.044     15     -1    54.84
    -17.8500          20     1467.21      3.25       85.72      5.12     -0.0851    0.0308      0.0277    0.0421      0.0000    0.0000      0.0000    0.0000     9546.52   1223.40      -0.250     0.044     15     -1    60.24
    -16.7800          21     1462.86      3.14       83.02      4.90     -0.0880    0.0309      0.0223    0.0419      0.0000    0.0000      0.0000    0.0000    10629.91   1241.48      -0.307     0.035     15     -1    63.54
    -15.7100          22     1457.07      2.83       88.09      4.12     -0.0722    0.0266     -0.0101    0.0333      0.0000    0.0000      0.0000    0.0000     8247.08   1033.30      -0.221     0.037     15     -1    66.52
    -14.6400          23     1451.50      2.72       90.63      4.34     -0.0630    0.0240      0.0619    0.0329      0.0000    0.0000      0.0000    0.0000     8931.64    993.65      -0.194     0.038     15     -1    71.83
    -13.5700          24     1443.47      2.66       95.94      4.21     -0.0743    0.0232      0.0382    0.0316      0.0000    0.0000      0.0000    0.0000     9287.55   1000.45      -0.235     0.037     15     -1    73.30
    -12.4900          25     1432.98      2.49      100.43      4.23     -0.0271    0.0212      0.0717    0.0298      0.0000    0.0000      0.0000    0.0000    10336.79    946.22      -0.228     0.029     15     -1    78.68
    -11.4200          26     1431.02      2.35      104.39      3.70     -0.0619    0.0193      0.0317    0.0258      0.0000    0.0000      0.0000    0.0000     8079.96    770.56      -0.167     0.032     15     -1    79.17
    -10.3500          27     1425.66      2.25      106.53      3.52     -0.0374    0.0179      0.0472    0.0234      0.0000    0.0000      0.0000    0.0000    12066.05   1318.72      -0.286     0.027     15     -1    84.11
     -9.2800          28     1418.54      2.18      120.26      3.16     -0.0712    0.0151      0.0318    0.0186      0.0000    0.0000      0.0000    0.0000     9881.52    828.66      -0.216     0.029     15     -1    91.59
     -8.2100          29     1405.21      1.95      128.39      2.83     -0.0673    0.0132      0.0317    0.0163      0.0000    0.0000      0.0000    0.0000    10745.47    761.94      -0.206     0.023     15     -1   100.81
     -7.1400          30     1401.16      1.79      138.41      2.72     -0.0495    0.0111      0.0558    0.0141      0.0000    0.0000      0.0000    0.0000    13992.22   1184.89      -0.180     0.022     15     -1   103.65
     -6.0700          31     1394.74      1.66      150.66      2.42     -0.0647    0.0097      0.0477    0.0117      0.0000    0.0000      0.0000    0.0000    12426.61    886.24      -0.146     0.019     15     -1   117.35
     -5.0000          32     1383.42      1.54      164.41      2.10     -0.0719    0.0083      0.0286    0.0096      0.0000    0.0000      0.0000    0.0000    10905.47    584.14      -0.105     0.018     15     -1   120.63
     -3.9300          33     1371.40      1.43      173.96      1.88     -0.0505    0.0072      0.0261    0.0081      0.0000    0.0000      0.0000    0.0000    13237.55    814.18      -0.125     0.016     15     -1   134.48
     -2.8600          34     1349.81      1.30      188.44      1.72     -0.0545    0.0062      0.0266    0.0070      0.0000    0.0000      0.0000    0.0000    11549.16    550.43      -0.073     0.015     15     -1   145.23
     -1.7800          35     1332.37      1.28      193.18      1.73     -0.0432    0.0057      0.0514    0.0066      0.0000    0.0000      0.0000    0.0000    11882.73    531.82      -0.059     0.015     15     -1   154.48
     -0.7100          36     1306.67      1.16      195.86      1.53     -0.0350    0.0053      0.0309    0.0059      0.0000    0.0000      0.0000    0.0000    10877.63    436.83      -0.030     0.014     15     -1   155.95
      0.3600          37     1286.90      1.15      196.63      1.54     -0.0198    0.0053      0.0325    0.0059      0.0000    0.0000      0.0000    0.0000    10446.68    470.47      -0.009     0.014     15     -1   160.87
      1.4300          38     1263.60      1.17      190.83      1.62     -0.0051    0.0056      0.0390    0.0063      0.0000    0.0000      0.0000    0.0000    10354.58    471.61      -0.020     0.014     15     -1   156.50
      2.5000          39     1244.04      1.24      182.42      1.72      0.0204    0.0061      0.0415    0.0069      0.0000    0.0000      0.0000    0.0000    11168.85    499.49      -0.060     0.016     15     -1   144.98
      3.5700          40     1230.09      1.34      174.63      1.85      0.0136    0.0069      0.0364    0.0079      0.0000    0.0000      0.0000    0.0000    11335.62    550.92      -0.078     0.017     15     -1   140.35
      4.6400          41     1215.31      1.45      165.25      2.03      0.0197    0.0080      0.0318    0.0091      0.0000    0.0000      0.0000    0.0000    11901.32    723.07      -0.096     0.018     15     -1   125.53
      5.7100          42     1209.55      1.62      149.95      2.16      0.0215    0.0094      0.0153    0.0111      0.0000    0.0000      0.0000    0.0000    14093.27   1153.72      -0.210     0.022     15     -1   118.29
      6.7800          43     1199.84      1.72      136.16      2.51      0.0318    0.0109      0.0359    0.0134      0.0000    0.0000      0.0000    0.0000    10459.96    706.12      -0.164     0.022     15     -1   112.18
      7.8500          44     1189.01      1.88      132.32      2.81      0.0387    0.0122      0.0438    0.0154      0.0000    0.0000      0.0000    0.0000    10252.22    744.89      -0.160     0.024     15     -1   103.27
      8.9200          45     1186.69      2.02      116.96      3.30      0.0386    0.0145      0.0752    0.0199      0.0000    0.0000      0.0000    0.0000     9359.48    768.51      -0.148     0.028     15     -1    98.24
     10.0000          46     1183.87      2.15      111.39      3.29     -0.0006    0.0161      0.0535    0.0207      0.0000    0.0000      0.0000    0.0000    12156.57   1224.25      -0.229     0.027     15     -1    90.95
     11.0700          47     1174.73      2.31      106.34      3.42     -0.0039    0.0180      0.0425    0.0226      0.0000    0.0000      0.0000    0.0000    10607.88    971.63      -0.238     0.029     15     -1    86.01
     12.1400          48     1163.76      2.38      104.73      3.54      0.0312    0.0188      0.0337    0.0239      0.0000    0.0000      0.0000    0.0000    11961.30   1444.71      -0.262     0.029     15     -1    77.86
     13.2100          49     1155.28      2.55       96.94      4.21      0.0391    0.0223      0.0355    0.0312      0.0000    0.0000      0.0000    0.0000    12251.28   1657.17      -0.284     0.029     15     -1    75.15
     14.2800          50     1152.25      2.60       94.00      3.74     -0.0029    0.0231      0.0025    0.0280      0.0000    0.0000      0.0000    0.0000    12095.44   1554.42      -0.295     0.033     15     -1    71.94
     15.3500          51     1141.99      2.75       86.98      4.27      0.0590    0.0253      0.0375    0.0341      0.0000    0.0000      0.0000    0.0000    10481.73   1147.41      -0.242     0.034     15     -1    71.12
     16.4200          52     1137.91      2.92       82.68      4.73      0.0379    0.0287      0.0189    0.0398      0.0000    0.0000      0.0000    0.0000     9816.45   1214.09      -0.264     0.042     15     -1    64.01
     17.4900          53     1139.76      3.30       80.92      5.63      0.0329    0.0326      0.0733    0.0472      0.0000    0.0000      0.0000    0.0000    11788.53   1793.64      -0.322     0.040     15     -1    62.71
     18.5600          54     1130.11      3.39       72.70      5.56      0.0296    0.0364      0.0558    0.0500      0.0000    0.0000      0.0000    0.0000     9395.82   1368.61      -0.283     0.049     15     -1    56.95
     19.6300          55     1122.86      3.81       73.08      6.44      0.0403    0.0406      0.0727    0.0586      0.0000    0.0000      0.0000    0.0000     6921.35   1057.49      -0.221     0.039     15     -1    54.81
     20.7100          56     1119.31      3.74       72.49      6.31      0.0885    0.0399      0.0354    0.0597      0.0000    0.0000      0.0000    0.0000     7640.43   1353.31      -0.248     0.055     15     -1    52.34
     21.7800          57     1120.70      3.77       73.74      6.39      0.0537    0.0394      0.0112    0.0596      0.0000    0.0000      0.0000    0.0000     9459.91   1683.85      -0.336     0.059     15     -1    49.72
     22.8500          58     1112.79      4.22       74.01      6.70      0.0961    0.0441      0.0045    0.0635      0.0000    0.0000      0.0000    0.0000     8415.27   1748.90      -0.335     0.063     15     -1    48.72
     23.9200          59     1103.98      4.32       67.30      7.31      0.1113    0.0484      0.0433    0.0746      0.0000    0.0000      0.0000    0.0000     9497.31   1877.09      -0.343     0.064     15     -1    45.40
     24.9900          60     1107.74      4.59       66.00      7.81      0.0628    0.0534      0.0423    0.0785      0.0000    0.0000      0.0000    0.0000     9618.75   1924.42      -0.350     0.065     15     -1    45.52
     26.0600          61     1107.94      4.47       71.41      7.70      0.0708    0.0473      0.0395    0.0731      0.0000    0.0000      0.0000    0.0000     7547.15   1650.06      -0.282     0.060     15     -1    42.75
     27.1300          62     1103.04      4.50       66.03      8.45      0.0567    0.0510      0.0123    0.0864      0.0000    0.0000      0.0000    0.0000     7131.03   1559.96      -0.308     0.057     15     -1    41.24
     28.2000          63     1104.49      4.88       65.83      7.87      0.1053    0.0566     -0.0190    0.0812      0.0000    0.0000      0.0000    0.0000     4995.71   1133.84      -0.216     0.054     15     -1    40.17
     29.4500          64     1103.97      4.10       60.85      8.19      0.0606    0.0494      0.0154    0.0879      0.0000    0.0000      0.0000    0.0000     9367.70   1865.18      -0.352     0.064     15     -1    42.41
     30.8800          65     1101.93      4.67       59.28      7.73      0.0817    0.0610     -0.0341    0.0837      0.0000    0.0000      0.0000    0.0000     8529.57   1910.55      -0.335     0.067     15     -1    41.49
     32.3100          66     1099.71      4.91       56.96      8.80      0.1136    0.0653     -0.0216    0.0997      0.0000    0.0000      0.0000    0.0000     7907.45   1907.91      -0.377     0.063     15     -1    38.98
     33.7400          67     1096.32      4.93       58.66      9.35      0.0878    0.0653     -0.0339    0.1057      0.0000    0.0000      0.0000    0.0000    12115.05   3351.90      -0.423     0.060     15     -1    40.03
     35.3400          68     1104.69      5.32       50.56      8.46      0.0278    0.0768      0.0291    0.0974      0.0000    0.0000      0.0000    0.0000     6680.69   1314.80      -0.331     0.049     15     -1    39.37
     37.1300          69     1102.75      4.73       60.38      7.63      0.0605    0.0604     -0.0362    0.0792      0.0000    0.0000      0.0000    0.0000     5653.78    971.34      -0.220     0.052     15     -1    38.62
     39.0900          70     1103.95      4.70       61.84      7.61      0.1010    0.0599     -0.0338    0.0805      0.0000    0.0000      0.0000    0.0000     7649.29   1652.68      -0.299     0.058     15     -1    40.16
     41.4100          71     1105.62      4.13       49.26     10.07      0.0632    0.0590     -0.0082    0.1268      0.0000    0.0000      0.0000    0.0000     8080.12   1680.17      -0.287     0.061     15     -1    38.57
     44.0900          72     1102.78      4.39       47.66     11.15      0.0560    0.0674     -0.0206    0.1409      0.0000    0.0000      0.0000    0.0000    12989.24   3438.56      -0.439     0.052     15     -1    38.19
     47.1200          73     1110.85      5.24       52.69      9.22      0.1127    0.0780     -0.0517    0.1083      0.0000    0.0000      0.0000    0.0000     8335.12   2075.21      -0.381     0.070     15     -1    36.50
     50.6900          74     1109.01      5.67       46.41     10.65      0.0811    0.0934     -0.0489    0.1261      0.0000    0.0000      0.0000    0.0000     7651.52   1766.18      -0.347     0.060     15     -1    34.46
     55.5100          75     1123.90      6.45       38.45     15.27      0.0147    0.1192     -0.0089    0.2068      0.0000    0.0000      0.0000    0.0000     8493.40   2053.91      -0.373     0.068     15     -1    32.53
     66.4000          76     1138.43      7.73       34.61     14.98     -0.0282    0.1471      0.0354    0.1917      0.0000    0.0000      0.0000    0.0000     6402.09   1750.72      -0.461     0.062     15     -1    27.42
