#SVE points (r, sigmaR, sigmaZ, sigmaPhi, sigmaMajRestored)
25.1  108.437891524  54.2189457622  83.8539432011  64.1125037023
25.2  108.388729145  54.1943645724  83.7714711482  64.073630462
25.3  108.339589054  54.1697945269  83.6893208807  64.034888758
25.4  108.290471241  54.1452356207  83.6074905594  63.9962771324
25.5  108.241375698  54.1206878488  83.5259783544  63.9577941447
25.6  108.192302412  54.096151206  83.4447824453  63.9194383716
25.7  108.143251375  54.0716256874  83.3639010213  63.8812084071
25.8  108.094222576  54.0471112879  83.2833322809  63.843102862
25.9  108.045216005  54.0226080025  83.203074432  63.805120364
26.0  107.996231652  53.9981158261  83.1231256917  63.767259557
26.1  107.947269507  53.9736347537  83.0434842866  63.7295191015
26.2  107.898329561  53.9491647803  82.9641484525  63.691897674
26.3  107.849411802  53.9247059008  82.8851164344  63.6543939671
26.4  107.80051622  53.9002581102  82.8063864864  63.6170066889
26.5  107.751642807  53.8758214034  82.7279568721  63.5797345634
26.6  107.702791551  53.8513957756  82.6498258639  63.5425763298
26.7  107.653962443  53.8269812215  82.5719917435  63.5055307425
26.8  107.605155472  53.8025777362  82.4944528014  63.4685965711
26.9  107.556370629  53.7781853147  82.4172073375  63.4317725999
27.0  107.507607904  53.753803952  82.3402536605  63.395057628
27.1  107.458867286  53.7294336431  82.263590088  63.358450469
27.2  107.410148766  53.7050743828  82.1872149466  63.3219499508
27.3  107.361452333  53.6807261664  82.1111265719  63.2855549155
27.4  107.312777977  53.6563889886  82.0353233081  63.2492642193
27.5  107.264125689  53.6320628446  81.9598035085  63.2130767321
27.6  107.215495459  53.6077477293  81.8845655351  63.1769913376
27.7  107.166887275  53.5834436377  81.8096077585  63.141006933
27.8  107.11830113  53.5591505648  81.7349285583  63.1051224288
27.9  107.069737011  53.5348685056  81.6605263225  63.0693367488
28.0  107.02119491  53.5105974552  81.5863994479  63.0336488298
28.1  106.972674817  53.4863374086  81.5125463401  62.9980576215
28.2  106.924176721  53.4620883606  81.4389654129  62.9625620863
28.3  106.875700613  53.4378503065  81.3656550889  62.9271611993
28.4  106.827246482  53.4136232411  81.2926137993  62.891853948
28.5  106.778814319  53.3894071595  81.2198399835  62.8566393322
28.6  106.730404114  53.3652020568  81.1473320896  62.8215163637
28.7  106.682015856  53.3410079279  81.075088574  62.7864840666
28.8  106.633649536  53.3168247679  81.0031079014  62.7515414766
28.9  106.585305143  53.2926525717  80.9313885451  62.7166876412
29.0  106.536982669  53.2684913345  80.8599289865  62.6819216197
29.1  106.488682102  53.2443410512  80.7887277153  62.6472424824
29.2  106.440403434  53.220201717  80.7177832295  62.6126493113
29.3  106.392146653  53.1960733267  80.6470940354  62.5781411994
29.4  106.343911751  53.1719558756  80.5766586473  62.5437172508
29.5  106.295698717  53.1478493585  80.5064755876  62.5093765805
29.6  106.247507541  53.1237537706  80.4365433871  62.4751183142
29.7  106.199338214  53.0996691068  80.3668605845  62.4409415884
29.8  106.151190725  53.0755953623  80.2974257264  62.4068455499
29.9  106.103065064  53.0515325321  80.2282373677  62.3728293562
30.0  106.054961223  53.0274806113  80.159294071  62.3388921747
30.0  106.054961223  53.0274806113  80.159294071  62.3388921747
30.1  106.00687919  53.0034395948  80.090594407  62.3050331833
30.2  105.958818956  52.9794094778  80.0221369543  62.2712515698
30.3  105.910780511  52.9553902553  79.9539202993  62.2375465317
30.4  105.862763845  52.9313819224  79.8859430363  62.2039172767
30.5  105.814768948  52.9073844741  79.8182037674  62.1703630218
30.6  105.766795811  52.8833979055  79.7507011024  62.1368829937
30.7  105.718844423  52.8594222116  79.683433659  62.1034764286
30.8  105.670914775  52.8354573876  79.6164000624  62.0701425719
30.9  105.623006857  52.8115034285  79.5495989455  62.0368806783
31.0  105.575120659  52.7875603294  79.4830289491  62.0036900116
31.1  105.527256171  52.7636280854  79.4166887213  61.9705698445
31.2  105.479413383  52.7397066915  79.3505769179  61.9375194587
31.3  105.431592286  52.7157961428  79.2846922021  61.9045381446
31.4  105.383792869  52.6918964344  79.2190332449  61.8716252014
31.5  105.336015123  52.6680075614  79.1535987245  61.8387799366
31.6  105.288259038  52.6441295189  79.0883873266  61.8060016664
31.7  105.240524604  52.6202623019  79.0233977443  61.7732897154
31.8  105.192811811  52.5964059056  78.9586286782  61.7406434162
31.9  105.14512065  52.5725603251  78.8940788361  61.7080621098
32.0  105.097451111  52.5487255554  78.8297469332  61.6755451451
32.1  105.049803183  52.5249015916  78.7656316918  61.643091879
32.2  105.002176858  52.5010884289  78.7017318416  61.6107016765
32.3  104.954572125  52.4772860623  78.6380461194  61.5783739099
32.4  104.906988974  52.453494487  78.5745732694  61.5461079597
32.5  104.859427396  52.4297136981  78.5113120426  61.5139032136
32.6  104.811887381  52.4059436906  78.4482611974  61.4817590669
32.7  104.764368919  52.3821844597  78.3854194991  61.4496749224
32.8  104.716872001  52.3584360005  78.32278572  61.4176501901
32.9  104.669396616  52.3346983082  78.2603586398  61.3856842873
33.0  104.621942755  52.3109713777  78.1981370446  61.3537766383
33.1  104.574510409  52.2872552044  78.1361197279  61.3219266747
33.2  104.527099566  52.2635497832  78.0743054898  61.2901338347
33.3  104.479710218  52.2398551092  78.0126931376  61.2583975637
33.4  104.432342356  52.2161711778  77.9512814852  61.2267173138
33.5  104.384995968  52.1924979839  77.8900693533  61.1950925438
33.6  104.337671045  52.1688355227  77.8290555697  61.163522719
33.7  104.290367579  52.1451837893  77.7682389685  61.1320073114
33.8  104.243085558  52.1215427788  77.7076183909  61.1005457995
33.9  104.195824973  52.0979124865  77.6471926845  61.0691376681
34.0  104.148585815  52.0742929074  77.5869607039  61.0377824082
34.1  104.101368073  52.0506840367  77.52692131  61.0064795174
34.2  104.054171739  52.0270858696  77.4670733704  60.975228499
34.3  104.006996802  52.0034984011  77.4074157594  60.9440288628
34.4  103.959843253  51.9799216264  77.3479473576  60.9128801242
34.5  103.912711081  51.9563555407  77.2886670522  60.881781805
34.6  103.865600278  51.9328001392  77.229573737  60.8507334324
34.7  103.818510834  51.9092554169  77.170666312  60.8197345398
34.8  103.771442738  51.8857213691  77.1119436838  60.7887846659
34.9  103.724395982  51.8621979909  77.0534047652  60.7578833555
35.0  103.677370555  51.8386852775  76.9950484756  60.7270301586
35.1  103.630366448  51.815183224  76.9368737404  60.6962246309
35.2  103.583383651  51.7916918256  76.8788794915  60.6654663336
35.3  103.536422155  51.7682110774  76.8210646671  60.6347548331
35.4  103.489481949  51.7447409747  76.7634282113  60.6040897012
35.5  103.442563025  51.7212815127  76.7059690748  60.573470515
35.6  103.395665373  51.6978326864  76.6486862141  60.5428968568
35.7  103.348788982  51.6743944911  76.5915785921  60.5123683138
35.8  103.301933844  51.650966922  76.5346451776  60.4818844785
35.9  103.255099948  51.6275499741  76.4778849456  60.4514449483
36.0  103.208287286  51.6041436428  76.4212968771  60.4210493256
36.1  103.161495847  51.5807479233  76.3648799591  60.3906972174
36.2  103.114725621  51.5573628106  76.3086331846  60.360388236
36.3  103.0679766  51.5339883  76.2525555525  60.3301219979
36.4  103.021248773  51.5106243866  76.1966460677  60.2998981248
36.5  102.974542132  51.4872710658  76.1409037408  60.2697162427
36.6  102.927856665  51.4639283326  76.0853275886  60.2395759824
36.7  102.881192365  51.4405961823  76.0299166333  60.2094769789
36.8  102.83454922  51.41727461  75.9746699033  60.179418872
36.9  102.787927222  51.3939636111  75.9195864325  60.1494013059
37.0  102.741326361  51.3706631806  75.8646652607  60.1194239288
37.1  102.694746628  51.3473733138  75.8099054333  60.0894863937
37.2  102.648188012  51.3240940059  75.7553060014  60.0595883575
37.3  102.601650504  51.3008252521  75.7008660219  60.0297294814
37.4  102.555134095  51.2775670477  75.6465845571  59.9999094308
37.5  102.508638776  51.2543193878  75.5924606751  59.9701278751
37.6  102.462164535  51.2310822677  75.5384934493  59.9403844878
37.7  102.415711365  51.2078556826  75.484681959  59.9106789465
37.8  102.369279255  51.1846396277  75.4310252887  59.8810109325
37.9  102.322868196  51.1614340982  75.3775225286  59.8513801313
38.0  102.276478179  51.1382390894  75.3241727741  59.8217862319
38.1  102.230109193  51.1150545965  75.2709751263  59.7922289275
38.2  102.183761229  51.0918806147  75.2179286916  59.7627079147
38.3  102.137434279  51.0687171393  75.1650325817  59.7332228939
38.4  102.091128331  51.0455641655  75.1122859136  59.7037735695
38.5  102.044843377  51.0224216886  75.0596878097  59.6743596489
38.6  101.998579407  50.9992897037  75.0072373979  59.6449808437
38.7  101.952336412  50.9761682061  74.9549338108  59.6156368686
38.8  101.906114382  50.9530571911  74.9027761869  59.5863274419
38.9  101.859913308  50.929956654  74.8507636693  59.5570522855
39.0  101.81373318  50.9068665898  74.7988954066  59.5278111244
39.1  101.767573988  50.8837869941  74.7471705526  59.4986036873
39.2  101.721435724  50.8607178619  74.695588266  59.469429706
39.3  101.675318377  50.8376591885  74.6441477108  59.4402889155
39.4  101.629221938  50.8146109692  74.5928480558  59.4111810543
39.5  101.583146398  50.7915731992  74.5416884751  59.3821058639
39.6  101.537091748  50.7685458739  74.4906681477  59.353063089
39.7  101.491057977  50.7455289885  74.4397862575  59.3240524775
39.8  101.445045076  50.7225225381  74.3890419936  59.2950737802
39.9  101.399053036  50.6995265182  74.3384345498  59.266126751
40.0  101.353081848  50.676540924  74.287963125  59.237211147
40.1  101.307131502  50.6535657508  74.2376269226  59.208326728
40.2  101.261201987  50.6306009937  74.1874251514  59.1794732568
40.3  101.215293296  50.6076466482  74.1373570246  59.1506504992
40.4  101.169405419  50.5847027095  74.0874217603  59.1218582238
40.5  101.123538346  50.5617691728  74.0376185816  59.0930962019
40.6  101.077692067  50.5388460335  73.9879467159  59.0643642078
40.7  101.031866574  50.5159332868  73.9384053958  59.0356620184
40.8  100.986061856  50.4930309281  73.8889938583  59.0069894133
40.9  100.940277905  50.4701389526  73.8397113451  58.9783461749
41.0  100.894514711  50.4472573556  73.7905571027  58.9497320882
41.1  100.848772265  50.4243861324  73.741530382  58.9211469407
41.2  100.803050557  50.4015252783  73.6926304387  58.8925905227
41.3  100.757349577  50.3786747886  73.6438565329  58.8640626269
41.4  100.711669317  50.3558346586  73.5952079294  58.8355630485
41.5  100.666009767  50.3330048836  73.5466838974  58.8070915854
41.6  100.620370918  50.3101854589  73.4982837106  58.7786480377
41.7  100.57475276  50.2873763799  73.4500066473  58.7502322081
41.8  100.529155284  50.2645776418  73.40185199  58.7218439015
41.9  100.48357848  50.2417892399  73.3538190259  58.6934829254
42.0  100.438022339  50.2190111696  73.3059070464  58.6651490896
42.1  100.392486852  50.1962434261  73.2581153473  58.6368422061
42.2  100.34697201  50.1734860049  73.2104432289  58.6085620891
42.3  100.301477802  50.1507389011  73.1628899955  58.5803085554
42.4  100.25600422  50.1280021102  73.1154549561  58.5520814237
42.5  100.210551255  50.1052756274  73.0681374237  58.523880515
42.6  100.165118896  50.0825594481  73.0209367156  58.4957056524
42.7  100.119707135  50.0598535677  72.9738521533  58.4675566614
42.8  100.074315963  50.0371579814  72.9268830627  58.4394333693
42.9  100.028945369  50.0144726845  72.8800287736  58.4113356056
43.0  99.9835953449  49.9917976725  72.8332886202  58.383263202
43.1  99.9382658811  49.9691329406  72.7866619406  58.3552159921
43.2  99.8929569683  49.9464784842  72.7401480772  58.3271938114
43.3  99.8476685972  49.9238342986  72.6937463764  58.2991964977
43.4  99.8024007584  49.9012003792  72.6474561887  58.2712238904
43.5  99.7571534426  49.8785767213  72.6012768686  58.2432758312
43.6  99.7119266405  49.8559633203  72.5552077746  58.2153521634
43.7  99.6667203429  49.8333601715  72.5092482693  58.1874527324
43.8  99.6215345405  49.8107672702  72.4633977191  58.1595773854
43.9  99.5763692238  49.7881846119  72.4176554945  58.1317259715
44.0  99.5312243837  49.7656121919  72.37202097  58.1038983414
44.1  99.4861000109  49.7430500055  72.3264935236  58.0760943478
44.2  99.4409960961  49.7204980481  72.2810725377  58.0483138452
44.3  99.39591263  49.697956315  72.2357573983  58.0205566897
44.4  99.3508496034  49.6754248017  72.1905474951  57.9928227393
44.5  99.3058070069  49.6529035034  72.1454422219  57.9651118536
44.6  99.2607848313  49.6303924157  72.1004409761  57.9374238939
44.7  99.2157830674  49.6078915337  72.0555431589  57.9097587232
44.8  99.1708017059  49.585400853  72.0107481754  57.8821162061
44.9  99.1258407376  49.5629203688  71.9660554343  57.8544962089
45.0  99.0809001532  49.5404500766  71.921464348  57.8268985995
45.1  99.0359799434  49.5179899717  71.8769743325  57.7993232472
45.2  98.9910800991  49.4955400495  71.8325848077  57.7717700231
45.3  98.946200611  49.4731003055  71.7882951969  57.7442387997
45.4  98.9013414698  49.4506707349  71.7441049273  57.7167294512
45.5  98.8565026664  49.4282513332  71.7000134294  57.6892418532
45.6  98.8116841915  49.4058420957  71.6560201374  57.6617758827
45.7  98.7668860359  49.383443018  71.6121244891  57.6343314182
45.8  98.7221081904  49.3610540952  71.5683259259  57.6069083399
45.9  98.6773506458  49.3386753229  71.5246238925  57.5795065291
46.0  98.6326133929  49.3163066965  71.4810178373  57.5521258687
46.1  98.5878964225  49.2939482112  71.4375072121  57.524766243
46.2  98.5431997253  49.2715998627  71.3940914721  57.4974275375
46.3  98.4985232923  49.2492616461  71.3507700761  57.4701096394
46.4  98.4538671141  49.2269335571  71.3075424861  57.442812437
46.5  98.4092311817  49.2046155909  71.2644081676  57.4155358199
46.6  98.3646154859  49.1823077429  71.2213665896  57.3882796791
46.7  98.3200200174  49.1600100087  71.1784172242  57.361043907
46.8  98.2754447671  49.1377223836  71.135559547  57.3338283971
46.9  98.2308897259  49.1154448629  71.092793037  57.3066330443
47.0  98.1863548845  49.0931774422  71.0501171762  57.2794577446
47.1  98.1418402338  49.0709201169  71.0075314503  57.2523023954
47.2  98.0973457647  49.0486728824  70.9650353478  57.2251668953
47.3  98.0528714681  49.026435734  70.9226283608  57.1980511439
47.4  98.0084173347  49.0042086673  70.8803099844  57.1709550422
47.5  97.9639833554  48.9819916777  70.838079717  57.1438784923
47.6  97.9195695211  48.9597847605  70.7959370602  57.1168213975
47.7  97.8751758226  48.9375879113  70.7538815187  57.0897836622
47.8  97.8308022509  48.9154011255  70.7119126003  57.062765192
47.9  97.7864487968  48.8932243984  70.6700298161  57.0357658934
48.0  97.7421154512  48.8710577256  70.6282326802  57.0087856744
48.1  97.6978022049  48.8489011025  70.5865207097  56.9818244436
48.2  97.6535090489  48.8267545245  70.5448934249  56.9548821111
48.3  97.6092359741  48.804617987  70.5033503491  56.9279585878
48.4  97.5649829712  48.7824914856  70.4618910086  56.9010537857
48.5  97.5207500314  48.7603750157  70.4205149329  56.874167618
48.6  97.4765371453  48.7382685727  70.3792216542  56.8472999986
48.7  97.432344304  48.716172152  70.3380107079  56.8204508428
48.8  97.3881714984  48.6940857492  70.2968816323  56.7936200666
48.9  97.3440187194  48.6720093597  70.2558339686  56.7668075871
49.0  97.2998859578  48.6499429789  70.214867261  56.7400133224
49.1  97.2557732047  48.6278866024  70.1739810565  56.7132371914
49.2  97.211680451  48.6058402255  70.1331749051  56.6864791141
49.3  97.1676076875  48.5838038437  70.0924483596  56.6597390114
49.4  97.1235549052  48.5617774526  70.0518009758  56.6330168052
49.5  97.0795220952  48.5397610476  70.0112323121  56.6063124182
49.6  97.0355092482  48.5177546241  69.9707419298  56.5796257739
49.7  96.9915163553  48.4957581776  69.9303293932  56.552956797
49.8  96.9475434074  48.4737717037  69.8899942692  56.5263054128
49.9  96.9035903955  48.4517951977  69.8497361275  56.4996715476
50.0  96.8596573105  48.4298286553  69.8095545404  56.4730551285
50.1  96.8157441434  48.4078720717  69.7694490833  56.4464560836
50.2  96.7718508852  48.3859254426  69.7294193341  56.4198743416
50.3  96.7279775268  48.3639887634  69.6894648733  56.3933098321
50.4  96.6841240593  48.3420620296  69.6495852842  56.3667624857
50.5  96.6402904735  48.3201452368  69.6097801529  56.3402322335
50.6  96.5964767606  48.2982383803  69.570049068  56.3137190077
50.7  96.5526829114  48.2763414557  69.5303916207  56.287222741
50.8  96.508908917  48.2544544585  69.490807405  56.260743367
50.9  96.4651547683  48.2325773842  69.4512960172  56.2342808203
51.0  96.4214204565  48.2107102282  69.4118570566  56.2078350358
51.1  96.3777059724  48.1888529862  69.3724901247  56.1814059495
51.2  96.3340113071  48.1670056536  69.3331948258  56.1549934979
51.3  96.2903364516  48.1451682258  69.2939707666  56.1285976185
51.4  96.246681397  48.1233406985  69.2548175565  56.1022182493
51.5  96.2030461342  48.1015230671  69.2157348072  56.075855329
51.6  96.1594306543  48.0797153271  69.176722133  56.0495087972
51.7  96.1158349482  48.0579174741  69.1377791507  56.023178594
51.8  96.0722590072  48.0361295036  69.0989054795  55.9968646602
51.9  96.0287028221  48.014351411  69.0601007411  55.9705669374
52.0  95.985166384  47.992583192  69.0213645597  55.9442853678
52.1  95.941649684  47.970824842  68.9826965618  55.9180198943
52.2  95.8981527131  47.9490763566  68.9440963763  55.8917704602
52.3  95.8546754624  47.9273377312  68.9055636346  55.8655370099
52.4  95.811217923  47.9056089615  68.8670979703  55.839319488
52.5  95.7677800858  47.8838900429  68.8286990196  55.8131178399
52.6  95.724361942  47.862180971  68.790366421  55.7869320117
52.7  95.6809634827  47.8404817413  68.752099815  55.7607619501
52.8  95.6375846988  47.8187923494  68.7138988449  55.7346076021
52.9  95.5942255816  47.7971127908  68.6757631559  55.7084689157
53.0  95.5508861221  47.775443061  68.6376923958  55.6823458394
53.1  95.5075663113  47.7537831556  68.5996862144  55.656238322
53.2  95.4642661403  47.7321330702  68.5617442641  55.6301463132
53.3  95.4209856004  47.7104928002  68.5238661991  55.604069763
53.4  95.3777246825  47.6888623412  68.4860516762  55.5780086223
53.5  95.3344833777  47.6672416889  68.4483003543  55.5519628422
53.6  95.2912616772  47.6456308386  68.4106118945  55.5259323745
53.7  95.2480595721  47.6240297861  68.37298596  55.4999171716
53.8  95.2048770535  47.6024385267  68.3354222163  55.4739171864
53.9  95.1617141125  47.5808570562  68.2979203311  55.4479323722
54.0  95.1185707402  47.5592853701  68.2604799741  55.4219626829
54.1  95.0754469278  47.5377234639  68.2231008172  55.3960080729
54.2  95.0323426665  47.5161713332  68.1857825345  55.3700684973
54.3  94.9892579472  47.4946289736  68.148524802  55.3441439113
54.4  94.9461927612  47.4730963806  68.1113272981  55.318234271
54.5  94.9031470997  47.4515735498  68.0741897031  55.2923395326
54.6  94.8601209537  47.4300604768  68.0371116994  55.2664596532
54.7  94.8171143144  47.4085571572  68.0000929713  55.2405945901
54.8  94.774127173  47.3870635865  67.9631332054  55.2147443011
54.9  94.7311595207  47.3655797603  67.9262320903  55.1889087444
55.0  94.6882113485  47.3441056743  67.8893893164  55.1630878789
55.1  94.6452826478  47.3226413239  67.8526045764  55.1372816638
55.2  94.6023734095  47.3011867048  67.8158775647  55.1114900586
55.3  94.559483625  47.2797418125  67.7792079778  55.0857130235
55.4  94.5166132854  47.2583066427  67.7425955144  55.059950519
55.5  94.4737623819  47.2368811909  67.7060398747  55.0342025061
55.6  94.4309309056  47.2154654528  67.6695407613  55.0084689461
55.7  94.3881188478  47.1940594239  67.6330978784  54.9827498008
55.8  94.3453261997  47.1726630998  67.5967109322  54.9570450324
55.9  94.3025529524  47.1512764762  67.560379631  54.9313546036
56.0  94.2597990972  47.1298995486  67.5241036847  54.9056784774
56.1  94.2170646252  47.1085323126  67.4878828052  54.8800166171
56.2  94.1743495278  47.0871747639  67.4517167065  54.8543689867
56.3  94.131653796  47.065826898  67.415605104  54.8287355502
56.4  94.0889774212  47.0444887106  67.3795477154  54.8031162723
56.5  94.0463203945  47.0231601973  67.3435442599  54.7775111179
56.6  94.0036827072  47.0018413536  67.3075944587  54.7519200524
56.7  93.9610643505  46.9805321753  67.2716980348  54.7263430415
56.8  93.9184653157  46.9592326578  67.235854713  54.7007800513
56.9  93.8758855939  46.9379427969  67.2000642197  54.6752310481
57.0  93.8333251764  46.9166625882  67.1643262834  54.6496959988
57.1  93.7907840545  46.8953920273  67.1286406341  54.6241748705
57.2  93.7482622195  46.8741311097  67.0930070038  54.5986676307
57.3  93.7057596625  46.8528798313  67.0574251259  54.5731742472
57.4  93.6632763749  46.8316381874  67.0218947359  54.5476946882
57.5  93.6208123479  46.8104061739  66.9864155708  54.5222289222
57.6  93.5783675727  46.7891837864  66.9509873693  54.4967769179
57.7  93.5359420407  46.7679710204  66.915609872  54.4713386447
57.8  93.4935357431  46.7467678716  66.880282821  54.4459140718
57.9  93.4511486713  46.7255743356  66.84500596  54.4205031693
58.0  93.4087808164  46.7043904082  66.8097790348  54.395105907
58.1  93.3664321698  46.6832160849  66.7746017922  54.3697222555
58.2  93.3241027227  46.6620513613  66.7394739813  54.3443521855
58.3  93.2817924665  46.6408962332  66.7043953524  54.318995668
58.4  93.2395013925  46.6197506962  66.6693656576  54.2936526743
58.5  93.1972294919  46.5986147459  66.6343846506  54.2683231761
58.6  93.1549767561  46.577488378  66.5994520866  54.2430071453
58.7  93.1127431763  46.5563715882  66.5645677225  54.217704554
58.8  93.070528744  46.535264372  66.5297313168  54.1924153747
58.9  93.0283334504  46.5141667252  66.4949426296  54.1671395803
59.0  92.9861572868  46.4930786434  66.4602014224  54.1418771437
59.1  92.9440002446  46.4720001223  66.4255074583  54.1166280382
59.2  92.9018623151  46.4509311576  66.3908605021  54.0913922375
59.3  92.8597434896  46.4298717448  66.3562603201  54.0661697154
59.4  92.8176437595  46.4088218798  66.3217066798  54.0409604459
59.5  92.7755631161  46.3877815581  66.2871993507  54.0157644036
59.6  92.7335015508  46.3667507754  66.2527381035  53.9905815629
59.7  92.6914590549  46.3457295274  66.2183227104  53.9654118988
59.8  92.6494356197  46.3247178098  66.1839529452  53.9402553864
59.9  92.6074312366  46.3037156183  66.1496285832  53.9151120011
60.0  92.5654458971  46.2827229485  66.115349401  53.8899817186
60.0  92.5654458971  46.2827229485  66.115349401  53.8899817186
60.1  92.5234795924  46.2617397962  66.0811151767  53.8648645146
60.2  92.4815323139  46.240766157  66.04692569  53.8397603653
60.3  92.439604053  46.2198020265  66.0127807218  53.814669247
60.4  92.3976948011  46.1988474006  65.9786800547  53.7895911363
60.5  92.3558045496  46.1779022748  65.9446234725  53.76452601
60.6  92.3139332897  46.1569666449  65.9106107605  53.7394738451
60.7  92.2720810131  46.1360405065  65.8766417054  53.7144346189
60.8  92.2302477109  46.1151238555  65.8427160952  53.6894083088
60.9  92.1884333747  46.0942166873  65.8088337195  53.6643948925
61.0  92.1466379958  46.0733189979  65.774994369  53.639394348
61.1  92.1048615656  46.0524307828  65.741197836  53.6144066534
61.2  92.0631040756  46.0315520378  65.707443914  53.5894317869
61.3  92.0213655171  46.0106827585  65.6737323979  53.5644697271
61.4  91.9796458815  45.9898229408  65.6400630839  53.5395204528
61.5  91.9379451604  45.9689725802  65.6064357697  53.5145839429
61.6  91.8962633451  45.9481316726  65.572850254  53.4896601766
61.7  91.854600427  45.9273002135  65.5393063372  53.4647491331
61.8  91.8129563976  45.9064781988  65.5058038207  53.439850792
61.9  91.7713312484  45.8856656242  65.4723425072  53.4149651331
62.0  91.7297249706  45.8648624853  65.438922201  53.3900921363
62.1  91.6881375559  45.8440687779  65.4055427073  53.3652317817
62.2  91.6465689956  45.8232844978  65.3722038329  53.3403840495
62.3  91.6050192812  45.8025096406  65.3389053855  53.3155489202
62.4  91.5634884042  45.7817442021  65.3056471743  53.2907263745
62.5  91.521976356  45.760988178  65.2724290098  53.2659163933
62.6  91.480483128  45.740241564  65.2392507036  53.2411189575
62.7  91.4390087118  45.7195043559  65.2061120684  53.2163340483
62.8  91.3975530988  45.6987765494  65.1730129185  53.1915616471
62.9  91.3561162805  45.6780581403  65.1399530691  53.1668017355
63.0  91.3146982484  45.6573491242  65.1069323367  53.142054295
63.1  91.2732989939  45.636649497  65.073950539  53.1173193076
63.2  91.2319185086  45.6159592543  65.0410074949  53.0925967552
63.3  91.1905567839  45.5952783919  65.0081030245  53.0678866202
63.4  91.1492138113  45.5746069056  64.975236949  53.0431888848
63.5  91.1078895823  45.5539447912  64.9424090908  53.0185035315
63.6  91.0665840885  45.5332920442  64.9096192734  52.993830543
63.7  91.0252973213  45.5126486606  64.8768673217  52.969169902
63.8  90.9840292722  45.4920146361  64.8441530614  52.9445215917
63.9  90.9427799328  45.4713899664  64.8114763196  52.919885595
64.0  90.9015492946  45.4507746473  64.7788369244  52.8952618953
64.1  90.860337349  45.4301686745  64.7462347051  52.8706504759
64.2  90.8191440877  45.4095720438  64.7136694919  52.8460513204
64.3  90.7779695021  45.3889847511  64.6811411164  52.8214644125
64.4  90.7368135838  45.3684067919  64.6486494112  52.7968897361
64.5  90.6956763243  45.3478381622  64.6161942099  52.7723272751
64.6  90.6545577152  45.3272788576  64.5837753472  52.7477770136
64.7  90.613457748  45.306728874  64.5513926589  52.7232389359
64.8  90.5723764142  45.2861882071  64.5190459821  52.6987130264
64.9  90.5313137055  45.2656568527  64.4867351545  52.6741992695
65.0  90.4902696133  45.2451348066  64.4544600153  52.64969765
65.1  90.4492441292  45.2246220646  64.4222204045  52.6252081526
65.2  90.4082372448  45.2041186224  64.3900161632  52.6007307623
65.3  90.3672489516  45.1836244758  64.3578471336  52.576265464
65.4  90.3262792413  45.1631396207  64.3257131588  52.5518122428
65.5  90.2853281054  45.1426640527  64.2936140829  52.5273710842
65.6  90.2443955354  45.1221977677  64.2615497514  52.5029419735
65.7  90.203481523  45.1017407615  64.2295200102  52.4785248961
65.8  90.1625860598  45.0812930299  64.1975247067  52.4541198378
65.9  90.1217091373  45.0608545686  64.1655636891  52.4297267843
66.0  90.0808507471  45.0404253735  64.1336368065  52.4053457215
66.1  90.0400108808  45.0200054404  64.1017439093  52.3809766353
66.2  89.9991895301  44.9995947651  64.0698848484  52.3566195119
66.3  89.9583866865  44.9791933433  64.0380594762  52.3322743375
66.4  89.9176023417  44.9588011708  64.0062676456  52.3079410983
66.5  89.8768364872  44.9384182436  63.9745092107  52.2836197809
66.6  89.8360891147  44.9180445573  63.9427840265  52.2593103717
66.7  89.7953602158  44.8976801079  63.911091949  52.2350128574
66.8  89.7546497821  44.877324891  63.879432835  52.2107272248
66.9  89.7139578052  44.8569789026  63.8478065424  52.1864534606
67.0  89.6732842768  44.8366421384  63.81621293  52.1621915519
67.1  89.6326291886  44.8163145943  63.7846518573  52.1379414856
67.2  89.5919925321  44.7959962661  63.7531231849  52.113703249
67.3  89.551374299  44.7756871495  63.7216267744  52.0894768294
67.4  89.510774481  44.7553872405  63.6901624881  52.0652622139
67.5  89.4701930696  44.7350965348  63.6587301893  52.0410593902
67.6  89.4296300566  44.7148150283  63.6273297422  52.0168683457
67.7  89.3890854337  44.6945427168  63.5959610118  51.992689068
67.8  89.3485591924  44.6742795962  63.564623864  51.9685215449
67.9  89.3080513244  44.6540256622  63.5333181658  51.9443657643
68.0  89.2675618215  44.6337809107  63.5020437846  51.9202217139
68.1  89.2270906752  44.6135453376  63.4708005891  51.8960893819
68.2  89.1866378773  44.5933189387  63.4395884486  51.8719687562
68.3  89.1462034195  44.5731017097  63.4084072334  51.8478598251
68.4  89.1057872933  44.5528936467  63.3772568146  51.8237625769
68.5  89.0653894906  44.5326947453  63.346137064  51.7996769998
68.6  89.0250100031  44.5125050015  63.3150478544  51.7756030823
68.7  88.9846488223  44.4923244111  63.2839890594  51.7515408129
68.8  88.94430594  44.47215297  63.2529605534  51.7274901801
68.9  88.9039813479  44.451990674  63.2219622116  51.7034511728
69.0  88.8636750378  44.4318375189  63.19099391  51.6794237795
69.1  88.8233870013  44.4116935006  63.1600555254  51.6554079892
69.2  88.7831172301  44.3915586151  63.1291469354  51.6314037908
69.3  88.742865716  44.371432858  63.0982680186  51.6074111731
69.4  88.7026324507  44.3513162254  63.067418654  51.5834301254
69.5  88.6624174259  44.331208713  63.0365987217  51.5594606367
69.6  88.6222206334  44.3111103167  63.0058081024  51.5355026963
69.7  88.5820420648  44.2910210324  62.9750466777  51.5115562933
69.8  88.541881712  44.270940856  62.94431433  51.4876214173
69.9  88.5017395666  44.2508697833  62.9136109421  51.4636980575
70.0  88.4616156204  44.2308078102  62.8829363981  51.4397862036
70.1  88.4215098652  44.2107549326  62.8522905825  51.4158858451
70.2  88.3814222927  44.1907111463  62.8216733806  51.3919969715
70.3  88.3413528946  44.1706764473  62.7910846785  51.3681195727
70.4  88.3013016628  44.1506508314  62.760524363  51.3442536383
70.5  88.2612685889  44.1306342945  62.7299923217  51.3203991583
70.6  88.2212536648  44.1106268324  62.6994884428  51.2965561225
70.7  88.1812568823  44.0906284411  62.6690126154  51.2727245209
70.8  88.141278233  44.0706391165  62.638564729  51.2489043435
70.9  88.1013177088  44.0506588544  62.6081446743  51.2250955805
71.0  88.0613753015  44.0306876508  62.5777523423  51.2012982219
71.1  88.0214510029  44.0107255014  62.5473876249  51.1775122581
71.2  87.9815448046  43.9907724023  62.5170504145  51.1537376792
71.3  87.9416566986  43.9708283493  62.4867406045  51.1299744757
71.4  87.9017866767  43.9508933383  62.4564580888  51.1062226379
71.5  87.8619347305  43.9309673653  62.4262027619  51.0824821563
71.6  87.822100852  43.911050426  62.3959745193  51.0587530213
71.7  87.782285033  43.8911425165  62.3657732568  51.0350352237
71.8  87.7424872652  43.8712436326  62.335598871  51.011328754
71.9  87.7027075405  43.8513537702  62.3054512594  50.9876336029
72.0  87.6629458507  43.8314729253  62.2753303199  50.9639497611
72.1  87.6232021876  43.8116010938  62.2452359511  50.9402772195
72.2  87.583476543  43.7917382715  62.2151680522  50.9166159688
72.3  87.5437689088  43.7718844544  62.1851265233  50.8929660001
72.4  87.5040792768  43.7520396384  62.1551112649  50.8693273042
72.5  87.4644076389  43.7322038195  62.1251221782  50.8456998722
72.6  87.4247539869  43.7123769934  62.0951591652  50.8220836951
72.7  87.3851183126  43.6925591563  62.0652221282  50.798478764
72.8  87.3455006079  43.6727503039  62.0353109704  50.7748850702
72.9  87.3059008646  43.6529504323  62.0054255955  50.7513026048
73.0  87.2663190747  43.6331595373  61.975565908  50.727731359
73.1  87.2267552298  43.6133776149  61.9457318127  50.7041713242
73.2  87.1872093221  43.593604661  61.9159232153  50.6806224918
73.3  87.1476813431  43.5738406716  61.886140022  50.6570848532
73.4  87.108171285  43.5540856425  61.8563821396  50.6335583997
73.5  87.0686791395  43.5343395697  61.8266494754  50.6100431229
73.6  87.0292048985  43.5146024493  61.7969419376  50.5865390144
73.7  86.9897485539  43.494874277  61.7672594346  50.5630460657
73.8  86.9503100976  43.4751550488  61.7376018756  50.5395642684
73.9  86.9108895215  43.4554447607  61.7079691704  50.5160936143
74.0  86.8714868174  43.4357434087  61.6783612293  50.4926340951
74.1  86.8321019773  43.4160509886  61.6487779633  50.4691857025
74.2  86.7927349931  43.3963674965  61.6192192839  50.4457484283
74.3  86.7533858566  43.3766929283  61.589685103  50.4223222644
74.4  86.7140545598  43.3570272799  61.5601753333  50.3989072026
74.5  86.6747410946  43.3373705473  61.530689888  50.375503235
74.6  86.6354454529  43.3177227265  61.5012286808  50.3521103534
74.7  86.5961676267  43.2980838133  61.471791626  50.3287285499
74.8  86.5569076077  43.2784538039  61.4423786385  50.3053578165
74.9  86.5176653881  43.2588326941  61.4129896335  50.2819981453
75.0  86.4784409597  43.2392204798  61.3836245272  50.2586495285
75.1  86.4392343144  43.2196171572  61.3542832358  50.2353119582
75.2  86.4000454442  43.2000227221  61.3249656764  50.2119854265
75.3  86.360874341  43.1804371705  61.2956717666  50.1886699259
75.4  86.3217209967  43.1608604984  61.2664014243  50.1653654485
75.5  86.2825854034  43.1412927017  61.2371545682  50.1420719866
75.6  86.243467553  43.1217337765  61.2079311174  50.1187895326
75.7  86.2043674373  43.1021837187  61.1787309915  50.0955180789
75.8  86.1652850485  43.0826425242  61.1495541105  50.0722576178
75.9  86.1262203784  43.0631101892  61.1204003952  50.049008142
76.0  86.087173419  43.0435867095  61.0912697667  50.0257696437
76.1  86.0481441623  43.0240720811  61.0621621467  50.0025421157
76.2  86.0091326002  43.0045663001  61.0330774572  49.9793255503
76.3  85.9701387248  42.9850693624  61.004015621  49.9561199403
76.4  85.931162528  42.965581264  60.9749765611  49.9329252782
76.5  85.8922040018  42.9461020009  60.9459602012  49.9097415567
76.6  85.8532631382  42.9266315691  60.9169664655  49.8865687685
76.7  85.8143399291  42.9071699646  60.8879952784  49.8634069062
76.8  85.7754343667  42.8877171833  60.8590465651  49.8402559627
76.9  85.7365464428  42.8682732214  60.8301202512  49.8171159307
77.0  85.6976761495  42.8488380747  60.8012162626  49.793986803
77.1  85.6588234787  42.8294117394  60.7723345259  49.7708685725
77.2  85.6199884226  42.8099942113  60.743474968  49.7477612321
77.3  85.5811709731  42.7905854866  60.7146375164  49.7246647745
77.4  85.5423711222  42.7711855611  60.6858220989  49.7015791929
77.5  85.503588862  42.751794431  60.6570286438  49.67850448
77.6  85.4648241844  42.7324120922  60.6282570801  49.655440629
77.7  85.4260770816  42.7130385408  60.5995073369  49.6323876328
77.8  85.3873475454  42.6936737727  60.5707793439  49.6093454845
77.9  85.3486355681  42.674317784  60.5420730313  49.5863141771
78.0  85.3099411416  42.6549705708  60.5133883296  49.5632937037
78.1  85.2712642579  42.6356321289  60.48472517  49.5402840575
78.2  85.2326049091  42.6163024545  60.4560834838  49.5172852315
78.3  85.1939630873  42.5969815436  60.4274632029  49.4942972191
78.4  85.1553387844  42.5776693922  60.3988642598  49.4713200133
78.5  85.1167319927  42.5583659963  60.370286587  49.4483536074
78.6  85.078142704  42.539071352  60.3417301179  49.4253979947
78.7  85.0395709106  42.5197854553  60.313194786  49.4024531684
78.8  85.0010166044  42.5005083022  60.2846805254  49.3795191218
78.9  84.9624797775  42.4812398887  60.2561872704  49.3565958483
79.0  84.923960422  42.461980211  60.227714956  49.3336833413
79.1  84.88545853  42.442729265  60.1992635173  49.3107815939
79.2  84.8469740936  42.4234870468  60.1708328901  49.2878905998
79.3  84.8085071048  42.4042535524  60.1424230105  49.2650103523
79.4  84.7700575558  42.3850287779  60.1140338148  49.2421408448
79.5  84.7316254386  42.3658127193  60.08566524  49.2192820708
79.6  84.6932107454  42.3466053727  60.0573172234  49.1964340239
79.7  84.6548134681  42.3274067341  60.0289897027  49.1735966974
79.8  84.616433599  42.3082167995  60.0006826158  49.150770085
79.9  84.5780711302  42.2890355651  59.9723959013  49.1279541802
80.0  84.5397260537  42.2698630268  59.9441294979  49.1051489765
80.1  84.5013983616  42.2506991808  59.9158833449  49.0823544677
80.2  84.4630880462  42.2315440231  59.8876573819  49.0595706472
80.3  84.4247950995  42.2123975497  59.8594515489  49.0367975087
80.4  84.3865195136  42.1932597568  59.8312657862  49.014035046
80.5  84.3482612806  42.1741306403  59.8031000346  48.9912832526
80.6  84.3100203928  42.1550101964  59.7749542351  48.9685421223
80.7  84.2717968422  42.1358984211  59.7468283293  48.9458116489
80.8  84.233590621  42.1167953105  59.7187222588  48.9230918259
80.9  84.1954017212  42.0977008606  59.6906359661  48.9003826472
81.0  84.1572301352  42.0786150676  59.6625693935  48.8776841067
81.1  84.119075855  42.0595379275  59.6345224841  48.8549961979
81.2  84.0809388727  42.0404694363  59.6064951811  48.8323189149
81.3  84.0428191806  42.0214095903  59.5784874281  48.8096522514
81.4  84.0047167707  42.0023583854  59.5504991691  48.7869962013
81.5  83.9666316353  41.9833158177  59.5225303484  48.7643507585
81.6  83.9285637665  41.9642818833  59.4945809107  48.7417159167
81.7  83.8905131565  41.9452565783  59.4666508011  48.7190916701
81.8  83.8524797975  41.9262398988  59.4387399648  48.6964780124
81.9  83.8144636816  41.9072318408  59.4108483476  48.6738749376
82.0  83.7764648011  41.8882324005  59.3829758956  48.6512824397
82.1  83.7384831481  41.869241574  59.355122555  48.6287005127
82.2  83.7005187147  41.8502593574  59.3272882726  48.6061291505
82.3  83.6625714933  41.8312857467  59.2994729954  48.5835683472
82.4  83.624641476  41.812320738  59.2716766708  48.5610180967
82.5  83.5867286549  41.7933643275  59.2438992466  48.5384783932
82.6  83.5488330224  41.7744165112  59.2161406706  48.5159492307
82.7  83.5109545705  41.7554772853  59.1884008912  48.4934306032
82.8  83.4730932916  41.7365466458  59.1606798571  48.4709225049
82.9  83.4352491778  41.7176245889  59.1329775173  48.4484249299
83.0  83.3974222214  41.6987111107  59.105293821  48.4259378722
83.1  83.3596124145  41.6798062073  59.0776287179  48.4034613261
83.2  83.3218197494  41.6609098747  59.0499821578  48.3809952856
83.3  83.2840442184  41.6420221092  59.022354091  48.358539745
83.4  83.2462858136  41.6231429068  58.994744468  48.3360946984
83.5  83.2085445273  41.6042722636  58.9671532396  48.31366014
83.6  83.1708203517  41.5854101759  58.939580357  48.291236064
83.7  83.1331132791  41.5665566396  58.9120257716  48.2688224647
83.8  83.0954233017  41.5477116509  58.8844894351  48.2464193363
83.9  83.0577504118  41.5288752059  58.8569712996  48.2240266731
84.0  83.0200946016  41.5100473008  58.8294713174  48.2016444692
84.1  82.9824558634  41.4912279317  58.8019894411  48.1792727191
84.2  82.9448341894  41.4724170947  58.7745256236  48.1569114169
84.3  82.9072295719  41.453614786  58.7470798182  48.134560557
84.4  82.8696420032  41.4348210016  58.7196519782  48.1122201338
84.5  82.8320714755  41.4160357378  58.6922420575  48.0898901415
84.6  82.7945179812  41.3972589906  58.66485001  48.0675705745
84.7  82.7569815124  41.3784907562  58.6374757903  48.0452614272
84.8  82.7194620615  41.3597310307  58.6101193527  48.0229626939
84.9  82.6819596207  41.3409798104  58.5827806524  48.000674369
85.0  82.6444741824  41.3222370912  58.5554596443  47.978396447
85.1  82.6070057389  41.3035028694  58.5281562839  47.9561289221
85.2  82.5695542823  41.2847771412  58.500870527  47.9338717889
85.3  82.5321198051  41.2660599026  58.4736023295  47.9116250418
85.4  82.4947022996  41.2473511498  58.4463516476  47.8893886753
85.5  82.4573017579  41.228650879  58.419118438  47.8671626837
85.6  82.4199181725  41.2099590863  58.3919026572  47.8449470616
85.7  82.3825515357  41.1912757679  58.3647042625  47.8227418034
85.8  82.3452018398  41.1726009199  58.337523211  47.8005469036
85.9  82.307869077  41.1539345385  58.3103594604  47.7783623568
86.0  82.2705532398  41.1352766199  58.2832129684  47.7561881574
86.1  82.2332543204  41.1166271602  58.2560836931  47.7340243
86.2  82.1959723112  41.0979861556  58.2289715929  47.7118707792
86.3  82.1587072044  41.0793536022  58.2018766262  47.6897275894
86.4  82.1214589926  41.0607294963  58.174798752  47.6675947252
86.5  82.0842276679  41.0421138339  58.1477379293  47.6454721812
86.6  82.0470132227  41.0235066114  58.1206941174  47.6233599519
86.7  82.0098156495  41.0049078247  58.093667276  47.6012580321
86.8  81.9726349404  40.9863174702  58.0666573647  47.5791664162
86.9  81.9354710879  40.967735544  58.0396643436  47.5570850989
87.0  81.8983240844  40.9491620422  58.0126881731  47.5350140748
87.1  81.8611939222  40.9305969611  57.9857288137  47.5129533385
87.2  81.8240805936  40.9120402968  57.958786226  47.4909028847
87.3  81.7869840911  40.8934920455  57.9318603712  47.468862708
87.4  81.7499044069  40.8749522035  57.9049512105  47.446832803
87.5  81.7128415336  40.8564207668  57.8780587053  47.4248131646
87.6  81.6757954634  40.8378977317  57.8511828173  47.4028037873
87.7  81.6387661888  40.8193830944  57.8243235085  47.3808046658
87.8  81.601753702  40.800876851  57.797480741  47.3588157948
87.9  81.5647579956  40.7823789978  57.7706544771  47.336837169
88.0  81.5277790619  40.763889531  57.7438446796  47.3148687832
88.1  81.4908168933  40.7454084467  57.7170513112  47.2929106321
88.2  81.4538714822  40.7269357411  57.6902743349  47.2709627104
88.3  81.416942821  40.7084714105  57.663513714  47.2490250129
88.4  81.3800309021  40.6900154511  57.6367694121  47.2270975342
88.5  81.343135718  40.671567859  57.6100413928  47.2051802693
88.6  81.3062572609  40.6531286305  57.58332962  47.1832732127
88.7  81.2693955235  40.6346977617  57.5566340579  47.1613763594
88.8  81.2325504979  40.616275249  57.5299546708  47.1394897042
88.9  81.1957221768  40.5978610884  57.5032914233  47.1176132417
89.0  81.1589105525  40.5794552763  57.4766442801  47.0957469668
89.1  81.1221156175  40.5610578087  57.4500132062  47.0738908744
89.2  81.0853373641  40.5426686821  57.4233981668  47.0520449592
89.3  81.0485757849  40.5242878924  57.3967991272  47.030209216
89.4  81.0118308722  40.5059154361  57.3702160532  47.0083836398
89.5  80.9751026185  40.4875513093  57.3436489104  46.9865682254
89.6  80.9383910163  40.4691955081  57.3170976648  46.9647629675
89.7  80.901696058  40.450848029  57.2905622827  46.9429678612
89.8  80.865017736  40.432508868  57.2640427304  46.9211829011
89.9  80.8283560428  40.4141780214  57.2375389745  46.8994080823
90.0  80.791710971  40.3958554855  57.2110509819  46.8776433996
90.0  80.791710971  40.3958554855  57.2110509819  46.8776433996
90.1  80.7550825128  40.3775412564  57.1845787194  46.8558888479
90.2  80.7184706609  40.3592353304  57.1581221543  46.8341444221
90.3  80.6818754076  40.3409377038  57.1316812539  46.8124101171
90.4  80.6452967455  40.3226483728  57.1052559858  46.7906859278
90.5  80.6087346671  40.3043673335  57.0788463177  46.7689718491
90.6  80.5721891647  40.2860945824  57.0524522176  46.747267876
90.7  80.535660231  40.2678301155  57.0260736535  46.7255740034
90.8  80.4991478583  40.2495739292  56.9997105938  46.7038902262
90.9  80.4626520392  40.2313260196  56.973363007  46.6822165394
91.0  80.4261727662  40.2130863831  56.9470308618  46.660552938
91.1  80.3897100318  40.1948550159  56.9207141269  46.6388994168
91.2  80.3532638284  40.1766319142  56.8944127715  46.617255971
91.3  80.3168341486  40.1584170743  56.8681267647  46.5956225954
91.4  80.2804209849  40.1402104924  56.8418560759  46.573999285
91.5  80.2440243298  40.1220121649  56.8156006747  46.5523860349
91.6  80.2076441758  40.1038220879  56.7893605309  46.53078284
91.7  80.1712805154  40.0856402577  56.7631356144  46.5091896953
91.8  80.1349333413  40.0674666706  56.7369258952  46.4876065959
91.9  80.0986026457  40.0493013229  56.7107313436  46.4660335367
92.0  80.0622884214  40.0311442107  56.68455193  46.4444705129
92.1  80.0259906609  40.0129953304  56.6583876252  46.4229175193
92.2  79.9897093566  39.9948546783  56.6322383997  46.401374551
92.3  79.9534445011  39.9767222506  56.6061042246  46.3798416032
92.4  79.917196087  39.9585980435  56.5799850711  46.3583186708
92.5  79.8809641069  39.9404820534  56.5538809102  46.3368057488
92.6  79.8447485531  39.9223742766  56.5277917135  46.3153028325
92.7  79.8085494184  39.9042747092  56.5017174527  46.2938099167
92.8  79.7723666952  39.8861833476  56.4756580993  46.2723269966
92.9  79.7362003762  39.8681001881  56.4496136255  46.2508540673
93.0  79.7000504539  39.8500252269  56.4235840032  46.2293911238
93.1  79.6639169208  39.8319584604  56.3975692046  46.2079381612
93.2  79.6277997695  39.8138998848  56.3715692023  46.1864951747
93.3  79.5916989927  39.7958494963  56.3455839687  46.1650621593
93.4  79.5556145828  39.7778072914  56.3196134766  46.1436391102
93.5  79.5195465324  39.7597732662  56.2936576987  46.1222260224
93.6  79.4834948342  39.7417474171  56.2677166082  46.100822891
93.7  79.4474594807  39.7237297404  56.2417901783  46.0794297113
93.8  79.4114404646  39.7057202323  56.2158783821  46.0580464782
93.9  79.3754377783  39.6877188892  56.1899811932  46.0366731871
94.0  79.3394514145  39.6697257073  56.1640985852  46.0153098329
94.1  79.3034813659  39.6517406829  56.138230532  45.9939564108
94.2  79.2675276249  39.6337638125  56.1123770073  45.9726129161
94.3  79.2315901843  39.6157950921  56.0865379853  45.9512793437
94.4  79.1956690366  39.5978345183  56.0607134401  45.929955689
94.5  79.1597641744  39.5798820872  56.0349033462  45.9086419471
94.6  79.1238755904  39.5619377952  56.0091076779  45.8873381131
94.7  79.0880032771  39.5440016385  55.9833264101  45.8660441822
94.8  79.0521472272  39.5260736136  55.9575595173  45.8447601496
94.9  79.0163074334  39.5081537167  55.9318069746  45.8234860105
95.0  78.9804838882  39.4902419441  55.906068757  45.8022217601
95.1  78.9446765843  39.4723382921  55.8803448397  45.7809673935
95.2  78.9088855143  39.4544427572  55.8546351981  45.759722906
95.3  78.8731106709  39.4365553354  55.8289398075  45.7384882928
95.4  78.8373520467  39.4186760233  55.8032586437  45.7172635491
95.5  78.8016096343  39.4008048172  55.7775916823  45.6960486701
95.6  78.7658834264  39.3829417132  55.7519388993  45.674843651
95.7  78.7301734157  39.3650867079  55.7263002705  45.6536484871
95.8  78.6944795948  39.3472397974  55.7006757723  45.6324631736
95.9  78.6588019564  39.3294009782  55.6750653808  45.6112877056
96.0  78.6231404931  39.3115702466  55.6494690725  45.5901220786
96.1  78.5874951976  39.2937475988  55.6238868238  45.5689662876
96.2  78.5518660626  39.2759330313  55.5983186114  45.547820328
96.3  78.5162530808  39.2581265404  55.5727644122  45.526684195
96.4  78.4806562447  39.2403281224  55.5472242031  45.5055578838
96.5  78.4450755472  39.2225377736  55.521697961  45.4844413898
96.6  78.4095109808  39.2047554904  55.4961856631  45.4633347082
96.7  78.3739625383  39.1869812692  55.4706872868  45.4422378342
96.8  78.3384302124  39.1692151062  55.4452028094  45.4211507632
96.9  78.3029139958  39.1514569979  55.4197322085  45.4000734904
97.0  78.267413881  39.1337069405  55.3942754618  45.3790060111
97.1  78.231929861  39.1159649305  55.3688325469  45.3579483205
97.2  78.1964619283  39.0982309641  55.3434034419  45.3369004141
97.3  78.1610100756  39.0805050378  55.3179881247  45.3158622871
97.4  78.1255742958  39.0627871479  55.2925865734  45.2948339347
97.5  78.0901545814  39.0450772907  55.2671987664  45.2738153523
97.6  78.0547509252  39.0273754626  55.241824682  45.2528065352
97.7  78.0193633199  39.00968166  55.2164642986  45.2318074787
97.8  77.9839917583  38.9919958791  55.1911175949  45.2108181782
97.9  77.948636233  38.9743181165  55.1657845495  45.1898386289
98.0  77.9132967369  38.9566483684  55.1404651414  45.1688688262
98.1  77.8779732626  38.9389866313  55.1151593495  45.1479087654
98.2  77.8426658028  38.9213329014  55.0898671528  45.1269584418
98.3  77.8073743504  38.9036871752  55.0645885304  45.1060178508
98.4  77.772098898  38.886049449  55.0393234617  45.0850869877
98.5  77.7368394384  38.8684197192  55.0140719261  45.064165848
98.6  77.7015959643  38.8507979822  54.9888339029  45.0432544268
98.7  77.6663684686  38.8331842343  54.963609372  45.0223527196
98.8  77.6311569439  38.8155784719  54.9383983129  45.0014607217
98.9  77.595961383  38.7979806915  54.9132007054  44.9805784285
99.0  77.5607817787  38.7803908893  54.8880165296  44.9597058354
99.1  77.5256181237  38.7628090619  54.8628457654  44.9388429377
99.2  77.4904704109  38.7452352054  54.8376883929  44.9179897309
99.3  77.4553386329  38.7276693164  54.8125443925  44.8971462102
99.4  77.4202227826  38.7101113913  54.7874137444  44.876312371
99.5  77.3851228527  38.6925614264  54.7622964291  44.8554882088
99.6  77.3500388361  38.675019418  54.7371924272  44.8346737189
99.7  77.3149707254  38.6574853627  54.7121017192  44.8138688968
99.8  77.2799185136  38.6399592568  54.687024286  44.7930737377
99.9  77.2448821933  38.6224410967  54.6619601084  44.7722882372
100.0  77.2098617574  38.6049308787  54.6369091674  44.7515123906
100.1  77.1748571987  38.5874285994  54.6118714439  44.7307461934
100.2  77.13986851  38.569934255  54.5868469192  44.7099896408
100.3  77.1048956841  38.552447842  54.5618355744  44.6892427284
100.4  77.0699387137  38.5349693569  54.536837391  44.6685054516
100.5  77.0349975918  38.5174987959  54.5118523504  44.6477778058
100.6  77.0000723111  38.5000361556  54.486880434  44.6270597864
100.7  76.9651628644  38.4825814322  54.4619216236  44.6063513888
100.8  76.9302692446  38.4651346223  54.4369759008  44.5856526085
100.9  76.8953914445  38.4476957223  54.4120432475  44.5649634409

#SVE monte-carlo points sigmaR (r, sigmaR_med, sigmaR_std)
25.2  109.186477228  0.0
28.7  107.42713807  0.0
32.1  105.745215075  0.0
35.6  104.041325525  0.0
39.1  102.364891018  0.0
42.6  100.715469169  0.0
46.1  99.092624718  0.0
49.6  97.4959294188  0.0
53.1  95.9249619262  0.0
56.6  94.3793076838  0.0
60.0  92.9016668323  0.0
63.5  91.4047274269  0.0
67.0  89.9319084455  0.0
70.5  88.4828212316  0.0
74.0  87.0570833917  0.0
77.5  85.6543186934  0.0
81.0  84.2741569669  0.0
84.5  82.9162340068  0.0
88.0  81.5801914765  0.0
91.4  80.3029387973  0.0
94.9  79.0090047103  0.0
98.4  77.7359199901  0.0

#SVE monte-carlo points sigmaZ (r, sigmaZ_med, sigmaZ_std)
25.6  54.4919802052  0.0
29.1  53.6139422192  0.0
32.5  52.77454052  0.0
36.0  51.9241759141  0.0
39.5  51.087513369  0.0
43.0  50.2643321012  0.0
46.5  49.4544148848  0.0
50.0  48.6575479938  0.0
53.5  47.8735211465  0.0
57.0  47.1021274491  0.0
60.4  46.3646773721  0.0
63.9  45.6175959156  0.0
67.4  44.8825523019  0.0
70.9  44.1593525635  0.0
74.4  43.447805858  0.0
77.9  42.7477244183  0.0
81.4  42.0589235028  0.0
84.9  41.3812213464  0.0
88.4  40.7144391133  0.0
91.8  40.0769972846  0.0
95.3  39.4312302222  0.0
98.8  38.7958685077  0.0

#SVE monte-carlo points sigmaPhi (r, sigmaPhi_med, sigmaPhi_std)
26.1  78.4624578872  0.0
29.6  76.6624127529  0.0
33.0  75.1239996494  0.0
36.5  73.6876988683  0.0
40.0  72.35500208  0.0
43.5  71.0956525517  0.0
47.0  69.8899907463  0.0
50.5  68.7252357983  0.0
54.0  67.593055986  0.0
57.5  66.4879909333  0.0
60.9  65.4370306648  0.0
64.4  64.3759816267  0.0
67.9  63.3344099884  0.0
71.4  62.3111500262  0.0
74.9  61.305359599  0.0
78.4  60.3164059065  0.0
81.9  59.3437920713  0.0
85.4  58.3871099592  0.0
88.9  57.4460098549  0.0
92.3  56.5464239364  0.0
95.8  55.6351574262  0.0
99.3  54.7386190213  0.0
