-10 -10 0
-10 -9.5 0
-10 -9 -0.0802152
-10 -8.5 -0.0968528
-10 -8 -0.0948048
-10 -7.5 -0.10505
-10 -7 -0.0977749
-10 -6.5 -0.100209
-10 -6 -0.101102
-10 -5.5 -0.110108
-10 -5 -0.119299
-10 -4.5 -0.127538
-10 -4 -0.126946
-10 -3.5 -0.131662
-10 -3 -0.13964
-10 -2.5 -0.148888
-10 -2 -0.143759
-10 -1.5 -0.142363
-10 -1 -0.142972
-10 -0.5 -0.144643
-10 0 -0.150248
-10 0.5 -0.146334
-10 1 -0.139622
-10 1.5 -0.147837
-10 2 -0.141064
-10 2.5 -0.132969
-10 3 -0.133531
-10 3.5 -0.128153
-10 4 -0.12623
-10 4.5 -0.12508
-10 5 -0.119738
-10 5.5 -0.119937
-10 6 -0.112469
-10 6.5 -0.105837
-10 7 -0.103103
-10 7.5 -0.0950779
-10 8 -0.0953629
-10 8.5 -0.0834863
-10 9 -0.0850022
-10 9.5 0
-9.5 -10 -0.0768903
-9.5 -9.5 0
-9.5 -9 0
-9.5 -8.5 -0.0880759
-9.5 -8 -0.0855623
-9.5 -7.5 -0.100774
-9.5 -7 -0.0998681
-9.5 -6.5 -0.100063
-9.5 -6 -0.106306
-9.5 -5.5 -0.106412
-9.5 -5 -0.120153
-9.5 -4.5 -0.126306
-9.5 -4 -0.13009
-9.5 -3.5 -0.128612
-9.5 -3 -0.131242
-9.5 -2.5 -0.13519
-9.5 -2 -0.141772
-9.5 -1.5 -0.136907
-9.5 -1 -0.146031
-9.5 -0.5 -0.146022
-9.5 0 -0.133747
-9.5 0.5 -0.149551
-9.5 1 -0.141659
-9.5 1.5 -0.142933
-9.5 2 -0.140983
-9.5 2.5 -0.137263
-9.5 3 -0.134306
-9.5 3.5 -0.132082
-9.5 4 -0.127467
-9.5 4.5 -0.127067
-9.5 5 -0.118487
-9.5 5.5 -0.115207
-9.5 6 -0.108874
-9.5 6.5 -0.105932
-9.5 7 -0.0957248
-9.5 7.5 -0.0959089
-9.5 8 -0.09609
-9.5 8.5 -0.0950276
-9.5 9 0
-9.5 9.5 0
-9 -10 -0.0797405
-9 -9.5 -0.0788114
-9 -9 0
-9 -8.5 -0.0868983
-9 -8 -0.0846324
-9 -7.5 -0.0874215
-9 -7 -0.0988133
-9 -6.5 -0.0993975
-9 -6 -0.101066
-9 -5.5 -0.112108
-9 -5 -0.118117
-9 -4.5 -0.119253
-9 -4 -0.119446
-9 -3.5 -0.127476
-9 -3 -0.132308
-9 -2.5 -0.141392
-9 -2 -0.142456
-9 -1.5 -0.148574
-9 -1 -0.145038
-9 -0.5 -0.145174
-9 0 -0.14968
-9 0.5 -0.142907
-9 1 -0.142186
-9 1.5 -0.147353
-9 2 -0.140002
-9 2.5 -0.131908
-9 3 -0.134379
-9 3.5 -0.130106
-9 4 -0.121524
-9 4.5 -0.117287
-9 5 -0.12334
-9 5.5 -0.108129
-9 6 -0.103839
-9 6.5 -0.1041
-9 7 -0.0957789
-9 7.5 -0.0974896
-9 8 -0.0981545
-9 8.5 -0.0819842
-9 9 -0.0751791
-9 9.5 -0.0810356
-8.5 -10 -0.0747575
-8.5 -9.5 0
-8.5 -9 -0.072671
-8.5 -8.5 -0.0768824
-8.5 -8 0
-8.5 -7.5 -0.0972832
-8.5 -7 -0.0919492
-8.5 -6.5 -0.0946368
-8.5 -6 -0.10275
-8.5 -5.5 -0.112393
-8.5 -5 -0.1158
-8.5 -4.5 -0.116869
-8.5 -4 -0.122089
-8.5 -3.5 -0.126516
-8.5 -3 -0.135457
-8.5 -2.5 -0.133191
-8.5 -2 -0.139435
-8.5 -1.5 -0.143742
-8.5 -1 -0.147487
-8.5 -0.5 -0.151197
-8.5 0 -0.147608
-8.5 0.5 -0.147535
-8.5 1 -0.146132
-8.5 1.5 -0.145767
-8.5 2 -0.142416
-8.5 2.5 -0.136529
-8.5 3 -0.131549
-8.5 3.5 -0.133412
-8.5 4 -0.125891
-8.5 4.5 -0.114744
-8.5 5 -0.113789
-8.5 5.5 -0.11196
-8.5 6 -0.103826
-8.5 6.5 -0.101908
-8.5 7 -0.0995198
-8.5 7.5 -0.0934145
-8.5 8 -0.0860597
-8.5 8.5 -0.0820936
-8.5 9 0
-8.5 9.5 -0.0787741
-8 -10 -0.0622828
-8 -9.5 -0.0193779
-8 -9 -0.0810445
-8 -8.5 -0.0764897
-8 -8 -0.0816509
-8 -7.5 -0.0866921
-8 -7 -0.0884923
-8 -6.5 -0.0990299
-8 -6 -0.108593
-8 -5.5 -0.103776
-8 -5 -0.108043
-8 -4.5 -0.117904
-8 -4 -0.129016
-8 -3.5 -0.126017
-8 -3 -0.135002
-8 -2.5 -0.133718
-8 -2 -0.134458
-8 -1.5 -0.147214
-8 -1 -0.140287
-8 -0.5 -0.137402
-8 0 -0.149636
-8 0.5 -0.148414
-8 1 -0.14079
-8 1.5 -0.135402
-8 2 -0.133362
-8 2.5 -0.133549
-8 3 -0.132069
-8 3.5 -0.115426
-8 4 -0.12338
-8 4.5 -0.116391
-8 5 -0.102661
-8 5.5 -0.101765
-8 6 -0.103204
-8 6.5 -0.0867822
-8 7 -0.0901773
-8 7.5 -0.0882873
-8 8 -0.0903064
-8 8.5 -0.0776659
-8 9 -0.0810214
-8 9.5 -0.0598308
-7.5 -10 -0.0577296
-7.5 -9.5 -0.0651226
-7.5 -9 0
-7.5 -8.5 -0.0789765
-7.5 -8 -0.0824169
-7.5 -7.5 -0.0922697
-7.5 -7 -0.0897803
-7.5 -6.5 -0.0958978
-7.5 -6 -0.101374
-7.5 -5.5 -0.100038
-7.5 -5 -0.104581
-7.5 -4.5 -0.115219
-7.5 -4 -0.114151
-7.5 -3.5 -0.12289
-7.5 -3 -0.128958
-7.5 -2.5 -0.133892
-7.5 -2 -0.131133
-7.5 -1.5 -0.142563
-7.5 -1 -0.144852
-7.5 -0.5 -0.146159
-7.5 0 -0.145882
-7.5 0.5 -0.146958
-7.5 1 -0.143479
-7.5 1.5 -0.14161
-7.5 2 -0.136771
-7.5 2.5 -0.128014
-7.5 3 -0.128776
-7.5 3.5 -0.120768
-7.5 4 -0.114417
-7.5 4.5 -0.107016
-7.5 5 -0.104532
-7.5 5.5 -0.103632
-7.5 6 -0.0960116
-7.5 6.5 -0.0983031
-7.5 7 -0.0915676
-7.5 7.5 -0.0973714
-7.5 8 -0.0797828
-7.5 8.5 -0.0758456
-7.5 9 -0.0717293
-7.5 9.5 -0.0719101
-7 -10 -0.0675198
-7 -9.5 0
-7 -9 -0.0718054
-7 -8.5 -0.0673703
-7 -8 -0.0779986
-7 -7.5 -0.0841407
-7 -7 -0.0806319
-7 -6.5 -0.0913323
-7 -6 -0.0897084
-7 -5.5 -0.0976378
-7 -5 -0.10124
-7 -4.5 -0.109588
-7 -4 -0.113412
-7 -3.5 -0.114193
-7 -3 -0.127229
-7 -2.5 -0.134094
-7 -2 -0.131348
-7 -1.5 -0.137517
-7 -1 -0.145643
-7 -0.5 -0.141559
-7 0 -0.143204
-7 0.5 -0.147317
-7 1 -0.137048
-7 1.5 -0.142083
-7 2 -0.134409
-7 2.5 -0.129362
-7 3 -0.124534
-7 3.5 -0.121842
-7 4 -0.117263
-7 4.5 -0.110483
-7 5 -0.103077
-7 5.5 -0.101115
-7 6 -0.093885
-7 6.5 -0.0908412
-7 7 -0.0816808
-7 7.5 -0.0823197
-7 8 -0.0802584
-7 8.5 -0.0710861
-7 9 -0.0713932
-7 9.5 -0.0681899
-6.5 -10 -0.0593642
-6.5 -9.5 -0.0697273
-6.5 -9 -0.0725982
-6.5 -8.5 -0.0760883
-6.5 -8 -0.0710217
-6.5 -7.5 -0.0757511
-6.5 -7 -0.0771372
-6.5 -6.5 -0.0867079
-6.5 -6 -0.0918556
-6.5 -5.5 -0.0970897
-6.5 -5 -0.0968624
-6.5 -4.5 -0.100633
-6.5 -4 -0.115373
-6.5 -3.5 -0.116392
-6.5 -3 -0.125648
-6.5 -2.5 -0.121724
-6.5 -2 -0.134386
-6.5 -1.5 -0.13473
-6.5 -1 -0.146367
-6.5 -0.5 -0.145421
-6.5 0 -0.142944
-6.5 0.5 -0.137631
-6.5 1 -0.143863
-6.5 1.5 -0.135917
-6.5 2 -0.138331
-6.5 2.5 -0.125398
-6.5 3 -0.121775
-6.5 3.5 -0.114939
-6.5 4 -0.115147
-6.5 4.5 -0.109441
-6.5 5 -0.0998253
-6.5 5.5 -0.0916352
-6.5 6 -0.0942167
-6.5 6.5 -0.0898082
-6.5 7 -0.0828372
-6.5 7.5 -0.0670514
-6.5 8 -0.0626164
-6.5 8.5 -0.0681912
-6.5 9 -0.0745648
-6.5 9.5 -0.0654494
-6 -10 -0.0555265
-6 -9.5 -0.0574302
-6 -9 -0.0620485
-6 -8.5 -0.0693496
-6 -8 -0.0626805
-6 -7.5 -0.0718163
-6 -7 -0.0682968
-6 -6.5 -0.0764062
-6 -6 -0.0875818
-6 -5.5 -0.0806058
-6 -5 -0.0924062
-6 -4.5 -0.0991792
-6 -4 -0.100688
-6 -3.5 -0.120829
-6 -3 -0.121808
-6 -2.5 -0.127348
-6 -2 -0.131293
-6 -1.5 -0.130083
-6 -1 -0.13254
-6 -0.5 -0.144432
-6 0 -0.144108
-6 0.5 -0.144695
-6 1 -0.135343
-6 1.5 -0.132443
-6 2 -0.128652
-6 2.5 -0.129207
-6 3 -0.119184
-6 3.5 -0.110221
-6 4 -0.104538
-6 4.5 -0.0989089
-6 5 -0.0910413
-6 5.5 -0.0840263
-6 6 -0.0866545
-6 6.5 -0.0738122
-6 7 -0.0680296
-6 7.5 -0.0760803
-6 8 -0.0709444
-6 8.5 -0.0671922
-6 9 -0.0657184
-6 9.5 -0.059983
-5.5 -10 -0.0477762
-5.5 -9.5 -0.0580826
-5.5 -9 -0.0561274
-5.5 -8.5 -0.0573203
-5.5 -8 -0.0573619
-5.5 -7.5 -0.0580801
-5.5 -7 -0.0691528
-5.5 -6.5 -0.0774076
-5.5 -6 -0.0746089
-5.5 -5.5 -0.0889677
-5.5 -5 -0.0970748
-5.5 -4.5 -0.0964638
-5.5 -4 -0.102126
-5.5 -3.5 -0.111434
-5.5 -3 -0.110422
-5.5 -2.5 -0.122298
-5.5 -2 -0.128466
-5.5 -1.5 -0.128312
-5.5 -1 -0.133615
-5.5 -0.5 -0.139872
-5.5 0 -0.141946
-5.5 0.5 -0.136524
-5.5 1 -0.131336
-5.5 1.5 -0.127628
-5.5 2 -0.126175
-5.5 2.5 -0.121155
-5.5 3 -0.111397
-5.5 3.5 -0.109456
-5.5 4 -0.103569
-5.5 4.5 -0.094046
-5.5 5 -0.0846272
-5.5 5.5 -0.0812551
-5.5 6 -0.081308
-5.5 6.5 -0.076629
-5.5 7 -0.0729559
-5.5 7.5 -0.0747152
-5.5 8 -0.0621223
-5.5 8.5 -0.0601326
-5.5 9 -0.0607846
-5.5 9.5 0
-5 -10 -0.0475693
-5 -9.5 -0.050993
-5 -9 -0.055257
-5 -8.5 -0.0547125
-5 -8 -0.0609843
-5 -7.5 -0.060782
-5 -7 -0.0575734
-5 -6.5 -0.070737
-5 -6 -0.0722773
-5 -5.5 -0.0805519
-5 -5 -0.0869829
-5 -4.5 -0.0945123
-5 -4 -0.0964357
-5 -3.5 -0.101411
-5 -3 -0.11323
-5 -2.5 -0.116001
-5 -2 -0.123338
-5 -1.5 -0.127981
-5 -1 -0.130748
-5 -0.5 -0.135751
-5 0 -0.135285
-5 0.5 -0.142643
-5 1 -0.13483
-5 1.5 -0.131337
-5 2 -0.120638
-5 2.5 -0.115676
-5 3 -0.109175
-5 3.5 -0.0998405
-5 4 -0.0991087
-5 4.5 -0.0963256
-5 5 -0.0864292
-5 5.5 -0.0745706
-5 6 -0.0737323
-5 6.5 -0.0662924
-5 7 -0.0676195
-5 7.5 -0.068114
-5 8 -0.0572357
-5 8.5 -0.0564992
-5 9 -0.053469
-5 9.5 -0.0438677
-4.5 -10 -0.051111
-4.5 -9.5 -0.0411087
-4.5 -9 -0.0467677
-4.5 -8.5 -0.0497262
-4.5 -8 -0.0541987
-4.5 -7.5 -0.0548632
-4.5 -7 -0.0613105
-4.5 -6.5 -0.0577471
-4.5 -6 -0.0663447
-4.5 -5.5 -0.0704291
-4.5 -5 -0.0884868
-4.5 -4.5 -0.0829383
-4.5 -4 -0.0928447
-4.5 -3.5 -0.0957195
-4.5 -3 -0.10414
-4.5 -2.5 -0.110274
-4.5 -2 -0.122613
-4.5 -1.5 -0.122392
-4.5 -1 -0.129284
-4.5 -0.5 -0.136842
-4.5 0 -0.137149
-4.5 0.5 -0.13143
-4.5 1 -0.13155
-4.5 1.5 -0.119413
-4.5 2 -0.114378
-4.5 2.5 -0.113282
-4.5 3 -0.107545
-4.5 3.5 -0.0860661
-4.5 4 -0.0906777
-4.5 4.5 -0.0836088
-4.5 5 -0.0737073
-4.5 5.5 -0.0777444
-4.5 6 -0.0742834
-4.5 6.5 -0.0620229
-4.5 7 -0.0576709
-4.5 7.5 -0.0601994
-4.5 8 -0.0567385
-4.5 8.5 -0.0484419
-4.5 9 -0.0460941
-4.5 9.5 -0.0514133
-4 -10 -0.0397722
-4 -9.5 -0.0361421
-4 -9 -0.040895
-4 -8.5 -0.0436225
-4 -8 -0.0487275
-4 -7.5 -0.0582743
-4 -7 -0.0567738
-4 -6.5 -0.0540423
-4 -6 -0.0564729
-4 -5.5 -0.0703983
-4 -5 -0.0686216
-4 -4.5 -0.0829143
-4 -4 -0.0836642
-4 -3.5 -0.0871378
-4 -3 -0.0957282
-4 -2.5 -0.105841
-4 -2 -0.117902
-4 -1.5 -0.114789
-4 -1 -0.125785
-4 -0.5 -0.122414
-4 0 -0.129023
-4 0.5 -0.125676
-4 1 -0.123038
-4 1.5 -0.11758
-4 2 -0.114961
-4 2.5 -0.102197
-4 3 -0.098042
-4 3.5 -0.0902905
-4 4 -0.0839213
-4 4.5 -0.0811149
-4 5 -0.0683245
-4 5.5 -0.066886
-4 6 -0.0609324
-4 6.5 -0.0535552
-4 7 -0.0608338
-4 7.5 -0.0458732
-4 8 -0.0467903
-4 8.5 -0.0475603
-4 9 -0.0395249
-4 9.5 -0.0456647
-3.5 -10 -0.0267127
-3.5 -9.5 -0.0315098
-3.5 -9 -0.0449006
-3.5 -8.5 0
-3.5 -8 -0.0426916
-3.5 -7.5 -0.0499122
-3.5 -7 -0.0517778
-3.5 -6.5 -0.0516075
-3.5 -6 -0.0578839
-3.5 -5.5 -0.0641265
-3.5 -5 -0.0688009
-3.5 -4.5 -0.072125
-3.5 -4 -0.0753263
-3.5 -3.5 -0.0806443
-3.5 -3 -0.0871053
-3.5 -2.5 -0.0962654
-3.5 -2 -0.107932
-3.5 -1.5 -0.116175
-3.5 -1 -0.120407
-3.5 -0.5 -0.123907
-3.5 0 -0.124948
-3.5 0.5 -0.119353
-3.5 1 -0.121082
-3.5 1.5 -0.11105
-3.5 2 -0.107022
-3.5 2.5 -0.0934108
-3.5 3 -0.0846754
-3.5 3.5 -0.08052
-3.5 4 -0.0728106
-3.5 4.5 -0.0696633
-3.5 5 -0.0644239
-3.5 5.5 -0.059009
-3.5 6 -0.0532934
-3.5 6.5 -0.0526448
-3.5 7 -0.0512265
-3.5 7.5 -0.0417
-3.5 8 -0.0416184
-3.5 8.5 -0.0340488
-3.5 9 -0.0372807
-3.5 9.5 -0.0385215
-3 -10 -0.0315343
-3 -9.5 -0.0372901
-3 -9 -0.0327866
-3 -8.5 -0.0411201
-3 -8 -0.0395036
-3 -7.5 -0.0338281
-3 -7 -0.0438736
-3 -6.5 -0.0430736
-3 -6 -0.0482148
-3 -5.5 -0.0516402
-3 -5 -0.057363
-3 -4.5 -0.0584104
-3 -4 -0.0674252
-3 -3.5 -0.0733398
-3 -3 -0.0815366
-3 -2.5 -0.0925097
-3 -2 -0.0929885
-3 -1.5 -0.104
-3 -1 -0.117782
-3 -0.5 -0.127812
-3 0 -0.126477
-3 0.5 -0.121888
-3 1 -0.109562
-3 1.5 -0.0955666
-3 2 -0.0948825
-3 2.5 -0.087625
-3 3 -0.0759481
-3 3.5 -0.0684864
-3 4 -0.0680815
-3 4.5 -0.0641489
-3 5 -0.0587934
-3 5.5 -0.050078
-3 6 -0.0536866
-3 6.5 -0.0462227
-3 7 -0.0455194
-3 7.5 -0.0389948
-3 8 -0.0369224
-3 8.5 -0.0445029
-3 9 -0.026879
-3 9.5 -0.0332209
-2.5 -10 -0.0248156
-2.5 -9.5 -0.035585
-2.5 -9 -0.0254726
-2.5 -8.5 -0.023735
-2.5 -8 -0.0276505
-2.5 -7.5 -0.0349376
-2.5 -7 -0.0330557
-2.5 -6.5 -0.0355745
-2.5 -6 -0.0357863
-2.5 -5.5 -0.0465217
-2.5 -5 -0.0526378
-2.5 -4.5 -0.053044
-2.5 -4 -0.0535005
-2.5 -3.5 -0.0635213
-2.5 -3 -0.0690581
-2.5 -2.5 -0.0712022
-2.5 -2 -0.0873538
-2.5 -1.5 -0.0959724
-2.5 -1 -0.109161
-2.5 -0.5 -0.112645
-2.5 0 -0.121373
-2.5 0.5 -0.109626
-2.5 1 -0.103605
-2.5 1.5 -0.0929635
-2.5 2 -0.0856046
-2.5 2.5 -0.0809201
-2.5 3 -0.0706953
-2.5 3.5 -0.0685861
-2.5 4 -0.056131
-2.5 4.5 -0.0527533
-2.5 5 -0.0482674
-2.5 5.5 -0.0503126
-2.5 6 -0.0423118
-2.5 6.5 -0.0434135
-2.5 7 -0.0361263
-2.5 7.5 -0.0312477
-2.5 8 -0.0366515
-2.5 8.5 -0.0257242
-2.5 9 -0.0244763
-2.5 9.5 -0.0289278
-2 -10 -0.0256646
-2 -9.5 -0.0189106
-2 -9 -0.0291038
-2 -8.5 -0.0260515
-2 -8 -0.024922
-2 -7.5 -0.0277727
-2 -7 -0.0283377
-2 -6.5 -0.0346458
-2 -6 -0.0355586
-2 -5.5 -0.0347726
-2 -5 -0.0420697
-2 -4.5 -0.0492533
-2 -4 -0.0509273
-2 -3.5 -0.0520985
-2 -3 -0.0568343
-2 -2.5 -0.0676527
-2 -2 -0.072033
-2 -1.5 -0.0849547
-2 -1 -0.0964062
-2 -0.5 -0.111049
-2 0 -0.113181
-2 0.5 -0.110008
-2 1 -0.100244
-2 1.5 -0.0838165
-2 2 -0.071057
-2 2.5 -0.068559
-2 3 -0.052857
-2 3.5 -0.0524403
-2 4 -0.0471529
-2 4.5 -0.0341576
-2 5 -0.0433684
-2 5.5 -0.0356643
-2 6 -0.038052
-2 6.5 -0.0276383
-2 7 -0.0327362
-2 7.5 -0.0238024
-2 8 -0.0289669
-2 8.5 -0.0260746
-2 9 -0.0212556
-2 9.5 -0.0241315
-1.5 -10 -0.0155038
-1.5 -9.5 -0.0294113
-1.5 -9 -0.00863074
-1.5 -8.5 -0.0282948
-1.5 -8 -0.0228492
-1.5 -7.5 -0.0232634
-1.5 -7 -0.0198313
-1.5 -6.5 -0.0242314
-1.5 -6 -0.0247228
-1.5 -5.5 -0.0244392
-1.5 -5 -0.0312066
-1.5 -4.5 -0.0352821
-1.5 -4 -0.0382083
-1.5 -3.5 -0.041994
-1.5 -3 -0.0409359
-1.5 -2.5 -0.0455224
-1.5 -2 -0.055452
-1.5 -1.5 -0.0692378
-1.5 -1 -0.0835797
-1.5 -0.5 -0.106091
-1.5 0 -0.112544
-1.5 0.5 -0.10711
-1.5 1 -0.083218
-1.5 1.5 -0.0638407
-1.5 2 -0.0588259
-1.5 2.5 -0.0498573
-1.5 3 -0.0455522
-1.5 3.5 -0.0335215
-1.5 4 -0.031832
-1.5 4.5 -0.0297526
-1.5 5 -0.0366518
-1.5 5.5 -0.0310078
-1.5 6 -0.0261758
-1.5 6.5 -0.0188178
-1.5 7 -0.0170158
-1.5 7.5 -0.0226505
-1.5 8 -0.0151237
-1.5 8.5 -0.0122354
-1.5 9 -0.0246657
-1.5 9.5 -0.0238134
-1 -10 -0.0104447
-1 -9.5 -0.0133509
-1 -9 -0.0111813
-1 -8.5 -0.0144976
-1 -8 -0.0154894
-1 -7.5 -0.0156697
-1 -7 -0.0182152
-1 -6.5 -0.00938253
-1 -6 -0.00950195
-1 -5.5 -0.0181312
-1 -5 -0.0182336
-1 -4.5 -0.018542
-1 -4 -0.0236142
-1 -3.5 -0.0286587
-1 -3 -0.0307539
-1 -2.5 -0.0391663
-1 -2 -0.0455712
-1 -1.5 -0.0509931
-1 -1 -0.0689094
-1 -0.5 -0.0900866
-1 0 -0.107647
-1 0.5 -0.0888733
-1 1 -0.0662699
-1 1.5 -0.0481251
-1 2 -0.0403581
-1 2.5 -0.0324892
-1 3 -0.0285077
-1 3.5 -0.0339246
-1 4 -0.0256387
-1 4.5 -0.0175933
-1 5 -0.0213085
-1 5.5 -0.0193612
-1 6 -0.015196
-1 6.5 -0.0158887
-1 7 -0.0139425
-1 7.5 -0.0196504
-1 8 -0.0225517
-1 8.5 -0.00804215
-1 9 -0.0119273
-1 9.5 -0.0109825
-0.5 -10 -0.00772356
-0.5 -9.5 -0.00550918
-0.5 -9 -0.00630258
-0.5 -8.5 -0.0116913
-0.5 -8 -0.003284
-0.5 -7.5 -0.0138041
-0.5 -7 -0.00337448
-0.5 -6.5 -0.00209019
-0.5 -6 -0.0122474
-0.5 -5.5 -0.00802101
-0.5 -5 -0.00543063
-0.5 -4.5 -0.0138214
-0.5 -4 -0.0134712
-0.5 -3.5 -0.0128485
-0.5 -3 -0.0200333
-0.5 -2.5 -0.0177629
-0.5 -2 -0.020568
-0.5 -1.5 -0.0261787
-0.5 -1 -0.0321724
-0.5 -0.5 -0.0616907
-0.5 0 -0.101938
-0.5 0.5 -0.0666322
-0.5 1 -0.0365537
-0.5 1.5 -0.0299435
-0.5 2 -0.023416
-0.5 2.5 -0.0153779
-0.5 3 -0.023178
-0.5 3.5 -0.0139396
-0.5 4 -0.0083431
-0.5 4.5 -0.0171498
-0.5 5 -0.0108612
-0.5 5.5 -0.0111561
-0.5 6 -0.00959645
-0.5 6.5 -0.00410572
-0.5 7 -0.00309384
-0.5 7.5 -0.00749311
-0.5 8 -0.00805742
-0.5 8.5 -0.00203201
-0.5 9 -0.00309708
-0.5 9.5 -0.0142155
0 -10 0
0 -9.5 0.0033101
0 -9 -0.00133243
0 -8.5 -0.00278747
0 -8 0.00207553
0 -7.5 0.00941187
0 -7 0.000323546
0 -6.5 -0.002571
0 -6 0.00146022
0 -5.5 0.00037352
0 -5 -0.00301043
0 -4.5 -0.00144386
0 -4 -0.00579942
0 -3.5 0.00432832
0 -3 -0.00274809
0 -2.5 -0.00282878
0 -2 -0.000713559
0 -1.5 0.00450255
0 -1 -0.0048513
0 -0.5 -0.0025836
0 0 -0.00831683
0 0.5 -0.000507346
0 1 0.00537196
0 1.5 0.00120581
0 2 0.00349323
0 2.5 -4.98545e-05
0 3 -0.000447754
0 3.5 -0.00265142
0 4 0.00399604
0 4.5 -0.00321459
0 5 -0.00675421
0 5.5 -0.00607689
0 6 -0.00822287
0 6.5 0.000430928
0 7 0.00952184
0 7.5 -0.00437821
0 8 -0.00415203
0 8.5 0.00403962
0 9 0.00345522
0 9.5 -0.00140375
0.5 -10 0.00878972
0.5 -9.5 0.010437
0.5 -9 0.00690308
0.5 -8.5 0.0084061
0.5 -8 0.00264089
0.5 -7.5 0.00427626
0.5 -7 0.00339797
0.5 -6.5 0.0133964
0.5 -6 0.00530275
0.5 -5.5 0.00879373
0.5 -5 0.0107769
0.5 -4.5 0.0105318
0.5 -4 0.0129855
0.5 -3.5 0.0133689
0.5 -3 0.0170342
0.5 -2.5 0.0172784
0.5 -2 0.0234558
0.5 -1.5 0.0226517
0.5 -1 0.0394756
0.5 -0.5 0.0631636
0.5 0 0.0895131
0.5 0.5 0.0638995
0.5 1 0.0366911
0.5 1.5 0.0273139
0.5 2 0.0209607
0.5 2.5 0.0235504
0.5 3 0.0188681
0.5 3.5 0.0170827
0.5 4 0.00990956
0.5 4.5 0.00485383
0.5 5 0.00627652
0.5 5.5 0.0107054
0.5 6 0.0124393
0.5 6.5 0.0183868
0.5 7 0.00886893
0.5 7.5 0.0100248
0.5 8 0.00945181
0.5 8.5 0.00927104
0.5 9 -0.000185251
0.5 9.5 0.015947
1 -10 0.00463448
1 -9.5 0.0101981
1 -9 0.0133202
1 -8.5 0.0130462
1 -8 0.0102339
1 -7.5 0.0155351
1 -7 0.0204308
1 -6.5 0.0119949
1 -6 0.0117701
1 -5.5 0.0163883
1 -5 0.0240344
1 -4.5 0.0204771
1 -4 0.0272403
1 -3.5 0.0257877
1 -3 0.0375427
1 -2.5 0.0385236
1 -2 0.0384711
1 -1.5 0.0486556
1 -1 0.0676749
1 -0.5 0.0879315
1 0 0.100633
1 0.5 0.0878222
1 1 0.0612466
1 1.5 0.0528504
1 2 0.0474526
1 2.5 0.037119
1 3 0.0284087
1 3.5 0.0223207
1 4 0.0197303
1 4.5 0.018278
1 5 0.0200687
1 5.5 0.0225516
1 6 0.0154745
1 6.5 0.0129221
1 7 0.0165133
1 7.5 0.0132377
1 8 0.0172471
1 8.5 0.0136584
1 9 0.0139721
1 9.5 0.0170106
1.5 -10 0.0161263
1.5 -9.5 0.0158376
1.5 -9 0.019397
1.5 -8.5 0.0241787
1.5 -8 0.0150265
1.5 -7.5 0.0295198
1.5 -7 0.0242746
1.5 -6.5 0.0293175
1.5 -6 0.0179702
1.5 -5.5 0.0313284
1.5 -5 0.0306733
1.5 -4.5 0.0332716
1.5 -4 0.0334353
1.5 -3.5 0.0384678
1.5 -3 0.0494637
1.5 -2.5 0.0590765
1.5 -2 0.0589058
1.5 -1.5 0.0640275
1.5 -1 0.0875124
1.5 -0.5 0.103246
1.5 0 0.108328
1.5 0.5 0.102611
1.5 1 0.0800464
1.5 1.5 0.0712632
1.5 2 0.0595982
1.5 2.5 0.0486789
1.5 3 0.0431948
1.5 3.5 0.0384091
1.5 4 0.0303955
1.5 4.5 0.0234601
1.5 5 0.0267656
1.5 5.5 0.0259328
1.5 6 0.0190207
1.5 6.5 0.0210169
1.5 7 0.0240774
1.5 7.5 0.0209576
1.5 8 0.0260029
1.5 8.5 0.0195034
1.5 9 0.0147364
1.5 9.5 0.0145373
2 -10 0.0201335
2 -9.5 0.0182184
2 -9 0.0191379
2 -8.5 0.0241036
2 -8 0.0313111
2 -7.5 0.0271756
2 -7 0.0345412
2 -6.5 0.0256346
2 -6 0.0292759
2 -5.5 0.0367243
2 -5 0.0413487
2 -4.5 0.0463684
2 -4 0.0489364
2 -3.5 0.0503779
2 -3 0.0591269
2 -2.5 0.0660722
2 -2 0.0716055
2 -1.5 0.0831639
2 -1 0.0960649
2 -0.5 0.10566
2 0 0.115086
2 0.5 0.113115
2 1 0.096174
2 1.5 0.0838564
2 2 0.0745067
2 2.5 0.0704219
2 3 0.0549065
2 3.5 0.0506301
2 4 0.0445534
2 4.5 0.0387751
2 5 0.039875
2 5.5 0.025683
2 6 0.0353767
2 6.5 0.0336378
2 7 0.0302301
2 7.5 0.0345961
2 8 0.0203168
2 8.5 0.0262983
2 9 0.0267722
2 9.5 0.0223568
2.5 -10 0.028577
2.5 -9.5 0.0247388
2.5 -9 0.0284202
2.5 -8.5 0.0314267
2.5 -8 0.0392024
2.5 -7.5 0.0354885
2.5 -7 0.0366858
2.5 -6.5 0.0367799
2.5 -6 0.041201
2.5 -5.5 0.0454087
2.5 -5 0.0573492
2.5 -4.5 0.0524973
2.5 -4 0.0606753
2.5 -3.5 0.0634819
2.5 -3 0.0658377
2.5 -2.5 0.0729914
2.5 -2 0.0816419
2.5 -1.5 0.0956553
2.5 -1 0.112342
2.5 -0.5 0.12126
2.5 0 0.118887
2.5 0.5 0.115402
2.5 1 0.10647
2.5 1.5 0.0946924
2.5 2 0.0813542
2.5 2.5 0.0819207
2.5 3 0.066657
2.5 3.5 0.0654501
2.5 4 0.0590485
2.5 4.5 0.0552649
2.5 5 0.0413401
2.5 5.5 0.0526347
2.5 6 0.0475335
2.5 6.5 0.0383264
2.5 7 0.0410553
2.5 7.5 0.0427457
2.5 8 0.0279803
2.5 8.5 0.0296186
2.5 9 0.0223983
2.5 9.5 0.0223381
3 -10 0.0318467
3 -9.5 0.0339945
3 -9 0.0382498
3 -8.5 0.0383454
3 -8 0.0389689
3 -7.5 0.0342315
3 -7 0.0472981
3 -6.5 0.0404023
3 -6 0.0460556
3 -5.5 0.0559096
3 -5 0.0615078
3 -4.5 0.0621246
3 -4 0.0696399
3 -3.5 0.0674896
3 -3 0.0831767
3 -2.5 0.0853405
3 -2 0.095385
3 -1.5 0.108328
3 -1 0.11541
3 -0.5 0.118759
3 0 0.122887
3 0.5 0.125045
3 1 0.11649
3 1.5 0.10881
3 2 0.0997033
3 2.5 0.0847052
3 3 0.0783958
3 3.5 0.0669441
3 4 0.0661816
3 4.5 0.0633084
3 5 0.056979
3 5.5 0.0542752
3 6 0.0448672
3 6.5 0.044092
3 7 0.0481095
3 7.5 0.0389844
3 8 0.0339476
3 8.5 0.0366709
3 9 0.0365552
3 9.5 0.032524
3.5 -10 0.0321094
3.5 -9.5 0.0329224
3.5 -9 0.0403069
3.5 -8.5 0.0385703
3.5 -8 0.0406699
3.5 -7.5 0.0417437
3.5 -7 0.0385711
3.5 -6.5 0.0535899
3.5 -6 0.0566984
3.5 -5.5 0.0680638
3.5 -5 0.0620931
3.5 -4.5 0.0727165
3.5 -4 0.080867
3.5 -3.5 0.081112
3.5 -3 0.0874809
3.5 -2.5 0.0983467
3.5 -2 0.102035
3.5 -1.5 0.10997
3.5 -1 0.121023
3.5 -0.5 0.125468
3.5 0 0.12671
3.5 0.5 0.122681
3.5 1 0.118271
3.5 1.5 0.109258
3.5 2 0.102975
3.5 2.5 0.0986298
3.5 3 0.0885034
3.5 3.5 0.0830955
3.5 4 0.0706069
3.5 4.5 0.0741691
3.5 5 0.062649
3.5 5.5 0.0636442
3.5 6 0.0552674
3.5 6.5 0.0507146
3.5 7 0.0486009
3.5 7.5 0.0434008
3.5 8 0.0393707
3.5 8.5 0.0473356
3.5 9 0.0353169
3.5 9.5 0.0408153
4 -10 0.0471381
4 -9.5 0.0403787
4 -9 0.0436745
4 -8.5 0.0428444
4 -8 0.0542508
4 -7.5 0.0520184
4 -7 0.0542591
4 -6.5 0.0581206
4 -6 0.0644833
4 -5.5 0.0679623
4 -5 0.0761104
4 -4.5 0.0802776
4 -4 0.0826143
4 -3.5 0.099791
4 -3 0.0982875
4 -2.5 0.106998
4 -2 0.115601
4 -1.5 0.125141
4 -1 0.121548
4 -0.5 0.129792
4 0 0.129488
4 0.5 0.124784
4 1 0.121552
4 1.5 0.118321
4 2 0.111233
4 2.5 0.103575
4 3 0.0978817
4 3.5 0.097062
4 4 0.0822721
4 4.5 0.0821139
4 5 0.0800127
4 5.5 0.0641103
4 6 0.0623194
4 6.5 0.0496409
4 7 0.0577752
4 7.5 0.0556844
4 8 0.0529102
4 8.5 0.0398909
4 9 0.0373867
4 9.5 0.0427204
4.5 -10 0.0474197
4.5 -9.5 0
4.5 -9 0.0502882
4.5 -8.5 0.0534271
4.5 -8 0.0510091
4.5 -7.5 0.0722461
4.5 -7 0.0535584
4.5 -6.5 0.0600762
4.5 -6 0.0681512
4.5 -5.5 0.0783601
4.5 -5 0.0817182
4.5 -4.5 0.0898573
4.5 -4 0.0900988
4.5 -3.5 0.0978496
4.5 -3 0.108646
4.5 -2.5 0.112305
4.5 -2 0.11812
4.5 -1.5 0.123876
4.5 -1 0.126802
4.5 -0.5 0.130983
4.5 0 0.134964
4.5 0.5 0.129917
4.5 1 0.13476
4.5 1.5 0.122997
4.5 2 0.116074
4.5 2.5 0.108602
4.5 3 0.100874
4.5 3.5 0.0995877
4.5 4 0.0904795
4.5 4.5 0.0821361
4.5 5 0.0752975
4.5 5.5 0.0744017
4.5 6 0.0687938
4.5 6.5 0.064996
4.5 7 0.0623472
4.5 7.5 0.0563279
4.5 8 0.0492221
4.5 8.5 0.0437868
4.5 9 0.0459915
4.5 9.5 0.0493359
5 -10 0.0502981
5 -9.5 0.0587664
5 -9 0.0517085
5 -8.5 0.0607648
5 -8 0.0516542
5 -7.5 0.0648808
5 -7 0.0656447
5 -6.5 0.0758884
5 -6 0.0808451
5 -5.5 0.0750886
5 -5 0.0820442
5 -4.5 0.0868814
5 -4 0.0953067
5 -3.5 0.10627
5 -3 0.112615
5 -2.5 0.116361
5 -2 0.113341
5 -1.5 0.12499
5 -1 0.131628
5 -0.5 0.136963
5 0 0.138809
5 0.5 0.135482
5 1 0.135166
5 1.5 0.125305
5 2 0.121996
5 2.5 0.120756
5 3 0.107964
5 3.5 0.101655
5 4 0.0995303
5 4.5 0.0950526
5 5 0.0851799
5 5.5 0.0796233
5 6 0.073741
5 6.5 0.0727133
5 7 0.0669173
5 7.5 0.0544251
5 8 0.0624938
5 8.5 0.0548513
5 9 0.0514803
5 9.5 0.0566592
5.5 -10 0.0566819
5.5 -9.5 0.0552391
5.5 -9 0.0513289
5.5 -8.5 0.0548158
5.5 -8 0.0645886
5.5 -7.5 0.0643437
5.5 -7 0.0692615
5.5 -6.5 0.08256
5.5 -6 0.0811733
5.5 -5.5 0.0916161
5.5 -5 0.0859512
5.5 -4.5 0.0973569
5.5 -4 0.100417
5.5 -3.5 0.118149
5.5 -3 0.123223
5.5 -2.5 0.118304
5.5 -2 0.133591
5.5 -1.5 0.129369
5.5 -1 0.135366
5.5 -0.5 0.138734
5.5 0 0.1408
5.5 0.5 0.136675
5.5 1 0.136857
5.5 1.5 0.1364
5.5 2 0.12904
5.5 2.5 0.116647
5.5 3 0.116798
5.5 3.5 0.105543
5.5 4 0.104085
5.5 4.5 0.0938551
5.5 5 0.0958444
5.5 5.5 0.084059
5.5 6 0.0848685
5.5 6.5 0.0707241
5.5 7 0.0695245
5.5 7.5 0.0757486
5.5 8 0.0558631
5.5 8.5 0.0638711
5.5 9 0.0539696
5.5 9.5 0.0577999
6 -10 0.0464716
6 -9.5 0
6 -9 0.0563237
6 -8.5 0.0636419
6 -8 0.0669433
6 -7.5 0.0699612
6 -7 0.0795983
6 -6.5 0.0732948
6 -6 0.0836609
6 -5.5 0.0904
6 -5 0.0951747
6 -4.5 0.0942211
6 -4 0.102478
6 -3.5 0.110978
6 -3 0.117014
6 -2.5 0.12849
6 -2 0.129842
6 -1.5 0.132661
6 -1 0.132623
6 -0.5 0.13917
6 0 0.144506
6 0.5 0.142006
6 1 0.142215
6 1.5 0.135891
6 2 0.137324
6 2.5 0.123378
6 3 0.116191
6 3.5 0.114651
6 4 0.111407
6 4.5 0.105957
6 5 0.0975198
6 5.5 0.094836
6 6 0.0851165
6 6.5 0.0829646
6 7 0.0811234
6 7.5 0.0687892
6 8 0.0655182
6 8.5 0.0591614
6 9 0.0683719
6 9.5 0.0578222
6.5 -10 0
6.5 -9.5 0.0664362
6.5 -9 0
6.5 -8.5 0.0703728
6.5 -8 0.0695733
6.5 -7.5 0.0681407
6.5 -7 0.0817395
6.5 -6.5 0.0850366
6.5 -6 0.0858188
6.5 -5.5 0.0945999
6.5 -5 0.100029
6.5 -4.5 0.10751
6.5 -4 0.111754
6.5 -3.5 0.117462
6.5 -3 0.124708
6.5 -2.5 0.126381
6.5 -2 0.131248
6.5 -1.5 0.140921
6.5 -1 0.141253
6.5 -0.5 0.144976
6.5 0 0.143163
6.5 0.5 0.142267
6.5 1 0.139448
6.5 1.5 0.138954
6.5 2 0.127125
6.5 2.5 0.132666
6.5 3 0.128128
6.5 3.5 0.117965
6.5 4 0.10839
6.5 4.5 0.105518
6.5 5 0.101034
6.5 5.5 0.094641
6.5 6 0.0912212
6.5 6.5 0.0884817
6.5 7 0.085765
6.5 7.5 0.0756276
6.5 8 0.0706461
6.5 8.5 0.0745774
6.5 9 0.0713656
6.5 9.5 0.0666624
7 -10 0.0651075
7 -9.5 0.0686279
7 -9 0.0700756
7 -8.5 0.067698
7 -8 0.081627
7 -7.5 0.0776171
7 -7 0.0920538
7 -6.5 0.0882794
7 -6 0.101825
7 -5.5 0.0985985
7 -5 0.101211
7 -4.5 0.107742
7 -4 0.115082
7 -3.5 0.120866
7 -3 0.125524
7 -2.5 0.127111
7 -2 0.14185
7 -1.5 0.141799
7 -1 0.143636
7 -0.5 0.150898
7 0 0.141314
7 0.5 0.143079
7 1 0.140476
7 1.5 0.142104
7 2 0.128986
7 2.5 0.132504
7 3 0.138619
7 3.5 0.123849
7 4 0.117732
7 4.5 0.10714
7 5 0.103783
7 5.5 0.0940528
7 6 0.0917716
7 6.5 0.0911649
7 7 0.0821294
7 7.5 0.0832652
7 8 0.0709383
7 8.5 0.076447
7 9 0.0717802
7 9.5 0.0683984
7.5 -10 0.0713394
7.5 -9.5 0.0729368
7.5 -9 0.0722673
7.5 -8.5 0.0781916
7.5 -8 0.0862903
7.5 -7.5 0.0899597
7.5 -7 0.0848657
7.5 -6.5 0.0963695
7.5 -6 0.0969674
7.5 -5.5 0.108285
7.5 -5 0.106218
7.5 -4.5 0.111272
7.5 -4 0.116285
7.5 -3.5 0.120031
7.5 -3 0.13194
7.5 -2.5 0.13462
7.5 -2 0.135398
7.5 -1.5 0.14262
7.5 -1 0.145163
7.5 -0.5 0.15209
7.5 0 0.146387
7.5 0.5 0.147545
7.5 1 0.146198
7.5 1.5 0.143169
7.5 2 0.139567
7.5 2.5 0.144365
7.5 3 0.121931
7.5 3.5 0.124613
7.5 4 0.12354
7.5 4.5 0.114813
7.5 5 0.108402
7.5 5.5 0.100978
7.5 6 0.10065
7.5 6.5 0.0906755
7.5 7 0.0882667
7.5 7.5 0.081363
7.5 8 0.0801295
7.5 8.5 0.0768397
7.5 9 0.0780665
7.5 9.5 0.0715747
8 -10 0.0758364
8 -9.5 0
8 -9 0.0766016
8 -8.5 0.0794646
8 -8 0.0835542
8 -7.5 0.0915347
8 -7 0.101734
8 -6.5 0.0940732
8 -6 0.108218
8 -5.5 0.1047
8 -5 0.105615
8 -4.5 0.116809
8 -4 0.120588
8 -3.5 0.126582
8 -3 0.128507
8 -2.5 0.130947
8 -2 0.137789
8 -1.5 0.146078
8 -1 0.14789
8 -0.5 0.146618
8 0 0.144458
8 0.5 0.152777
8 1 0.149567
8 1.5 0.146287
8 2 0.140593
8 2.5 0.140895
8 3 0.13191
8 3.5 0.122539
8 4 0.12174
8 4.5 0.119573
8 5 0.105727
8 5.5 0.108027
8 6 0.101955
8 6.5 0.0914289
8 7 0.0965799
8 7.5 0.089257
8 8 0.0725448
8 8.5 0.0822843
8 9 0.0743329
8 9.5 0
8.5 -10 0.0753311
8.5 -9.5 0
8.5 -9 0
8.5 -8.5 0.0797859
8.5 -8 0.0820179
8.5 -7.5 0.089973
8.5 -7 0.100238
8.5 -6.5 0.100607
8.5 -6 0.106938
8.5 -5.5 0.10283
8.5 -5 0.120698
8.5 -4.5 0.127289
8.5 -4 0.122172
8.5 -3.5 0.124351
8.5 -3 0.130268
8.5 -2.5 0.134771
8.5 -2 0.135578
8.5 -1.5 0.1404
8.5 -1 0.141062
8.5 -0.5 0.144701
8.5 0 0.145067
8.5 0.5 0.149937
8.5 1 0.145689
8.5 1.5 0.14026
8.5 2 0.139431
8.5 2.5 0.134567
8.5 3 0.13001
8.5 3.5 0.124005
8.5 4 0.127624
8.5 4.5 0.112163
8.5 5 0.117014
8.5 5.5 0.112713
8.5 6 0.108904
8.5 6.5 0.105214
8.5 7 0.103262
8.5 7.5 0.0982124
8.5 8 0.0933763
8.5 8.5 0.0798981
8.5 9 0.0784587
8.5 9.5 0.0782607
9 -10 0.0761182
9 -9.5 0.0905447
9 -9 0.0847864
9 -8.5 0
9 -8 0
9 -7.5 0.0976105
9 -7 0.105963
9 -6.5 0.100422
9 -6 0.111688
9 -5.5 0.108679
9 -5 0.120287
9 -4.5 0.121131
9 -4 0.121414
9 -3.5 0.116936
9 -3 0.126118
9 -2.5 0.138755
9 -2 0.140749
9 -1.5 0.141325
9 -1 0.142219
9 -0.5 0.144245
9 0 0.145857
9 0.5 0.152482
9 1 0.149204
9 1.5 0.143515
9 2 0.137219
9 2.5 0.141779
9 3 0.139581
9 3.5 0.132989
9 4 0.120409
9 4.5 0.116204
9 5 0.118643
9 5.5 0.107978
9 6 0.108643
9 6.5 0.105623
9 7 0.10202
9 7.5 0.0958284
9 8 0.0969691
9 8.5 0.0919808
9 9 0
9 9.5 0.0797627
9.5 -10 0.0798609
9.5 -9.5 0.0822592
9.5 -9 0
9.5 -8.5 0
9.5 -8 0.0958868
9.5 -7.5 0.102123
9.5 -7 0.109517
9.5 -6.5 0.103807
9.5 -6 0.106278
9.5 -5.5 0.115864
9.5 -5 0.1208
9.5 -4.5 0.125547
9.5 -4 0.119903
9.5 -3.5 0.130046
9.5 -3 0.136029
9.5 -2.5 0.137147
9.5 -2 0.14241
9.5 -1.5 0.14469
9.5 -1 0.149349
9.5 -0.5 0.148587
9.5 0 0.149098
9.5 0.5 0.148926
9.5 1 0.153057
9.5 1.5 0.142741
9.5 2 0.137068
9.5 2.5 0.137948
9.5 3 0.135618
9.5 3.5 0.131472
9.5 4 0.124293
9.5 4.5 0.124851
9.5 5 0.114657
9.5 5.5 0.120123
9.5 6 0.116059
9.5 6.5 0.110343
9.5 7 0.096725
9.5 7.5 0
9.5 8 0.0893088
9.5 8.5 0.0987833
9.5 9 0.0839866
9.5 9.5 0
