-10 -10 0
-10 -9.5 0
-10 -9 0
-10 -8.5 0
-10 -8 0.00731453
-10 -7.5 0
-10 -7 0
-10 -6.5 0
-10 -6 0.00198366
-10 -5.5 0.00594327
-10 -5 0.00436
-10 -4.5 0.0081484
-10 -4 0.00703738
-10 -3.5 0.0111094
-10 -3 0.0109115
-10 -2.5 0.00803873
-10 -2 0.0105061
-10 -1.5 0.0135562
-10 -1 0.0110905
-10 -0.5 0.013911
-10 0 0.01281
-10 0.5 0.0144782
-10 1 0.0142703
-10 1.5 0.00937695
-10 2 0.0098557
-10 2.5 0.0116905
-10 3 0.00978408
-10 3.5 0.0106355
-10 4 0.012847
-10 4.5 0.0099115
-10 5 0.00634524
-10 5.5 0.00648346
-10 6 0.00467468
-10 6.5 0.00471761
-10 7 0.00965271
-10 7.5 0.00392219
-10 8 0.00224865
-10 8.5 0
-10 9 0
-10 9.5 0
-9.5 -10 0
-9.5 -9.5 0
-9.5 -9 0
-9.5 -8.5 0.00221264
-9.5 -8 0
-9.5 -7.5 0.0038688
-9.5 -7 0.00682842
-9.5 -6.5 0.00786295
-9.5 -6 0.00749945
-9.5 -5.5 0.00154124
-9.5 -5 0.00793518
-9.5 -4.5 0
-9.5 -4 0.00942492
-9.5 -3.5 0.00701455
-9.5 -3 0.0129546
-9.5 -2.5 0.0101214
-9.5 -2 0.0145427
-9.5 -1.5 0.0159627
-9.5 -1 0.0126924
-9.5 -0.5 0.0113086
-9.5 0 0.0341153
-9.5 0.5 0.0147974
-9.5 1 0.0148258
-9.5 1.5 0.0120598
-9.5 2 0.0133311
-9.5 2.5 0.0112876
-9.5 3 0.0145393
-9.5 3.5 0.0102076
-9.5 4 0.00897711
-9.5 4.5 0.00774618
-9.5 5 0.0115986
-9.5 5.5 0.00656023
-9.5 6 0.00494379
-9.5 6.5 0.0045079
-9.5 7 0.000766974
-9.5 7.5 0
-9.5 8 0.00123944
-9.5 8.5 0
-9.5 9 0
-9.5 9.5 0
-9 -10 0
-9 -9.5 0
-9 -9 0
-9 -8.5 0
-9 -8 0.00312319
-9 -7.5 0.0051058
-9 -7 0.00730994
-9 -6.5 0.0155661
-9 -6 0.0069089
-9 -5.5 0.0106512
-9 -5 0.00825467
-9 -4.5 0.00520905
-9 -4 0.0153966
-9 -3.5 0.0167722
-9 -3 0.0138706
-9 -2.5 0.00653839
-9 -2 0.014929
-9 -1.5 0.0127822
-9 -1 0.017464
-9 -0.5 0.0182949
-9 0 0.0170441
-9 0.5 0.0140399
-9 1 0.0141751
-9 1.5 0.0146942
-9 2 0.0123342
-9 2.5 0.0146042
-9 3 0.0138298
-9 3.5 0.00907563
-9 4 0.0122974
-9 4.5 0.00741911
-9 5 0.00249455
-9 5.5 0.00911615
-9 6 0.00260753
-9 6.5 0.000657302
-9 7 0.00863997
-9 7.5 0.0030402
-9 8 0
-9 8.5 0.000872548
-9 9 0
-9 9.5 0.00118465
-8.5 -10 0.0020504
-8.5 -9.5 0
-8.5 -9 0
-8.5 -8.5 0.00361842
-8.5 -8 0
-8.5 -7.5 0.00890376
-8.5 -7 0.00621093
-8.5 -6.5 0.00619598
-8.5 -6 0.0109675
-8.5 -5.5 0.00609234
-8.5 -5 0.00984058
-8.5 -4.5 0.0123666
-8.5 -4 0.0205032
-8.5 -3.5 0.0121263
-8.5 -3 0.0127426
-8.5 -2.5 0.0176396
-8.5 -2 0.0173836
-8.5 -1.5 0.017969
-8.5 -1 0.0161753
-8.5 -0.5 0.0146991
-8.5 0 0.0174696
-8.5 0.5 0.0148889
-8.5 1 0.0143235
-8.5 1.5 0.0201361
-8.5 2 0.0164428
-8.5 2.5 0.018241
-8.5 3 0.0111942
-8.5 3.5 0.011481
-8.5 4 0.0176173
-8.5 4.5 0.0109424
-8.5 5 0.010945
-8.5 5.5 0.00811865
-8.5 6 0.00947148
-8.5 6.5 0.0044844
-8.5 7 0
-8.5 7.5 0.00521297
-8.5 8 0.00231784
-8.5 8.5 0
-8.5 9 0
-8.5 9.5 0.000826099
-8 -10 0
-8 -9.5 0.0533427
-8 -9 0.00776632
-8 -8.5 0
-8 -8 0.00700396
-8 -7.5 0.0130273
-8 -7 0.00646159
-8 -6.5 0.00899537
-8 -6 0.0070811
-8 -5.5 0.00976101
-8 -5 0.0126594
-8 -4.5 0.00903255
-8 -4 0.00830773
-8 -3.5 0.0139925
-8 -3 0.0124528
-8 -2.5 0.0137774
-8 -2 0.024386
-8 -1.5 0.0123044
-8 -1 0.0220151
-8 -0.5 0.0183948
-8 0 0.0138338
-8 0.5 0.0208221
-8 1 0.0273184
-8 1.5 0.0188804
-8 2 0.0196557
-8 2.5 0.0163791
-8 3 0.0155134
-8 3.5 0.0173459
-8 4 0.0132319
-8 4.5 0.0114859
-8 5 0.0122003
-8 5.5 0.0119793
-8 6 0.00462307
-8 6.5 0.0171142
-8 7 0.00468245
-8 7.5 0.000397801
-8 8 0
-8 8.5 0.00149879
-8 9 0.00492022
-8 9.5 0
-7.5 -10 0
-7.5 -9.5 0
-7.5 -9 0
-7.5 -8.5 0.00508061
-7.5 -8 0.00571212
-7.5 -7.5 0.00383475
-7.5 -7 0.0115099
-7.5 -6.5 0.00780812
-7.5 -6 0.00697601
-7.5 -5.5 0.0108752
-7.5 -5 0.0150325
-7.5 -4.5 0.0102932
-7.5 -4 0.0185698
-7.5 -3.5 0.0146953
-7.5 -3 0.0161957
-7.5 -2.5 0.0152116
-7.5 -2 0.0248894
-7.5 -1.5 0.020912
-7.5 -1 0.0191247
-7.5 -0.5 0.0197726
-7.5 0 0.0223906
-7.5 0.5 0.018375
-7.5 1 0.0247182
-7.5 1.5 0.0207123
-7.5 2 0.0156401
-7.5 2.5 0.0167009
-7.5 3 0.0153013
-7.5 3.5 0.012837
-7.5 4 0.0140002
-7.5 4.5 0.0160127
-7.5 5 0.0156081
-7.5 5.5 0.0154815
-7.5 6 0.00870771
-7.5 6.5 0.0114982
-7.5 7 0.00486433
-7.5 7.5 0
-7.5 8 0.00382023
-7.5 8.5 0
-7.5 9 0
-7.5 9.5 0.00176983
-7 -10 0.00366593
-7 -9.5 0
-7 -9 0.000863111
-7 -8.5 0
-7 -8 0.00417552
-7 -7.5 0.00861142
-7 -7 0
-7 -6.5 0.00819386
-7 -6 0.00129159
-7 -5.5 0.0117163
-7 -5 0.0145697
-7 -4.5 0.0172803
-7 -4 0.0136637
-7 -3.5 0.0196717
-7 -3 0.0155541
-7 -2.5 0.017011
-7 -2 0.0262234
-7 -1.5 0.0221178
-7 -1 0.021609
-7 -0.5 0.0289061
-7 0 0.0219385
-7 0.5 0.0215335
-7 1 0.0262363
-7 1.5 0.0247785
-7 2 0.0232691
-7 2.5 0.0195966
-7 3 0.022032
-7 3.5 0.0170602
-7 4 0.0175015
-7 4.5 0.0123111
-7 5 0.0123518
-7 5.5 0.0112152
-7 6 0.0141796
-7 6.5 0.0126182
-7 7 0.00953884
-7 7.5 0.00832084
-7 8 0
-7 8.5 0.0128661
-7 9 0
-7 9.5 0.00513146
-6.5 -10 0.000804291
-6.5 -9.5 0.00621149
-6.5 -9 0.00113486
-6.5 -8.5 0.000920572
-6.5 -8 0.00917289
-6.5 -7.5 0.0119879
-6.5 -7 0.00733665
-6.5 -6.5 0.0121226
-6.5 -6 0.015133
-6.5 -5.5 0.0179199
-6.5 -5 0.0141642
-6.5 -4.5 0.0154616
-6.5 -4 0.018214
-6.5 -3.5 0.0194693
-6.5 -3 0.0223906
-6.5 -2.5 0.0215736
-6.5 -2 0.0247927
-6.5 -1.5 0.0270429
-6.5 -1 0.0226765
-6.5 -0.5 0.0220119
-6.5 0 0.0222455
-6.5 0.5 0.0265366
-6.5 1 0.0200746
-6.5 1.5 0.0222833
-6.5 2 0.0213659
-6.5 2.5 0.0266882
-6.5 3 0.0208653
-6.5 3.5 0.0162991
-6.5 4 0.0152223
-6.5 4.5 0.0162902
-6.5 5 0.0166385
-6.5 5.5 0.0083918
-6.5 6 0.00857846
-6.5 6.5 0.00456546
-6.5 7 0.0113798
-6.5 7.5 0.00239976
-6.5 8 0.0139205
-6.5 8.5 0.00583399
-6.5 9 0.00626598
-6.5 9.5 0.00218078
-6 -10 0
-6 -9.5 0
-6 -9 0.00857875
-6 -8.5 0.00317773
-6 -8 0.00856308
-6 -7.5 0.0102145
-6 -7 0.00508694
-6 -6.5 0.0111113
-6 -6 0.013905
-6 -5.5 0.0143555
-6 -5 0.0131356
-6 -4.5 0.0179692
-6 -4 0.0227352
-6 -3.5 0.0178686
-6 -3 0.0209535
-6 -2.5 0.0225804
-6 -2 0.0254041
-6 -1.5 0.0276545
-6 -1 0.0333878
-6 -0.5 0.0244167
-6 0 0.0271883
-6 0.5 0.0280635
-6 1 0.0262773
-6 1.5 0.0282331
-6 2 0.0230045
-6 2.5 0.0239453
-6 3 0.0247666
-6 3.5 0.0185552
-6 4 0.0198036
-6 4.5 0.0152618
-6 5 0.0194945
-6 5.5 0.0162171
-6 6 0.00819438
-6 6.5 0.01323
-6 7 0.00852849
-6 7.5 0.0105551
-6 8 0.00602898
-6 8.5 0.00586114
-6 9 0.000565384
-6 9.5 0.00157404
-5.5 -10 0.00902789
-5.5 -9.5 0
-5.5 -9 0.00578946
-5.5 -8.5 0.0085226
-5.5 -8 0.00699415
-5.5 -7.5 0.00643354
-5.5 -7 0.0148088
-5.5 -6.5 0.0084837
-5.5 -6 0.0101757
-5.5 -5.5 0.0172332
-5.5 -5 0.018235
-5.5 -4.5 0.0156944
-5.5 -4 0.0190701
-5.5 -3.5 0.025335
-5.5 -3 0.0284844
-5.5 -2.5 0.024137
-5.5 -2 0.028673
-5.5 -1.5 0.0320768
-5.5 -1 0.0284419
-5.5 -0.5 0.0320932
-5.5 0 0.0361256
-5.5 0.5 0.0342794
-5.5 1 0.0337961
-5.5 1.5 0.0312602
-5.5 2 0.0281966
-5.5 2.5 0.0268616
-5.5 3 0.0294598
-5.5 3.5 0.0190894
-5.5 4 0.0230086
-5.5 4.5 0.020647
-5.5 5 0.0158387
-5.5 5.5 0.012426
-5.5 6 0.0124074
-5.5 6.5 0.0132292
-5.5 7 0.0125699
-5.5 7.5 0.00861779
-5.5 8 0.00744179
-5.5 8.5 0.00485091
-5.5 9 0.00394776
-5.5 9.5 0
-5 -10 0
-5 -9.5 0.00459021
-5 -9 0.0102574
-5 -8.5 0.0111621
-5 -8 0.0046846
-5 -7.5 0.00788202
-5 -7 0.0164063
-5 -6.5 0.0132025
-5 -6 0.011545
-5 -5.5 0.0184061
-5 -5 0.0217476
-5 -4.5 0.0186031
-5 -4 0.0192241
-5 -3.5 0.0271479
-5 -3 0.0261659
-5 -2.5 0.0263929
-5 -2 0.0310385
-5 -1.5 0.0320121
-5 -1 0.0326305
-5 -0.5 0.0323947
-5 0 0.0392742
-5 0.5 0.0325475
-5 1 0.0350232
-5 1.5 0.0335652
-5 2 0.0277931
-5 2.5 0.0328441
-5 3 0.0243895
-5 3.5 0.0264434
-5 4 0.0205798
-5 4.5 0.0201249
-5 5 0.0185994
-5 5.5 0.0179806
-5 6 0.0146302
-5 6.5 0.0269422
-5 7 0.0138676
-5 7.5 0.0114569
-5 8 0.00933836
-5 8.5 0.00705057
-5 9 0.00962373
-5 9.5 0.00875925
-4.5 -10 0.00604776
-4.5 -9.5 0.0048942
-4.5 -9 0.00688847
-4.5 -8.5 0.00900062
-4.5 -8 0.00808522
-4.5 -7.5 0.00910472
-4.5 -7 0.0128059
-4.5 -6.5 0.0175857
-4.5 -6 0.0167836
-4.5 -5.5 0.0207202
-4.5 -5 0.0176118
-4.5 -4.5 0.0243927
-4.5 -4 0.0236624
-4.5 -3.5 0.0252272
-4.5 -3 0.0299973
-4.5 -2.5 0.0340995
-4.5 -2 0.027595
-4.5 -1.5 0.037129
-4.5 -1 0.0387343
-4.5 -0.5 0.0378099
-4.5 0 0.0344328
-4.5 0.5 0.0376426
-4.5 1 0.0399146
-4.5 1.5 0.0409559
-4.5 2 0.0326909
-4.5 2.5 0.0321381
-4.5 3 0.0231204
-4.5 3.5 0.0348196
-4.5 4 0.022369
-4.5 4.5 0.0250658
-4.5 5 0.0181956
-4.5 5.5 0.0174976
-4.5 6 0.0118574
-4.5 6.5 0.0119982
-4.5 7 0.0111747
-4.5 7.5 0.0114212
-4.5 8 0.00555368
-4.5 8.5 0.00402414
-4.5 9 0.00780774
-4.5 9.5 0
-4 -10 0.00576145
-4 -9.5 0.00650619
-4 -9 0.0067492
-4 -8.5 0.00261495
-4 -8 0.00988414
-4 -7.5 0.00633601
-4 -7 0.0113807
-4 -6.5 0.0131194
-4 -6 0.0174807
-4 -5.5 0.0201499
-4 -5 0.0218932
-4 -4.5 0.0240075
-4 -4 0.023243
-4 -3.5 0.0265991
-4 -3 0.034133
-4 -2.5 0.0331706
-4 -2 0.0338916
-4 -1.5 0.0363736
-4 -1 0.0439922
-4 -0.5 0.0390092
-4 0 0.0422333
-4 0.5 0.0386152
-4 1 0.0428014
-4 1.5 0.0415166
-4 2 0.0355611
-4 2.5 0.0330258
-4 3 0.0335551
-4 3.5 0.0281044
-4 4 0.0227
-4 4.5 0.0234556
-4 5 0.0200221
-4 5.5 0.0173113
-4 6 0.0234507
-4 6.5 0.0237705
-4 7 0.00875184
-4 7.5 0.0100829
-4 8 0.0116293
-4 8.5 0.0102212
-4 9 0.010873
-4 9.5 0.00340912
-3.5 -10 0.00348198
-3.5 -9.5 0.0115398
-3.5 -9 0.00856792
-3.5 -8.5 0
-3.5 -8 0.00781483
-3.5 -7.5 0.00907832
-3.5 -7 0.0107686
-3.5 -6.5 0.0149019
-3.5 -6 0.0185945
-3.5 -5.5 0.0172621
-3.5 -5 0.0232243
-3.5 -4.5 0.0250636
-3.5 -4 0.0265845
-3.5 -3.5 0.0284042
-3.5 -3 0.0319387
-3.5 -2.5 0.0310969
-3.5 -2 0.0386437
-3.5 -1.5 0.0406722
-3.5 -1 0.0443879
-3.5 -0.5 0.0495906
-3.5 0 0.0470913
-3.5 0.5 0.0427897
-3.5 1 0.043826
-3.5 1.5 0.0419292
-3.5 2 0.0423895
-3.5 2.5 0.0390002
-3.5 3 0.0307632
-3.5 3.5 0.0342561
-3.5 4 0.0258838
-3.5 4.5 0.0253373
-3.5 5 0.0195025
-3.5 5.5 0.0240308
-3.5 6 0.0211255
-3.5 6.5 0.0153148
-3.5 7 0.0128669
-3.5 7.5 0.0123561
-3.5 8 0.0100563
-3.5 8.5 0.00809405
-3.5 9 0.00658747
-3.5 9.5 0.00512514
-3 -10 0.00536272
-3 -9.5 0
-3 -9 0.00909931
-3 -8.5 0.00715197
-3 -8 0.00857598
-3 -7.5 0.0165415
-3 -7 0.0186977
-3 -6.5 0.0135432
-3 -6 0.0190902
-3 -5.5 0.0199069
-3 -5 0.0219904
-3 -4.5 0.0275586
-3 -4 0.0318757
-3 -3.5 0.0320608
-3 -3 0.0380113
-3 -2.5 0.0373867
-3 -2 0.0438208
-3 -1.5 0.0496887
-3 -1 0.0476562
-3 -0.5 0.0482609
-3 0 0.0488624
-3 0.5 0.0486956
-3 1 0.051212
-3 1.5 0.0445003
-3 2 0.0445412
-3 2.5 0.0438157
-3 3 0.035269
-3 3.5 0.0344759
-3 4 0.0323131
-3 4.5 0.0282144
-3 5 0.0226043
-3 5.5 0.0213331
-3 6 0.0168982
-3 6.5 0.01759
-3 7 0.0108372
-3 7.5 0.00903724
-3 8 0.00996257
-3 8.5 0.00282679
-3 9 0.00812522
-3 9.5 0.00322574
-2.5 -10 0
-2.5 -9.5 0.00788886
-2.5 -9 0.0108197
-2.5 -8.5 0.010663
-2.5 -8 0.0142554
-2.5 -7.5 0.0117196
-2.5 -7 0.00947158
-2.5 -6.5 0.0109936
-2.5 -6 0.0160513
-2.5 -5.5 0.0156335
-2.5 -5 0.0264038
-2.5 -4.5 0.0276831
-2.5 -4 0.0305864
-2.5 -3.5 0.0367727
-2.5 -3 0.0384668
-2.5 -2.5 0.0417658
-2.5 -2 0.0481334
-2.5 -1.5 0.0525951
-2.5 -1 0.0509652
-2.5 -0.5 0.0541484
-2.5 0 0.0484693
-2.5 0.5 0.0556424
-2.5 1 0.0523469
-2.5 1.5 0.0485196
-2.5 2 0.0428891
-2.5 2.5 0.0421419
-2.5 3 0.0384856
-2.5 3.5 0.0305438
-2.5 4 0.0327354
-2.5 4.5 0.0255889
-2.5 5 0.0221547
-2.5 5.5 0.0223752
-2.5 6 0.017865
-2.5 6.5 0.0152266
-2.5 7 0.0139977
-2.5 7.5 0.0118269
-2.5 8 0.00870113
-2.5 8.5 0.00927868
-2.5 9 0.00496392
-2.5 9.5 0
-2 -10 0.00645206
-2 -9.5 0.00756514
-2 -9 0.00120152
-2 -8.5 0.0107742
-2 -8 0.0146539
-2 -7.5 0.0113918
-2 -7 0.0150757
-2 -6.5 0.0135144
-2 -6 0.02211
-2 -5.5 0.022545
-2 -5 0.0266953
-2 -4.5 0.02557
-2 -4 0.0311256
-2 -3.5 0.0336995
-2 -3 0.0415925
-2 -2.5 0.0494659
-2 -2 0.0495457
-2 -1.5 0.0527793
-2 -1 0.0552259
-2 -0.5 0.0534657
-2 0 0.0589404
-2 0.5 0.0533862
-2 1 0.057595
-2 1.5 0.0543508
-2 2 0.0530611
-2 2.5 0.0480445
-2 3 0.0373694
-2 3.5 0.0309077
-2 4 0.0324255
-2 4.5 0.0296329
-2 5 0.0252503
-2 5.5 0.0250619
-2 6 0.0194499
-2 6.5 0.015826
-2 7 0.0128302
-2 7.5 0.0128267
-2 8 0.00410257
-2 8.5 0.00618773
-2 9 0.0101671
-2 9.5 0.0044997
-1.5 -10 0.00359125
-1.5 -9.5 0.0119201
-1.5 -9 0
-1.5 -8.5 0.00162767
-1.5 -8 0.0107312
-1.5 -7.5 0.0106569
-1.5 -7 0.0128783
-1.5 -6.5 0.017363
-1.5 -6 0.0191097
-1.5 -5.5 0.0227875
-1.5 -5 0.0293223
-1.5 -4.5 0.0274159
-1.5 -4 0.0326472
-1.5 -3.5 0.0365901
-1.5 -3 0.0398743
-1.5 -2.5 0.0492387
-1.5 -2 0.0557749
-1.5 -1.5 0.0585465
-1.5 -1 0.0637725
-1.5 -0.5 0.0619917
-1.5 0 0.0607268
-1.5 0.5 0.0620756
-1.5 1 0.0658899
-1.5 1.5 0.0621178
-1.5 2 0.0523826
-1.5 2.5 0.0469858
-1.5 3 0.041545
-1.5 3.5 0.038022
-1.5 4 0.0340964
-1.5 4.5 0.0288078
-1.5 5 0.0276276
-1.5 5.5 0.0220246
-1.5 6 0.0184006
-1.5 6.5 0.0155049
-1.5 7 0.018674
-1.5 7.5 0.0129172
-1.5 8 0.0143578
-1.5 8.5 0.0170267
-1.5 9 0.00752225
-1.5 9.5 0.00417154
-1 -10 0
-1 -9.5 0.00573812
-1 -9 0.0120826
-1 -8.5 0.00647608
-1 -8 0.0122626
-1 -7.5 0.0140056
-1 -7 0.0133581
-1 -6.5 0.022599
-1 -6 0.0234851
-1 -5.5 0.0285778
-1 -5 0.0287659
-1 -4.5 0.0326576
-1 -4 0.0360297
-1 -3.5 0.0389866
-1 -3 0.0449601
-1 -2.5 0.0505165
-1 -2 0.0619386
-1 -1.5 0.0627323
-1 -1 0.0727747
-1 -0.5 0.0720037
-1 0 0.0751045
-1 0.5 0.0791322
-1 1 0.0718346
-1 1.5 0.0629031
-1 2 0.0585021
-1 2.5 0.0523723
-1 3 0.0497453
-1 3.5 0.0384226
-1 4 0.0331473
-1 4.5 0.0273065
-1 5 0.023185
-1 5.5 0.0209652
-1 6 0.0191288
-1 6.5 0.0170848
-1 7 0.0121812
-1 7.5 0.0139253
-1 8 0.00895311
-1 8.5 0.0158319
-1 9 0.00535896
-1 9.5 0.0088424
-0.5 -10 0.00996568
-0.5 -9.5 0.00829158
-0.5 -9 0.00706945
-0.5 -8.5 0.0119787
-0.5 -8 0.0114279
-0.5 -7.5 0.0164334
-0.5 -7 0.0138007
-0.5 -6.5 0.0182635
-0.5 -6 0.0195541
-0.5 -5.5 0.0267829
-0.5 -5 0.0310198
-0.5 -4.5 0.0298305
-0.5 -4 0.0321639
-0.5 -3.5 0.0419561
-0.5 -3 0.0416886
-0.5 -2.5 0.0521388
-0.5 -2 0.0615349
-0.5 -1.5 0.0697856
-0.5 -1 0.0804664
-0.5 -0.5 0.0855441
-0.5 0 0.0889146
-0.5 0.5 0.0890622
-0.5 1 0.0778446
-0.5 1.5 0.0686429
-0.5 2 0.05888
-0.5 2.5 0.0554302
-0.5 3 0.0434362
-0.5 3.5 0.0426167
-0.5 4 0.0328414
-0.5 4.5 0.0303279
-0.5 5 0.0279045
-0.5 5.5 0.0242546
-0.5 6 0.0200896
-0.5 6.5 0.0211942
-0.5 7 0.00925201
-0.5 7.5 0.00920723
-0.5 8 0.00941678
-0.5 8.5 0.0166573
-0.5 9 0.0121391
-0.5 9.5 0.00598766
0 -10 0
0 -9.5 0.00594292
0 -9 0.0152999
0 -8.5 0.00914596
0 -8 0.0121119
0 -7.5 0.0151706
0 -7 0.0155927
0 -6.5 0.0218688
0 -6 0.0200375
0 -5.5 0.0199394
0 -5 0.0251157
0 -4.5 0.032479
0 -4 0.0334595
0 -3.5 0.0381194
0 -3 0.0443454
0 -2.5 0.0502564
0 -2 0.059688
0 -1.5 0.0663429
0 -1 0.0839791
0 -0.5 0.101031
0 0 0.122654
0 0.5 0.10152
0 1 0.0809435
0 1.5 0.0696761
0 2 0.0622657
0 2.5 0.054958
0 3 0.0416031
0 3.5 0.0380274
0 4 0.0360636
0 4.5 0.0285149
0 5 0.0254582
0 5.5 0.0219831
0 6 0.0193592
0 6.5 0.0131191
0 7 0.0125619
0 7.5 0.00939029
0 8 0.0134997
0 8.5 0.00596022
0 9 0.00433967
0 9.5 0.00794711
0.5 -10 0.00561766
0.5 -9.5 0.00888527
0.5 -9 0.00868065
0.5 -8.5 0.00536498
0.5 -8 0.00813915
0.5 -7.5 0.00940847
0.5 -7 0.0116162
0.5 -6.5 0.0150687
0.5 -6 0.019475
0.5 -5.5 0.0250977
0.5 -5 0.0258987
0.5 -4.5 0.035666
0.5 -4 0.0379065
0.5 -3.5 0.041475
0.5 -3 0.0429136
0.5 -2.5 0.0527139
0.5 -2 0.0625672
0.5 -1.5 0.0675709
0.5 -1 0.0769445
0.5 -0.5 0.0902785
0.5 0 0.0979094
0.5 0.5 0.0865376
0.5 1 0.0770767
0.5 1.5 0.0697623
0.5 2 0.0583098
0.5 2.5 0.0505355
0.5 3 0.0394417
0.5 3.5 0.0399872
0.5 4 0.0350696
0.5 4.5 0.0342836
0.5 5 0.0218475
0.5 5.5 0.0209758
0.5 6 0.0204775
0.5 6.5 0.0221658
0.5 7 0.0191997
0.5 7.5 0.00912344
0.5 8 0.0129306
0.5 8.5 0.0108409
0.5 9 0.00980191
0.5 9.5 0.00433652
1 -10 0
1 -9.5 0.0132977
1 -9 0.0052065
1 -8.5 0.0135666
1 -8 0.0101038
1 -7.5 0.014172
1 -7 0.0142503
1 -6.5 0.0235363
1 -6 0.0209839
1 -5.5 0.0223233
1 -5 0.0249548
1 -4.5 0.0278846
1 -4 0.0310396
1 -3.5 0.0408069
1 -3 0.0428467
1 -2.5 0.0512758
1 -2 0.0547839
1 -1.5 0.0648001
1 -1 0.0660852
1 -0.5 0.0770093
1 0 0.0803787
1 0.5 0.0799201
1 1 0.0700352
1 1.5 0.0666734
1 2 0.0584183
1 2.5 0.0481369
1 3 0.0436848
1 3.5 0.0428001
1 4 0.0371984
1 4.5 0.0278507
1 5 0.0258495
1 5.5 0.0243537
1 6 0.0202053
1 6.5 0.0150348
1 7 0.0202892
1 7.5 0.00966968
1 8 0.0115356
1 8.5 0.0107131
1 9 0.00841194
1 9.5 0
1.5 -10 0.00978635
1.5 -9.5 0.00985863
1.5 -9 0.00852597
1.5 -8.5 0.00860844
1.5 -8 0.0126304
1.5 -7.5 0.00945498
1.5 -7 0.0167456
1.5 -6.5 0.0202052
1.5 -6 0.0173643
1.5 -5.5 0.0227286
1.5 -5 0.0289742
1.5 -4.5 0.0305787
1.5 -4 0.0314037
1.5 -3.5 0.0373735
1.5 -3 0.0482271
1.5 -2.5 0.047468
1.5 -2 0.0506309
1.5 -1.5 0.056356
1.5 -1 0.0603417
1.5 -0.5 0.0593929
1.5 0 0.064422
1.5 0.5 0.0659774
1.5 1 0.0667387
1.5 1.5 0.0609832
1.5 2 0.0532499
1.5 2.5 0.0531426
1.5 3 0.0439463
1.5 3.5 0.0377671
1.5 4 0.0361609
1.5 4.5 0.0308141
1.5 5 0.0282304
1.5 5.5 0.0230591
1.5 6 0.0179867
1.5 6.5 0.0184342
1.5 7 0.0213515
1.5 7.5 0.0171799
1.5 8 0.0213408
1.5 8.5 0.0109537
1.5 9 0.0112868
1.5 9.5 0.00372015
2 -10 0
2 -9.5 0.00676578
2 -9 0.00474516
2 -8.5 0.0135603
2 -8 0.00486978
2 -7.5 0.0134839
2 -7 0.0137589
2 -6.5 0.0203056
2 -6 0.0183834
2 -5.5 0.0197414
2 -5 0.0242846
2 -4.5 0.0306727
2 -4 0.0340251
2 -3.5 0.038734
2 -3 0.0409179
2 -2.5 0.0442489
2 -2 0.0479
2 -1.5 0.0545866
2 -1 0.0589493
2 -0.5 0.0556547
2 0 0.0576412
2 0.5 0.057954
2 1 0.0532667
2 1.5 0.0518593
2 2 0.0516065
2 2.5 0.04643
2 3 0.0449259
2 3.5 0.0386907
2 4 0.0324658
2 4.5 0.0340392
2 5 0.0213654
2 5.5 0.0206762
2 6 0.0215406
2 6.5 0.0089314
2 7 0.0119587
2 7.5 0.00942417
2 8 0.0164333
2 8.5 0.00457688
2 9 0.00231914
2 9.5 0.00159589
2.5 -10 0.00790469
2.5 -9.5 0.00479197
2.5 -9 0.00806968
2.5 -8.5 0.0121407
2.5 -8 0.0099505
2.5 -7.5 0.0121087
2.5 -7 0.0101994
2.5 -6.5 0.0141536
2.5 -6 0.0208906
2.5 -5.5 0.0196374
2.5 -5 0.0227115
2.5 -4.5 0.0253132
2.5 -4 0.029683
2.5 -3.5 0.0403201
2.5 -3 0.0389115
2.5 -2.5 0.0489987
2.5 -2 0.0472607
2.5 -1.5 0.0492519
2.5 -1 0.0500698
2.5 -0.5 0.0528883
2.5 0 0.05057
2.5 0.5 0.0525887
2.5 1 0.053082
2.5 1.5 0.0506927
2.5 2 0.0460199
2.5 2.5 0.0396293
2.5 3 0.0389781
2.5 3.5 0.0399725
2.5 4 0.0309469
2.5 4.5 0.030999
2.5 5 0.0264047
2.5 5.5 0.0183805
2.5 6 0.015758
2.5 6.5 0.0162221
2.5 7 0.0114715
2.5 7.5 0.00826014
2.5 8 0.00756457
2.5 8.5 0.00799377
2.5 9 0.00606481
2.5 9.5 0.00247507
3 -10 0.00559178
3 -9.5 0.00312477
3 -9 0.00492055
3 -8.5 0.00619676
3 -8 0.0117503
3 -7.5 0.0102969
3 -7 0.0167328
3 -6.5 0.0182172
3 -6 0.0173639
3 -5.5 0.0170818
3 -5 0.0240148
3 -4.5 0.024909
3 -4 0.0294306
3 -3.5 0.0368308
3 -3 0.0377624
3 -2.5 0.0390867
3 -2 0.0425216
3 -1.5 0.048584
3 -1 0.0500948
3 -0.5 0.0513119
3 0 0.0466555
3 0.5 0.0500164
3 1 0.0492762
3 1.5 0.0427923
3 2 0.0447344
3 2.5 0.0437525
3 3 0.0374973
3 3.5 0.0355852
3 4 0.028411
3 4.5 0.024604
3 5 0.0264173
3 5.5 0.0219541
3 6 0.016782
3 6.5 0.0166866
3 7 0.00926354
3 7.5 0.0130738
3 8 0.0133072
3 8.5 0.00983273
3 9 0.00922831
3 9.5 0.00728653
3.5 -10 0
3.5 -9.5 0.00517736
3.5 -9 0.00249379
3.5 -8.5 0.00645585
3.5 -8 0.0114039
3.5 -7.5 0.0178312
3.5 -7 0.0135589
3.5 -6.5 0.0124845
3.5 -6 0.0157162
3.5 -5.5 0.0189111
3.5 -5 0.0251963
3.5 -4.5 0.0247835
3.5 -4 0.0298421
3.5 -3.5 0.0272806
3.5 -3 0.0330524
3.5 -2.5 0.0358594
3.5 -2 0.0413723
3.5 -1.5 0.0409139
3.5 -1 0.0478771
3.5 -0.5 0.0459244
3.5 0 0.0492385
3.5 0.5 0.0464298
3.5 1 0.0454654
3.5 1.5 0.0421062
3.5 2 0.0407106
3.5 2.5 0.0366743
3.5 3 0.0370381
3.5 3.5 0.0312151
3.5 4 0.0272733
3.5 4.5 0.026663
3.5 5 0.0241006
3.5 5.5 0.0203941
3.5 6 0.0143167
3.5 6.5 0.0126103
3.5 7 0.00829366
3.5 7.5 0.00765581
3.5 8 0.0144254
3.5 8.5 0.00744799
3.5 9 0.00721787
3.5 9.5 0.00268547
4 -10 0
4 -9.5 0.00467355
4 -9 0.0100402
4 -8.5 0.013879
4 -8 0.00417681
4 -7.5 0.00828891
4 -7 0.0117241
4 -6.5 0.0122439
4 -6 0.0128111
4 -5.5 0.0212403
4 -5 0.0192794
4 -4.5 0.0208791
4 -4 0.0268797
4 -3.5 0.0244025
4 -3 0.0340612
4 -2.5 0.0302709
4 -2 0.0337569
4 -1.5 0.0357037
4 -1 0.0401441
4 -0.5 0.0397062
4 0 0.0416646
4 0.5 0.0439761
4 1 0.0430043
4 1.5 0.0412758
4 2 0.0330184
4 2.5 0.0319619
4 3 0.0326837
4 3.5 0.0271616
4 4 0.0237382
4 4.5 0.0230085
4 5 0.0205867
4 5.5 0.0172847
4 6 0.0147672
4 6.5 0.00875316
4 7 0.010307
4 7.5 0.0173006
4 8 0.0114
4 8.5 0.00662527
4 9 0.0133945
4 9.5 0.00037922
4.5 -10 0.00235792
4.5 -9.5 0
4.5 -9 0.00218849
4.5 -8.5 0.00741394
4.5 -8 0.011206
4.5 -7.5 0.0153452
4.5 -7 0.0128836
4.5 -6.5 0.0101853
4.5 -6 0.0150418
4.5 -5.5 0.0213711
4.5 -5 0.0264673
4.5 -4.5 0.0216379
4.5 -4 0.0283496
4.5 -3.5 0.0270718
4.5 -3 0.0250395
4.5 -2.5 0.0283029
4.5 -2 0.0319429
4.5 -1.5 0.0358734
4.5 -1 0.0405796
4.5 -0.5 0.0413927
4.5 0 0.0384663
4.5 0.5 0.0389868
4.5 1 0.0342228
4.5 1.5 0.041268
4.5 2 0.0353631
4.5 2.5 0.0306952
4.5 3 0.0336107
4.5 3.5 0.027529
4.5 4 0.023896
4.5 4.5 0.0213988
4.5 5 0.0197298
4.5 5.5 0.0162467
4.5 6 0.0159529
4.5 6.5 0.0102429
4.5 7 0.0129392
4.5 7.5 0.00861958
4.5 8 0.00588315
4.5 8.5 0.00776779
4.5 9 0
4.5 9.5 0.00771091
5 -10 0.0053365
5 -9.5 0.000761734
5 -9 0.00641761
5 -8.5 0.00841445
5 -8 0.00677662
5 -7.5 0.00756601
5 -7 0.0127522
5 -6.5 0.0172717
5 -6 0.0142108
5 -5.5 0.0160781
5 -5 0.0162057
5 -4.5 0.0206672
5 -4 0.0225298
5 -3.5 0.0257646
5 -3 0.026408
5 -2.5 0.0313405
5 -2 0.0345047
5 -1.5 0.0304002
5 -1 0.0318814
5 -0.5 0.0353392
5 0 0.0346194
5 0.5 0.0379689
5 1 0.0325379
5 1.5 0.0327901
5 2 0.0312043
5 2.5 0.0318149
5 3 0.0236617
5 3.5 0.0209855
5 4 0.0252238
5 4.5 0.0213123
5 5 0.0177733
5 5.5 0.0131373
5 6 0.0135949
5 6.5 0.00705883
5 7 0.00818675
5 7.5 0.00862099
5 8 0.00327817
5 8.5 0.0106302
5 9 0.00416504
5 9.5 0.00188814
5.5 -10 0.0068741
5.5 -9.5 0.00712494
5.5 -9 0.00916162
5.5 -8.5 0.00747035
5.5 -8 0.0119718
5.5 -7.5 0.0198006
5.5 -7 0.0122192
5.5 -6.5 0.00678155
5.5 -6 0.0119121
5.5 -5.5 0.0147509
5.5 -5 0.0114701
5.5 -4.5 0.016028
5.5 -4 0.0213426
5.5 -3.5 0.0216831
5.5 -3 0.0210942
5.5 -2.5 0.0252428
5.5 -2 0.0247006
5.5 -1.5 0.0291642
5.5 -1 0.0328977
5.5 -0.5 0.0310711
5.5 0 0.0283123
5.5 0.5 0.0350023
5.5 1 0.0291532
5.5 1.5 0.0279794
5.5 2 0.0277927
5.5 2.5 0.0254562
5.5 3 0.0249922
5.5 3.5 0.0213997
5.5 4 0.0224347
5.5 4.5 0.0173952
5.5 5 0.0141326
5.5 5.5 0.0196845
5.5 6 0.0126322
5.5 6.5 0.00712725
5.5 7 0.00870605
5.5 7.5 0.00882342
5.5 8 0.0030088
5.5 8.5 0.00665682
5.5 9 0
5.5 9.5 0.00587122
6 -10 0
6 -9.5 0
6 -9 0
6 -8.5 0
6 -8 0.00569814
6 -7.5 0.00513727
6 -7 0.00198463
6 -6.5 0.0125455
6 -6 0.0118073
6 -5.5 0.01287
6 -5 0.0145984
6 -4.5 0.0173766
6 -4 0.0239242
6 -3.5 0.0222975
6 -3 0.026591
6 -2.5 0.0269938
6 -2 0.0286331
6 -1.5 0.0247358
6 -1 0.0295516
6 -0.5 0.031868
6 0 0.0316767
6 0.5 0.0264515
6 1 0.0297085
6 1.5 0.0243034
6 2 0.02101
6 2.5 0.0264902
6 3 0.0267205
6 3.5 0.0196639
6 4 0.0176936
6 4.5 0.0187
6 5 0.0107102
6 5.5 0.0105856
6 6 0.0102007
6 6.5 0.0107183
6 7 0.0098603
6 7.5 0.00532034
6 8 0.00329017
6 8.5 0.0128081
6 9 0.010482
6 9.5 0.00390381
6.5 -10 0
6.5 -9.5 0.00158077
6.5 -9 0
6.5 -8.5 0.00172906
6.5 -8 0.00609559
6.5 -7.5 0.00579285
6.5 -7 0.0116632
6.5 -6.5 0.0126088
6.5 -6 0.00877674
6.5 -5.5 0.0114672
6.5 -5 0.0134448
6.5 -4.5 0.0145975
6.5 -4 0.0181234
6.5 -3.5 0.0235019
6.5 -3 0.0207058
6.5 -2.5 0.0189969
6.5 -2 0.0260749
6.5 -1.5 0.0234908
6.5 -1 0.027261
6.5 -0.5 0.0260474
6.5 0 0.0273416
6.5 0.5 0.0310647
6.5 1 0.0267591
6.5 1.5 0.0251974
6.5 2 0.025263
6.5 2.5 0.0168191
6.5 3 0.0189469
6.5 3.5 0.0181354
6.5 4 0.0141858
6.5 4.5 0.0183508
6.5 5 0.0155383
6.5 5.5 0.0130215
6.5 6 0.0165859
6.5 6.5 0.0126186
6.5 7 0.00549624
6.5 7.5 0.00746846
6.5 8 0.00589953
6.5 8.5 0.00575155
6.5 9 0.00332932
6.5 9.5 0.00159141
7 -10 4.74156e-06
7 -9.5 0
7 -9 0.00494629
7 -8.5 0.00377925
7 -8 0.00667639
7 -7.5 0.0123381
7 -7 0.0124732
7 -6.5 0.012154
7 -6 0.00478815
7 -5.5 0.012975
7 -5 0.0149035
7 -4.5 0.0100617
7 -4 0.0135497
7 -3.5 0.0202197
7 -3 0.0192744
7 -2.5 0.0207209
7 -2 0.0205812
7 -1.5 0.025663
7 -1 0.0267315
7 -0.5 0.02021
7 0 0.0263409
7 0.5 0.0258773
7 1 0.0257589
7 1.5 0.0236754
7 2 0.0203797
7 2.5 0.0269816
7 3 0.0166637
7 3.5 0.0184889
7 4 0.0174249
7 4.5 0.0123362
7 5 0.01927
7 5.5 0.0194649
7 6 0.0108549
7 6.5 0.0119389
7 7 0.0152077
7 7.5 0.00695134
7 8 0.0130481
7 8.5 0.00318328
7 9 0
7 9.5 0.00476366
7.5 -10 0
7.5 -9.5 0.00400295
7.5 -9 0.00791293
7.5 -8.5 0.0070664
7.5 -8 0.00429282
7.5 -7.5 0.00387066
7.5 -7 0.010376
7.5 -6.5 0.016794
7.5 -6 0.011851
7.5 -5.5 0.0129007
7.5 -5 0.0143797
7.5 -4.5 0.0189386
7.5 -4 0.0136353
7.5 -3.5 0.0122914
7.5 -3 0.015561
7.5 -2.5 0.0156742
7.5 -2 0.0191094
7.5 -1.5 0.0184982
7.5 -1 0.0251093
7.5 -0.5 0.0213579
7.5 0 0.0215456
7.5 0.5 0.0233628
7.5 1 0.0180957
7.5 1.5 0.0170602
7.5 2 0.017051
7.5 2.5 0.0161519
7.5 3 0.0160314
7.5 3.5 0.0184963
7.5 4 0.00891891
7.5 4.5 0.012076
7.5 5 0.0154242
7.5 5.5 0.00628601
7.5 6 0.0120944
7.5 6.5 0.00681548
7.5 7 0.00556009
7.5 7.5 0.0120246
7.5 8 0.00503275
7.5 8.5 0.00496802
7.5 9 0
7.5 9.5 0.00522253
8 -10 0.0037116
8 -9.5 0
8 -9 0.00418308
8 -8.5 0.00855382
8 -8 0.00366876
8 -7.5 0.00150709
8 -7 0
8 -6.5 0.0105038
8 -6 0.0046804
8 -5.5 0.00697362
8 -5 0.00915069
8 -4.5 0.0115657
8 -4 0.0111951
8 -3.5 0.0166162
8 -3 0.0166121
8 -2.5 0.0153416
8 -2 0.0184262
8 -1.5 0.0184852
8 -1 0.0114151
8 -0.5 0.0226464
8 0 0.017593
8 0.5 0.0172668
8 1 0.0187894
8 1.5 0.0192166
8 2 0.0140698
8 2.5 0.0143991
8 3 0.0149429
8 3.5 0.0178559
8 4 0.0127783
8 4.5 0.00972471
8 5 0.0109992
8 5.5 0.00740725
8 6 0.0131402
8 6.5 0.00411362
8 7 0.00590284
8 7.5 0.00377001
8 8 0
8 8.5 0
8 9 0.00343881
8 9.5 0
8.5 -10 0
8.5 -9.5 0
8.5 -9 0
8.5 -8.5 0
8.5 -8 0.00791697
8.5 -7.5 0.00449505
8.5 -7 0.00644312
8.5 -6.5 0.0155491
8.5 -6 0.00635661
8.5 -5.5 0.0105762
8.5 -5 0.00991348
8.5 -4.5 0.00894134
8.5 -4 0.0142908
8.5 -3.5 0.0202239
8.5 -3 0.0117575
8.5 -2.5 0.0146212
8.5 -2 0.0144101
8.5 -1.5 0.0198074
8.5 -1 0.0214709
8.5 -0.5 0.0333819
8.5 0 0.0163394
8.5 0.5 0.0182072
8.5 1 0.0133827
8.5 1.5 0.0132769
8.5 2 0.013454
8.5 2.5 0.0206986
8.5 3 0.0157852
8.5 3.5 0.0157812
8.5 4 0.00931285
8.5 4.5 0.0113836
8.5 5 0.00985555
8.5 5.5 0.0079743
8.5 6 0.00818379
8.5 6.5 0.00718228
8.5 7 0.00462956
8.5 7.5 0.00680583
8.5 8 0.00446454
8.5 8.5 0.00772268
8.5 9 0.00447201
8.5 9.5 9.08654e-05
9 -10 0
9 -9.5 0
9 -9 0
9 -8.5 0
9 -8 0
9 -7.5 0.00793959
9 -7 0.00431951
9 -6.5 0.00686091
9 -6 0.00749435
9 -5.5 0.0140019
9 -5 0.00872296
9 -4.5 0.0143634
9 -4 0.0102061
9 -3.5 0.0451855
9 -3 0.0152736
9 -2.5 0.0149328
9 -2 0.0110287
9 -1.5 0.010223
9 -1 0.0123892
9 -0.5 0.0152
9 0 0.0129488
9 0.5 0.0122978
9 1 0.0116115
9 1.5 0.0263857
9 2 0.0163936
9 2.5 0.0101852
9 3 0.0184477
9 3.5 0.0114236
9 4 0.0193614
9 4.5 0.00813083
9 5 0.0100544
9 5.5 0.0118676
9 6 0.0041426
9 6.5 0.0102602
9 7 0.00536734
9 7.5 0.00461941
9 8 0.00819625
9 8.5 0.00413371
9 9 0
9 9.5 0
9.5 -10 0
9.5 -9.5 0
9.5 -9 0
9.5 -8.5 0
9.5 -8 0.00610741
9.5 -7.5 0.00615937
9.5 -7 0.00898251
9.5 -6.5 0.00455963
9.5 -6 0.0116228
9.5 -5.5 0.00803092
9.5 -5 0.00925787
9.5 -4.5 0.00664771
9.5 -4 0.0153114
9.5 -3.5 0.0135262
9.5 -3 0.0115331
9.5 -2.5 0.016048
9.5 -2 0.0132816
9.5 -1.5 0.0140838
9.5 -1 0.00962068
9.5 -0.5 0.0152685
9.5 0 0.0126876
9.5 0.5 0.0156346
9.5 1 0.014225
9.5 1.5 0.0187417
9.5 2 0.0109729
9.5 2.5 0.00948526
9.5 3 0.00706395
9.5 3.5 0.00861604
9.5 4 0.0104023
9.5 4.5 0.00613992
9.5 5 0.00786304
9.5 5.5 0.00976798
9.5 6 0.00601451
9.5 6.5 0.00574989
9.5 7 0.00213484
9.5 7.5 0
9.5 8 0.00731094
9.5 8.5 0.00507358
9.5 9 0.00065236
9.5 9.5 0
