#Star points (r, v, dv)
47.12  237.890983903  7.4878110594
41.59  253.333898837  7.42105494297
37.84  235.88830041  7.28754271011
34.63  230.214030513  6.59772950702
31.59  235.298621381  7.35429882654
29.27  218.409323925  7.46555902059
27.67  231.805051288  7.54344115642
26.42  226.16415945  7.57681921464
25.35  225.730244693  6.92038406976
24.28  245.534559234  7.47668503999
23.2  240.861631084  6.86475397273
22.13  235.231865265  6.7979978563
21.06  234.275027596  6.3307050413
20.17  236.81176002  7.33204678773
19.46  228.645261777  7.19853455487
18.74  237.579455359  6.97601416678
18.03  237.112162544  7.18740853547
17.31  245.912843894  6.50872135178
16.6  241.963107005  6.92038406976
15.89  246.280002534  6.38633513833
15.17  236.678247788  6.67561164285
14.46  249.450918064  5.79665610988
13.74  237.824227786  6.0859326144
13.03  249.094885443  5.67426989642
12.49  239.61551691  7.35429882654
12.14  239.326240406  7.39880290416
11.78  231.704917114  7.17628251606
11.42  220.779166058  7.66582736987
11.07  222.592707221  7.14290445785
10.71  229.012420418  6.65335960404
10.35  224.094719841  7.38767688476
10.0  219.755572273  7.20966057428
9.64  201.264128022  7.32092076833
9.28  202.877400836  6.64223358464
8.92  199.372704723  6.73124173987
8.57  198.204472686  6.83137591452
8.21  184.66410707  6.87587999214
7.85  184.174562217  6.50872135178
7.5  185.431802409  6.43083921595
7.14  184.730863187  6.18606678904
6.78  183.084212315  6.0859326144
6.43  183.251102606  6.01917649797
6.07  188.869742405  5.78553009047
5.71  180.814504356  5.55188368297
5.35  172.447737764  5.24035513964
5.0  167.340894857  4.9177005769
4.64  162.812604959  4.70630620821
4.28  153.144094097  4.55054193654
3.93  153.622512931  4.48378582012
3.57  141.695420129  4.16113125738
3.21  133.184015285  3.9831149469
2.86  128.210684611  3.80509863643
2.5  116.049945401  3.46019203488
2.14  101.408103865  3.33780582143
1.78  83.2170621379  3.12641145274
1.43  73.5040471975  2.93726912285
1.07  54.2004035303  2.74812679297
0.71  33.4169992822  2.62574057952
0.36  20.0657759965  2.53673242428
0.0  5.20141407174  2.54785844369
0.36  7.60463426313  2.48110232726
0.71  26.5522453094  2.43659824964
1.07  39.2915375279  2.53673242428
1.43  55.6912901305  2.64799261833
1.78  67.6517609906  2.69249669595
2.14  80.0795246657  2.84826096762
2.5  99.2607821195  3.07078135571
2.86  118.13051103  3.23767164678
3.21  127.242720922  3.43793999607
3.57  133.339779556  3.60483028714
3.93  143.386575079  3.80509863643
4.28  150.47384944  3.91635883047
4.64  162.968369231  4.18338329619
5.0  161.021315835  4.51716387833
5.35  169.34357835  4.6840541694
5.71  172.091705143  5.07346484857
6.07  179.06771931  5.34048931428
6.43  181.237293094  5.31823727547
6.78  180.514101832  5.69652193523
7.14  183.640513285  5.77440407107
7.5  186.54440435  6.26394892488
7.85  187.412233863  6.76461979809
8.21  190.961434053  6.84250193392
8.57  186.522152311  7.10952639964
8.92  194.621894438  7.09840038023
9.28  197.603667638  7.08727436083
9.64  206.070568405  7.04277028321
10.0  214.081302377  7.68807940868
10.35  201.364262197  7.45443300118
10.71  210.687866458  7.4878110594
11.07  224.973675374  7.75483552511
11.42  230.65907129  7.88834775797
11.96  234.664438275  5.99692445916
12.67  236.522483516  6.34183106071
13.39  239.871415357  6.34183106071
14.1  251.498105635  6.84250193392
14.82  240.194069919  7.06502232202
15.53  242.708550305  6.68673766226
16.24  245.04501438  7.00939222499
16.96  239.24835827  7.22078659368
17.67  244.633351662  7.38767688476
18.39  246.602657097  7.4878110594
19.28  248.126921755  6.75349377868
20.35  245.60131535  7.47668503999
21.6  229.657729543  7.22078659368
23.2  231.293254396  6.67561164285
24.99  229.568721388  6.82024989511
26.95  231.560278861  6.76461979809
29.45  227.043114983  6.5643514488
32.31  232.817519054  6.72011572047
35.88  224.717776927  7.0316442638
40.34  253.333898836  7.56569319523
45.7  250.685906218  8.03298601023

#Star and gas polinom (r, p_star, p_gas)
0.0  4.45143383813  -44.0577772523
0.1  6.95820389258  -29.7839272887
0.2  9.83485354356  -16.3620354299
0.3  13.0347247964  -3.73865132959
0.4  16.5145317033  8.13654862919
0.5  20.2341848732  19.3109241799
0.6  24.1566229172  29.8290267117
0.7  28.2476506183  39.7327477766
0.8  32.4757836212  49.0614608301
0.9  36.8120994423  57.852156464
1.0  41.2300946033  66.1395713811
1.1  45.7055476976  73.956311353
1.2  50.2163882034  81.3329683974
1.3  54.7425708593  88.2982324003
1.4  59.2659554261  94.8789974029
1.5  63.7701916596  101.100462768
1.6  68.2406093252  106.986229427
1.7  72.6641130887  112.558391416
1.8  77.0290821206  117.83762288
1.9  81.325274258  122.843260741
2.0  85.5437345682  127.593383215
2.1  89.6767081657  132.104884335
2.2  93.7175571351  136.393544659
2.3  97.6606814185  140.474098332
2.4  101.501443527  144.360296645
2.5  105.236096942  148.064968246
2.6  108.861718074  151.600076156
2.7  112.376141654  154.976771726
2.8  115.777899422  158.205445669
2.9  119.066162004  161.295776301
3.0  122.240683852  164.256775119
3.1  125.301751131  167.096829832
3.2  128.250132446  169.823744968
3.3  131.087032292  172.444780169
3.4  133.814047128  174.966686278
3.5  136.433123975  177.395739332
3.6  138.946521422  179.737772548
3.7  141.356772962  181.998206418
3.8  143.666652551  184.182076985
3.9  145.879142303  186.294062406
4.0  147.997402234  188.338507878
4.1  150.024741958  190.31944902
4.2  151.964594269  192.240633775
4.3  153.820490507  194.105542922
4.4  155.596037653  195.917409268
4.5  157.294897051  197.679235583
4.6  158.920764701  199.393811353
4.7  160.477353047  201.063728413
4.8  161.968374189  202.691395516
4.9  163.397524447  204.279051913
5.0  164.768470229  205.828779977
5.1  166.084835114  207.342516941
5.2  167.350188114  208.822065805
5.3  168.568033044  210.269105444
5.4  169.741798942  211.685199978
5.5  170.87483149  213.071807446
5.6  171.970385381  214.430287827
5.7  173.031617576  215.761910439
5.8  174.061581414  217.067860774
5.9  175.063221511  218.349246789
6.0  176.039369418  219.607104692
6.1  176.992739981  220.842404268
6.2  177.925928371  222.056053756
6.3  178.841407737  223.248904328
6.4  179.741527442  224.421754182
6.5  180.628511851  225.575352289
6.6  181.504459625  226.710401812
6.7  182.371343496  227.82756322
6.8  183.231010484  228.927457128
6.9  184.085182521  230.010666877
7.0  184.935457461  231.07774088
7.1  185.783310435  232.129194749
7.2  186.630095535  233.165513219
7.3  187.477047787  234.1871519
7.4  188.3252854  235.194538853
7.5  189.175812254  236.18807602
7.6  190.029520616  237.168140517
7.7  190.887194049  238.135085802
7.8  191.749510508  239.089242735
7.9  192.617045582  240.030920534
8.0  193.490275886  240.960407645
8.1  194.369582562  241.877972533
8.2  195.255254897  242.783864401
8.3  196.14749401  243.678313854
8.4  197.046416626  244.561533502
8.5  197.952058893  245.433718522
8.6  198.864380249  246.295047182
8.7  199.783267316  247.145681328
8.8  200.708537807  247.985766849
8.9  201.639944441  248.815434112
9.0  202.577178854  249.634798392
9.1  203.519875489  250.443960274
9.2  204.467615461  251.243006058
9.3  205.419930391  252.032008154
9.4  206.376306192  252.811025468
9.5  207.33618681  253.580103797
9.6  208.2989779  254.339276224
9.7  209.264050445  255.088563507
9.8  210.230744299  255.82797449
9.9  211.198371657  256.557506509
10.0  212.166220445  257.277145809
10.1  213.133557621  257.986867975
10.2  214.099632391  258.686638367
10.3  215.063679328  259.376412566
10.4  216.024921396  260.056136839
10.5  216.982572878  260.725748603
10.6  217.935842195  261.385176907
10.7  218.883934631  262.034342925
10.8  219.826054943  262.67316046
10.9  220.761409872  263.30153645
11.0  221.68921054  263.919371495
11.1  222.608674742  264.526560386
11.2  223.519029129  265.122992645
11.3  224.419511275  265.708553069
11.4  225.309371647  266.283122283
11.5  226.187875452  266.846577303
11.6  227.054304382  267.398792093
11.7  227.907958255  267.939638135
11.8  228.74815654  268.468984996
11.9  229.574239777  268.986700903
12.0  230.385570903  269.492653308
12.1  231.181536459  269.986709463
12.2  231.961547705  270.468736985
12.3  232.725041634  270.938604421
12.4  233.471481882  271.396181814
12.5  234.200359548  271.84134125
12.6  234.911193915  272.273957413
12.7  235.603533084  272.693908127
12.8  236.27695451  273.101074884
12.9  236.931065462  273.495343368
13.0  237.565503382  273.876603973
13.1  238.179936181  274.244752295
13.2  238.774062436  274.599689624
13.3  239.347611523  274.941323419
13.4  239.90034367  275.269567763
13.5  240.432049937  275.584343812
13.6  240.942552127  275.885580216
13.7  241.431702636  276.173213537
13.8  241.899384231  276.447188634
13.9  242.345509771  276.707459043
14.0  242.770021871  276.953987328
14.1  243.172892511  277.186745419
14.2  243.554122586  277.405714923
14.3  243.913741414  277.610887424
14.4  244.251806195  277.802264751
14.5  244.568401423  277.979859229
14.6  244.863638257  278.143693913
14.7  245.137653858  278.293802791
14.8  245.390610683  278.430230967
14.9  245.622695753  278.553034829
15.0  245.834119881  278.662282183
15.1  246.025116881  278.758052368
15.2  246.195942747  278.840436353
15.3  246.346874806  278.909536805
15.4  246.478210858  278.965468134
15.5  246.590268288  279.008356519
15.6  246.683383172  279.038339908
15.7  246.75790936  279.055567998
15.8  246.814217555  279.060202187
15.9  246.852694377  279.052415513
16.0  246.873741427  279.032392562
16.1  246.877774334  279.000329359
16.2  246.865221813  278.956433237
16.3  246.836524712  278.900922688
16.4  246.792135062  278.834027184
16.5  246.732515132  278.755986992
16.6  246.658136487  278.667052959
16.7  246.569479049  278.567486281
16.8  246.467030168  278.457558253
16.9  246.351283707  278.337550006
17.0  246.222739125  278.20775222
17.1  246.081900586  278.068464824
17.2  245.929276072  277.919996679
17.3  245.765376513  277.762665246
17.4  245.590714934  277.596796242
17.5  245.40580562  277.422723275
17.6  245.211163295  277.240787475
17.7  245.007302322  277.051337105
17.8  244.794735924  276.854727164
17.9  244.573975429  276.651318979
18.0  244.345529524  276.441479785
18.1  244.109903548  276.225582295
18.2  243.867598798  276.004004269
18.3  243.619111861  275.777128062
18.4  243.364933969  275.545340175
18.5  243.105550383  275.309030798
18.6  242.841439798  275.068593342
18.7  242.573073775  274.824423976
18.8  242.300916201  274.576921148
18.9  242.025422772  274.326485116
19.0  241.747040505  274.073517464
19.1  241.466207277  273.818420624
19.2  241.183351386  273.561597398
19.3  240.898891149  273.303450475
19.4  240.613234515  273.044381948
19.5  240.326778714  272.784792843
19.6  240.039909928  272.525082633
19.7  239.753002991  272.265648773
19.8  239.466421117  272.006886223
19.9  239.180515648  271.749186987
20.0  238.895625838  271.492939647
20.1  238.612078653  271.238528913
20.2  238.330188604  270.986335169
20.3  238.050257603  270.736734033
20.4  237.772574843  270.490095922
20.5  237.497416702  270.246785623
20.6  237.225046672  270.007161879
20.7  236.955715316  269.771576974
20.8  236.68966024  269.540376339
20.9  236.427106091  269.313898157
21.0  236.168264582  269.092472992
21.1  235.91333453  268.876423414
21.2  235.662501921  268.666063648
21.3  235.415939996  268.461699229
21.4  235.173809347  268.263626671
21.5  234.936258049  268.072133148
21.6  234.703421791  267.88749619
21.7  234.47542404  267.70998339
21.8  234.252376218  267.539852128
21.9  234.034377887  267.377349305
22.0  233.821516963  267.222711098
22.1  233.613869932  267.07616272
22.2  233.411502093  266.937918204
22.3  233.214467803  266.8081802
22.4  233.022810742  266.68713978
22.5  232.836564185  266.57497627
22.6  232.655751291  266.471857088
22.7  232.480385396  266.377937604
22.8  232.310470322  266.293361009
22.9  232.14600069  266.218258209
23.0  231.986962243  266.152747727
23.1  231.833332177  266.096935621
23.2  231.685079481  266.050915425
23.3  231.542165277  266.014768099
23.4  231.404543169  265.988561995
23.5  231.272159601  265.972352842
23.6  231.144954208  265.966183748
23.7  231.022860183  265.970085209
23.8  230.905804633  265.984075142
23.9  230.793708953  266.008158932
24.0  230.686489183  266.042329486
24.1  230.584056381  266.086567316
24.2  230.486316988  266.140840621
24.3  230.39317319  266.205105396
24.4  230.30452329  266.279305548
24.5  230.220262063  266.363373028
24.6  230.140281123  266.457227977
24.7  230.064469271  266.560778887
24.8  229.992712857  266.67392277
24.9  229.924896125  266.796545343
25.0  229.860901557  266.928521229
25.1  229.800610213  267.069714161
25.2  229.743902062  267.219977208
25.3  229.690656315  267.379153003
25.4  229.640751739  267.547073991
25.5  229.594066975  267.723562677
25.6  229.550480842  267.908431898
25.7  229.509872635  268.101485089
25.8  229.472122419  268.302516569
25.9  229.437111306  268.511311839
26.0  229.404721729  268.727647872
26.1  229.374837706  268.951293432
26.2  229.347345096  269.182009383
26.3  229.322131839  269.419549019
26.4  229.299088198  269.663658387
26.5  229.278106973  269.914076633
26.6  229.259083724  270.170536337
26.7  229.241916969  270.432763864
26.8  229.226508378  270.700479715
26.9  229.212762956  270.973398889
27.0  229.200589213  271.251231237
27.1  229.189899322  271.533681835
27.2  229.180609269  271.820451347
27.3  229.17263899  272.111236392
27.4  229.165912495  272.405729924
27.5  229.160357986  272.703621603
27.6  229.155907956  273.004598169
27.7  229.152499284  273.308343821
27.8  229.150073313  273.614540587
27.9  229.148575921  273.922868711
28.0  229.147957576  274.233007015
28.1  229.148173389  274.544633289
28.2  229.149183141  274.857424649
28.3  229.150951314  275.171057919
28.4  229.153447106  275.485209993
28.5  229.156644426  275.799558204
28.6  229.160521895  276.113780687
28.7  229.165062828  276.42755674
28.8  229.170255199  276.74056717
28.9  229.176091613  277.052494655
29.0  229.182569253  277.363024088
29.1  229.18968982  277.671842912
29.2  229.197459471  277.978641459
29.3  229.205888749  278.283113281
29.4  229.214992487  278.584955479
29.5  229.224789724  278.883869001
29.6  229.235303596  279.17955898
29.7  229.246561241  279.471735013
29.8  229.258593668  279.760111466
29.9  229.271435639  280.044407771
30.0  229.285125537  280.324348693
30.1  229.299705234  280.599664606
30.2  229.315219935  280.870091765
30.3  229.331718039  281.135372544
30.4  229.349250976  281.395255701
30.5  229.367873046  281.649496607
30.6  229.387641261  281.897857461
30.7  229.408615158  282.140107535
30.8  229.430856642  282.376023361
30.9  229.454429789  282.605388938
31.0  229.479400672  282.827995918
31.1  229.505837177  283.043643786
31.2  229.533808805  283.252140035
31.3  229.563386485  283.453300306
31.4  229.594642379  283.646948561
31.5  229.627649686  283.832917201
31.6  229.662482445  284.011047192
31.7  229.69921533  284.181188195
31.8  229.737923465  284.343198667
31.9  229.778682202  284.496945946
32.0  229.821566944  284.642306344
32.1  229.866652927  284.779165219
32.2  229.914015034  284.907417034
32.3  229.963727585  285.026965415
32.4  230.015864147  285.137723186
32.5  230.070497339  285.239612406
32.6  230.127698638  285.332564378
32.7  230.187538181  285.416519667
32.8  230.250084586  285.491428117
32.9  230.315404763  285.557248782
33.0  230.383563725  285.613949987
33.1  230.454624416  285.661509224
33.2  230.528647536  285.69991315
33.3  230.605691364  285.729157519
33.4  230.685811601  285.749247141
33.5  230.769061187  285.760195779
33.6  230.855490168  285.762026101
33.7  230.945145526  285.754769571
33.8  231.038071043  285.738466371
33.9  231.134307144  285.713165252
34.0  231.233890778  285.678923478
34.1  231.336855272  285.635806644
34.2  231.443230223  285.583888593
34.3  231.553041366  285.523251232
34.4  231.666310465  285.453984413
34.5  231.783055209  285.376185779
34.6  231.903289121  285.289960572
34.7  232.027021456  285.19542148
34.8  232.154257128  285.09268849
34.9  232.284996612  284.981888654
35.0  232.419235898  284.86315591
35.1  232.556966412  284.73663092
35.2  232.698174975  284.602460836
35.3  232.842843743  284.460799092
35.4  232.99095016  284.311805237
35.5  233.14246695  284.155644644
35.6  233.297362068  283.992488344
35.7  233.455598697  283.822512794
35.8  233.617135234  283.645899619
35.9  233.781925275  283.462835396
36.0  233.949917653  283.273511443
36.1  234.121056407  283.078123531
36.2  234.295280852  282.876871648
36.3  234.472525557  282.669959797
36.4  234.652720409  282.457595701
36.5  234.835790677  282.239990581
36.6  235.021656998  282.017358881
36.7  235.210235513  281.789918037
36.8  235.401437867  281.557888222
36.9  235.595171328  281.321492041
37.0  235.79133882  281.080954373
37.1  235.989839061  280.836502036
37.2  236.190566611  280.588363554
37.3  236.393412007  280.336768894
37.4  236.59826183  280.081949251
37.5  236.804998855  279.824136727
37.6  237.013502135  279.563564157
37.7  237.22364717  279.300464772
37.8  237.435305984  279.035072052
37.9  237.64834728  278.767619401
38.0  237.862636622  278.498339914
38.1  238.078036511  278.227466136
38.2  238.294406562  277.955229864
38.3  238.51160371  277.681861869
38.4  238.729482262  277.407591684
38.5  238.947894204  277.132647366
38.6  239.166689203  276.857255219
38.7  239.385714948  276.581639714
38.8  239.604817182  276.306023109
38.9  239.823839967  276.030625335
39.0  240.042625851  275.755663774
39.1  240.26101603  275.481353016
39.2  240.478850549  275.207904717
39.3  240.69596849  274.935527334
39.4  240.912208171  274.664426004
39.5  241.127407325  274.394802379
39.6  241.341403304  274.126854339
39.7  241.554033264  273.860775877
39.8  241.765134408  273.596757026
39.9  241.974544092  273.334983565
40.0  242.182100103  273.075636905
40.1  242.387640859  272.818894024
40.2  242.591005521  272.564927156
40.3  242.792034275  272.313903866
40.4  242.99056854  272.065986763
40.5  243.186451072  271.821333428
40.6  243.379526206  271.580096334
40.7  243.569640121  271.342422717
40.8  243.756640905  271.10845441
40.9  243.940378826  270.878327884
41.0  244.120706507  270.652174083
41.1  244.297479077  270.430118277
41.2  244.470554405  270.212280169
41.3  244.639793234  269.998773622
41.4  244.805059378  269.789706811
41.5  244.966219883  269.585181964
41.6  245.123145201  269.385295505
41.7  245.275709382  269.190137872
41.8  245.423790179  268.999793578
41.9  245.567269215  268.814341178
42.0  245.706032197  268.633853163
42.1  245.839968988  268.458396096
42.2  245.968973775  268.288030501
42.3  246.092945215  268.122810942
42.4  246.21178657  267.962785972
42.5  246.325405783  267.807998111
42.6  246.433715657  267.658484051
42.7  246.536633955  267.514274528
42.8  246.634083482  267.375394363
42.9  246.725992208  267.241862625
43.0  246.812293361  267.113692537
43.1  246.892925483  266.990891655
43.2  246.967832604  266.873461782
43.3  247.036964227  266.761399234
43.4  247.100275374  266.654694781
43.5  247.157726785  266.553333715
43.6  247.209284812  266.457296002
43.7  247.25492163  266.366556311
43.8  247.294615078  266.281084279
43.9  247.328348878  266.200844231
44.0  247.356112615  266.125795734
44.1  247.377901644  266.05589348
44.2  247.393717286  265.99108728
44.3  247.403566628  265.931322439
44.4  247.407462706  265.876539737
44.5  247.405424417  265.826675597
44.6  247.397476484  265.781662152
44.7  247.383649408  265.741427484
44.8  247.363979578  265.705895579
44.9  247.338509055  265.674986781
45.0  247.307285597  265.648617621
45.1  247.270362712  265.626700956
45.2  247.227799404  265.609146473
45.3  247.179660252  265.595860553
45.4  247.126015232  265.5867464
45.5  247.066939816  265.581704348
45.6  247.002514568  265.58063177
45.7  246.932825502  265.583423825
45.8  246.857963478  265.589972633
45.9  246.778024503  265.600168531
46.0  246.6931094  265.613899436
46.1  246.603323745  265.631051268
46.2  246.508777811  265.651508126
46.3  246.409586315  265.675152538
46.4  246.305868303  265.701865596
46.5  246.197747192  265.731526881
46.6  246.085350295  265.76401472
46.7  245.968809029  265.799206858
46.8  245.848258524  265.836979635
46.9  245.723837459  265.877209215
47.0  245.595688054  265.919770782
47.1  245.46395579  265.9645395

#Gas points (r, v, dv)
0.0  5.73568552355  6.45309125476
0.36  24.5048352186  6.25282290547
0.36  28.4883952063  6.57547746821
0.71  41.7946693736  6.21944484726
0.71  42.6629439279  6.0970586338
1.07  51.6078184885  5.74102601285
1.07  60.2086765292  5.95242038154
1.43  80.0018650503  5.68539591583
1.43  88.2235483496  5.35161533369
1.78  99.3273157155  5.18472504261
1.78  106.314900943  5.46287552773
2.14  118.041280354  4.58391999476
2.14  122.158352575  4.9177005769
2.5  138.913692758  3.88298077226
2.5  143.609317987  4.61729805297
2.86  150.139846337  3.5158221319
2.86  157.450086127  4.31689552904
3.21  163.079406905  3.271049705
3.21  171.758147081  3.70496446178
3.57  175.651808832  2.88163902583
3.57  184.130280659  3.68271242297
3.93  182.193908242  2.8148829094
3.93  198.538475788  3.32667980202
4.28  207.350283157  2.79263087059
4.47  194.310143374  1.76903708536
4.64  213.113561209  2.64799261833
5.0  204.379190935  2.25858193916
5.17  220.912900811  1.91367533762
5.35  207.928391125  2.15844776452
5.71  210.409493453  2.16957378393
5.88  229.079399055  1.75791106595
6.25  216.640064319  1.60214679428
6.61  233.140396137  1.74678504655
6.96  219.833231888  1.72453300774
7.33  236.956620793  1.86917126
7.67  228.378014791  1.81354116297
8.03  241.529414768  1.89142329881
8.37  237.434594587  1.89142329881
8.75  247.993632043  1.79128912417
9.12  246.235275936  1.80241514357
9.46  254.468975336  1.75791106595
9.83  254.780058839  1.76903708536
10.18  261.367107367  1.68002893012
10.53  262.757414752  1.51313863905
10.89  263.325286782  1.62439883309
11.25  268.453936687  1.35737436738
11.6  265.027567751  1.73565902714
11.96  272.158901149  1.26836621214
12.33  267.497544059  1.65777689131
12.67  277.299122114  1.25724019274
13.04  267.820198622  1.78016310476
13.38  277.844297065  1.29061825095
13.74  269.055186776  1.85804524059
14.09  277.55502056  1.44638252262
14.62  267.642182311  1.66890291071
14.79  278.178077647  1.71340698833
15.53  280.091752985  2.01380951226
15.89  267.341779787  1.65777689131
16.42  278.367219977  1.84691922119
17.3  269.110816873  1.96930543464
17.47  278.86789085  1.96930543464
18.56  266.240303866  2.29195999738
18.6  282.094436477  1.81354116297
19.45  281.438001333  1.94705339583
19.61  262.513087366  2.09169164809
20.16  288.714418023  2.00268349286
20.88  285.743770842  1.96930543464
20.94  263.725823481  1.65777689131
21.74  284.175002106  1.90254931821
22.16  260.599412028  1.57989475547
23.02  261.745392027  1.80241514357
23.09  279.591082111  2.45885028845
23.92  264.515770859  1.45750854202
24.82  267.364031826  1.75791106595
25.49  274.929279981  3.21541960797
25.52  267.330653768  1.68002893012
26.24  269.032934737  1.51313863905
26.96  270.134410658  1.50201261964
27.66  271.358272793  1.55764271667
28.34  273.972442312  2.97064718107
28.36  274.95197706  1.73565902714
29.09  276.053452981  1.94705339583
29.98  281.015657636  1.80241514357
31.05  283.37437375  2.04718757047
32.09  266.429001155  3.82735067523
32.3  285.210166952  2.1028176675
33.85  283.652524235  2.38096815262
35.06  239.893444875  3.38230989904
35.72  280.1923322  2.84826096762
37.16  236.344244685  2.74812679297
37.49  280.425978607  2.43659824964
38.78  243.197872638  2.72587475416
39.26  280.637372976  2.78150485119
40.02  254.401774179  2.53673242428
41.07  256.749364273  1.86917126
41.4  287.335236658  2.5701104825
41.95  256.215315342  2.08056562869
42.66  256.526843885  2.21407786155
43.52  250.863700008  1.89142329881
44.0  289.004139569  2.3475900944
44.65  253.522818646  2.05831358988
45.67  251.520135153  2.38096815262
46.49  286.333894911  3.31555378262
46.89  254.646546606  2.50335436607
48.7  264.114789119  3.24879766619
51.52  256.560221943  5.30711125607
53.5  278.267530843  8.86743746559
56.68  257.583815729  9.55725066868
63.43  264.460140762  11.5710601809
67.27  293.665496658  61.9719280845
