#Star points (r, v, dv)
47.12  237.890983903  7.4878110594
41.59  253.333898837  7.42105494297
37.84  235.88830041  7.28754271011
34.63  230.214030513  6.59772950702
31.59  235.298621381  7.35429882654
29.27  218.409323925  7.46555902059
27.67  231.805051288  7.54344115642
26.42  226.16415945  7.57681921464
25.35  225.730244693  6.92038406976
24.28  245.534559234  7.47668503999
23.2  240.861631084  6.86475397273
22.13  235.231865265  6.7979978563
21.06  234.275027596  6.3307050413
20.17  236.81176002  7.33204678773
19.46  228.645261777  7.19853455487
18.74  237.579455359  6.97601416678
18.03  237.112162544  7.18740853547
17.31  245.912843894  6.50872135178
16.6  241.963107005  6.92038406976
15.89  246.280002534  6.38633513833
15.17  236.678247788  6.67561164285
14.46  249.450918064  5.79665610988
13.74  237.824227786  6.0859326144
13.03  249.094885443  5.67426989642
12.49  239.61551691  7.35429882654
12.14  239.326240406  7.39880290416
11.78  231.704917114  7.17628251606
11.42  220.779166058  7.66582736987
11.07  222.592707221  7.14290445785
10.71  229.012420418  6.65335960404
10.35  224.094719841  7.38767688476
10.0  219.755572273  7.20966057428
9.64  201.264128022  7.32092076833
9.28  202.877400836  6.64223358464
8.92  199.372704723  6.73124173987
8.57  198.204472686  6.83137591452
8.21  184.66410707  6.87587999214
7.85  184.174562217  6.50872135178
7.5  185.431802409  6.43083921595
7.14  184.730863187  6.18606678904
6.78  183.084212315  6.0859326144
6.43  183.251102606  6.01917649797
6.07  188.869742405  5.78553009047
5.71  180.814504356  5.55188368297
5.35  172.447737764  5.24035513964
5.0  167.340894857  4.9177005769
4.64  162.812604959  4.70630620821
4.28  153.144094097  4.55054193654
3.93  153.622512931  4.48378582012
3.57  141.695420129  4.16113125738
3.21  133.184015285  3.9831149469
2.86  128.210684611  3.80509863643
2.5  116.049945401  3.46019203488
2.14  101.408103865  3.33780582143
1.78  83.2170621379  3.12641145274
1.43  73.5040471975  2.93726912285
1.07  54.2004035303  2.74812679297
0.71  33.4169992822  2.62574057952
0.36  20.0657759965  2.53673242428
0.0  5.20141407174  2.54785844369
0.36  7.60463426313  2.48110232726
0.71  26.5522453094  2.43659824964
1.07  39.2915375279  2.53673242428
1.43  55.6912901305  2.64799261833
1.78  67.6517609906  2.69249669595
2.14  80.0795246657  2.84826096762
2.5  99.2607821195  3.07078135571
2.86  118.13051103  3.23767164678
3.21  127.242720922  3.43793999607
3.57  133.339779556  3.60483028714
3.93  143.386575079  3.80509863643
4.28  150.47384944  3.91635883047
4.64  162.968369231  4.18338329619
5.0  161.021315835  4.51716387833
5.35  169.34357835  4.6840541694
5.71  172.091705143  5.07346484857
6.07  179.06771931  5.34048931428
6.43  181.237293094  5.31823727547
6.78  180.514101832  5.69652193523
7.14  183.640513285  5.77440407107
7.5  186.54440435  6.26394892488
7.85  187.412233863  6.76461979809
8.21  190.961434053  6.84250193392
8.57  186.522152311  7.10952639964
8.92  194.621894438  7.09840038023
9.28  197.603667638  7.08727436083
9.64  206.070568405  7.04277028321
10.0  214.081302377  7.68807940868
10.35  201.364262197  7.45443300118
10.71  210.687866458  7.4878110594
11.07  224.973675374  7.75483552511
11.42  230.65907129  7.88834775797
11.96  234.664438275  5.99692445916
12.67  236.522483516  6.34183106071
13.39  239.871415357  6.34183106071
14.1  251.498105635  6.84250193392
14.82  240.194069919  7.06502232202
15.53  242.708550305  6.68673766226
16.24  245.04501438  7.00939222499
16.96  239.24835827  7.22078659368
17.67  244.633351662  7.38767688476
18.39  246.602657097  7.4878110594
19.28  248.126921755  6.75349377868
20.35  245.60131535  7.47668503999
21.6  229.657729543  7.22078659368
23.2  231.293254396  6.67561164285
24.99  229.568721388  6.82024989511
26.95  231.560278861  6.76461979809
29.45  227.043114983  6.5643514488
32.31  232.817519054  6.72011572047
35.88  224.717776927  7.0316442638
40.34  253.333898836  7.56569319523
45.7  250.685906218  8.03298601023

#Star and gas polinom (r, p_star, p_gas)
0.0  4.45148565139  -44.057746032
0.1  6.95823816704  -29.7839042013
0.2  9.83487501889  -16.3620196471
0.3  13.0347374553  -3.73864208281
0.4  16.5145388534  8.13655205217
0.5  20.2341892228  19.3109224381
0.6  24.1566266447  29.8290204142
0.7  28.2476554358  39.7327374852
0.8  32.4757908328  49.0614470624
0.9  36.8121099977  57.8521396959
1.0  41.2301091461  66.1395520491
1.1  45.7055666097  73.9562898573
1.2  50.2164116449  81.3329451036
1.3  54.742598805  88.2982076418
1.4  59.2659876978  94.8789714832
1.5  63.7702279558  101.100435962
1.6  68.2406492472  106.986201985
1.7  72.6641561638  112.558363561
1.8  77.0291278232  117.837594814
1.9  81.3253220275  122.843232646
2.0  85.5437838253  127.593355251
2.1  89.6767583261  132.104856645
2.2  93.7176076217  136.393517369
2.3  97.6607316713  140.474071553
2.4  101.501493012  144.360270473
2.5  105.236145158  148.064942763
2.6  108.86176456  151.600051434
2.7  112.37618599  154.976747824
2.8  115.777941236  158.205422637
2.9  119.066200975  161.295754179
3.0  122.240719708  164.256753939
3.1  125.301783652  167.096809618
3.2  128.250161465  169.823725736
3.3  131.087057692  172.44476193
3.4  133.814068844  174.966669038
3.5  136.43314199  177.395723089
3.6  138.946535766  179.737757299
3.7  141.356783708  181.998192153
3.8  143.666659817  184.182063692
3.9  145.879146244  186.29405007
4.0  147.997403042  188.338496481
4.1  150.024739858  190.319438541
4.2  151.964589514  192.240624191
4.3  153.82048338  194.105534209
4.4  155.596028457  195.9174014
4.5  157.29488611  197.679228533
4.6  158.920752355  199.393805093
4.7  160.477339649  201.063722914
4.8  161.968360101  202.69139075
4.9  163.397510041  204.279047849
5.0  164.768455877  205.828776585
5.1  166.084821189  207.342514193
5.2  167.350174989  208.82206367
5.3  168.568021086  210.269103891
5.4  169.74178851  211.685198979
5.5  170.874822935  213.071806972
5.6  171.97037904  214.430287849
5.7  173.031613774  215.761910929
5.8  174.061580459  217.067861704
5.9  175.063223695  218.349248131
6.0  176.039375012  219.607106421
6.1  176.992749237  220.842406357
6.2  177.92594152  222.056056181
6.3  178.841424987  223.248907063
6.4  179.741548977  224.421757204
6.5  180.628537831  225.575355576
6.6  181.504490187  226.71040534
6.7  182.371378751  227.827566968
6.8  183.231050518  228.927461074
6.9  184.085227395  230.010671001
7.0  184.935507209  231.077745164
7.1  185.783365068  232.129199172
7.2  186.630155039  233.165517763
7.3  187.477112123  234.187156548
7.4  188.325354506  235.194543587
7.5  189.175886044  236.188080824
7.6  190.029598983  237.168145375
7.7  190.887276863  238.135090699
7.8  191.749597619  239.089247656
7.9  192.617136819  240.030925465
8.0  193.49037106  240.960412572
8.1  194.369681468  241.877977442
8.2  195.255357311  242.78386928
8.3  196.147599694  243.67831869
8.4  197.046525328  244.561538283
8.5  197.952170348  245.433723237
8.6  198.86449418  246.29505182
8.7  199.783383436  247.145685878
8.8  200.70865582  247.9857713
8.9  201.640064044  248.815438456
9.0  202.577299737  249.634802617
9.1  203.519997338  250.443964371
9.2  204.467737957  251.24301002
9.3  205.420053214  252.03201197
9.4  206.376429021  252.81102913
9.5  207.336309323  253.580107299
9.6  208.299099777  254.339279556
9.7  209.264171369  255.088566662
9.8  210.230863957  255.827977461
9.9  211.198489741  256.557509289
10.0  212.166336653  257.277148392
10.1  213.133671659  257.986870354
10.2  214.099743972  258.686640536
10.3  215.063788173  259.376414519
10.4  216.025027239  260.056138571
10.5  216.982675462  260.725750108
10.6  217.935941275  261.38517818
10.7  218.884029975  262.034343963
10.8  219.826146332  262.673161256
10.9  220.761497101  263.301537001
11.0  221.689293419  263.919371798
11.1  222.608753095  264.526560437
11.2  223.519102794  265.12299244
11.3  224.419580109  265.708552604
11.4  225.309435521  266.283121557
11.5  226.187934254  266.846576313
11.6  227.054358017  267.398790837
11.7  227.908006645  267.939636611
11.8  228.748199622  268.468983203
11.9  229.574277509  268.98669884
12.0  230.385603257  269.492650973
12.1  231.181563425  269.986706856
12.2  231.96156929  270.468734106
12.3  232.725057861  270.93860127
12.4  233.471492791  271.396178391
12.5  234.200365195  271.841337556
12.6  234.911194374  272.27395345
12.7  235.603528443  272.693903895
12.8  236.276944873  273.101070385
12.9  236.931050946  273.495338605
13.0  237.565484122  273.876598947
13.1  238.179912322  274.24474701
13.2  238.77403414  274.599684082
13.3  239.347578963  274.941317624
13.4  239.900307032  275.269561719
13.5  240.432009417  275.584337522
13.6  240.942507935  275.885573685
13.7  241.43165499  276.17320677
13.8  241.899333359  276.447181635
13.9  242.345455911  276.707451818
14.0  242.769965269  276.953979882
14.1  243.172833419  277.186737758
14.2  243.554061264  277.405707054
14.3  243.913678129  277.610879353
14.4  244.251741217  277.802256484
14.5  244.568335027  277.979850773
14.6  244.863570723  278.143685276
14.7  245.137585468  278.293793979
14.8  245.390541722  278.430221989
14.9  245.622626505  278.553025693
15.0  245.834050633  278.662272896
15.1  246.025047919  278.758042939
15.2  246.195874355  278.840426791
15.3  246.346807268  278.909527118
15.4  246.478144454  278.965458331
15.5  246.590203297  279.008346609
15.6  246.683319866  279.0383299
15.7  246.757848008  279.055557901
15.8  246.814158422  279.060192011
15.9  246.852637721  279.052405267
16.0  246.873687498  279.032382256
16.1  246.877723377  279.000319002
16.2  246.865174065  278.95642284
16.3  246.8364804  278.900912259
16.4  246.792094406  278.834016734
16.5  246.732478343  278.755976531
16.6  246.658103764  278.667042497
16.7  246.569450582  278.567475826
16.8  246.467006137  278.457547817
16.9  246.351264279  278.337539598
17.0  246.222724457  278.20774185
17.1  246.081890823  278.068454501
17.2  245.929271346  277.919986412
17.3  245.765376944  277.762655046
17.4  245.59072063  277.596786118
17.5  245.405816676  277.422713236
17.6  245.211179792  277.24077753
17.7  245.007324328  277.051327263
17.8  244.794763496  276.854717435
17.9  244.574008607  276.65130937
18.0  244.345568336  276.441470305
18.1  244.10994801  276.225572953
18.2  243.867648911  276.003995072
18.3  243.619167612  275.777119019
18.4  243.364995333  275.545331293
18.5  243.10561732  275.309022085
18.6  242.841512257  275.068584805
18.7  242.573151691  274.824415622
18.8  242.300999495  274.576912984
18.9  242.025511355  274.326477148
19.0  241.747134273  274.073509698
19.1  241.466306115  273.818413067
19.2  241.183455167  273.561590055
19.3  240.898999735  273.303443351
19.4  240.613347756  273.044375049
19.5  240.32689645  272.784786173
19.6  240.040031988  272.525076198
19.7  239.753129195  272.265642576
19.8  239.466551273  272.006880268
19.9  239.180649557  271.749181277
20.0  238.895763291  271.492934186
20.1  238.612219433  271.238523704
20.2  238.330332487  270.986330214
20.3  238.050404357  270.736729335
20.4  237.772724229  270.490091483
20.5  237.497568475  270.246781446
20.6  237.225200581  270.007157964
20.7  236.955871106  269.771573323
20.8  236.689817648  269.540372951
20.9  236.427264855  269.313895035
21.0  236.168424432  269.092470135
21.1  235.913495195  268.876420822
21.2  235.662663128  268.666061321
21.3  235.416101468  268.461697166
21.4  235.173970809  268.263624871
21.5  234.936419222  268.072131611
21.6  234.703582398  267.887494914
21.7  234.475583805  267.709982373
21.8  234.252534864  267.539851369
21.9  234.034535139  267.377348802
22.0  233.821672549  267.222710847
22.1  233.614023583  267.07616272
22.2  233.411653542  266.937918453
22.3  233.214616788  266.808180693
22.4  233.022957003  266.687140516
22.5  232.83670747  266.574977244
22.6  232.655891351  266.471858298
22.7  232.480521989  266.377939045
22.8  232.310603212  266.293362678
22.9  232.146129647  266.218260102
23.0  231.987087045  266.15274984
23.1  231.83345261  266.09693795
23.2  231.685195338  266.050917965
23.3  231.54227636  266.014770846
23.4  231.404649288  265.988564944
23.5  231.272260577  265.97235599
23.6  231.14504987  265.96618709
23.7  231.02295037  265.97008874
23.8  230.905889196  265.984078858
23.9  230.79378775  266.008162828
24.0  230.686562086  266.042333557
24.1  230.584123272  266.086571558
24.2  230.486377758  266.140845029
24.3  230.393227745  266.205109965
24.4  230.304571546  266.279310274
24.5  230.220303948  266.363377905
24.6  230.140316575  266.457233002
24.7  230.064498243  266.560784056
24.8  229.992735312  266.673928077
24.9  229.924912039  266.796550785
25.0  229.860910918  266.928526801
25.1  229.800613021  267.06971986
25.2  229.743898332  267.219983028
25.3  229.690646069  267.379158943
25.4  229.640735016  267.547080045
25.5  229.594043823  267.723568843
25.6  229.550451323  267.908438172
25.7  229.509836823  268.101491467
25.8  229.472080398  268.302523049
25.9  229.437063173  268.511318418
26.0  229.404667593  268.727654547
26.1  229.374777686  268.9513002
26.2  229.347279323  269.182016242
26.3  229.322060455  269.419555967
26.4  229.299011355  269.663665422
26.5  229.278024835  269.914083753
26.6  229.258996462  270.17054354
26.7  229.241824766  270.432771148
26.8  229.226411426  270.700487081
26.9  229.212661458  270.973406334
27.0  229.200483379  271.251238762
27.1  229.18978937  271.53368944
27.2  229.180495425  271.820459029
27.3  229.17252149  272.111244153
27.4  229.16579158  272.405737764
27.5  229.160233905  272.703629522
27.6  229.155780964  273.004606168
27.7  229.152369643  273.3083519
27.8  229.149941289  273.614548749
27.9  229.148441786  273.922876955
28.0  229.147821608  274.233015345
28.1  229.148035868  274.544641704
28.2  229.149044352  274.857433154
28.3  229.150811545  275.171066515
28.4  229.153306646  275.485218681
28.5  229.15650357  275.799566987
28.6  229.160380937  276.11378957
28.7  229.164922063  276.427565722
28.8  229.170114927  276.740576257
28.9  229.175952129  277.052503851
29.0  229.182430853  277.363033395
29.1  229.1895528  277.671852334
29.2  229.197324129  277.978650999
29.3  229.205755377  278.283122945
29.4  229.214861376  278.584965269
29.5  229.224661161  278.883878923
29.6  229.23517787  279.179569038
29.7  229.246438632  279.471745211
29.8  229.258474454  279.760121808
29.9  229.271320093  280.044418264
30.0  229.285013927  280.324359339
30.1  229.299597822  280.599675412
30.2  229.315116979  280.870102734
30.3  229.331619786  281.135383684
30.4  229.349157673  281.395267016
30.5  229.367784929  281.649508098
30.6  229.387558558  281.897869139
30.7  229.408538091  282.140119404
30.8  229.430785423  282.376035423
30.9  229.45436462  282.605401199
31.0  229.479341751  282.828008384
31.1  229.505784688  283.043656466
31.2  229.533762923  283.252152928
31.3  229.563347376  283.453313422
31.4  229.594610199  283.646961903
31.5  229.627624581  283.832930771
31.6  229.662464546  284.011060997
31.7  229.699204764  284.18120224
31.8  229.73792034  284.34321296
31.9  229.778686621  284.496960486
32.0  229.821578995  284.642321138
32.1  229.866672688  284.779180272
32.2  229.914042567  284.907432351
32.3  229.963762944  285.026980998
32.4  230.015907374  285.137739039
32.5  230.070548462  285.239628533
32.6  230.127757671  285.33258078
32.7  230.187605128  285.416536353
32.8  230.25015944  285.49144508
32.9  230.315487498  285.55726604
33.0  230.383654309  285.613967527
33.1  230.454722806  285.66152706
33.2  230.52875367  285.699931275
33.3  230.605805172  285.729175944
33.4  230.685932995  285.749265862
33.5  230.769190073  285.760214801
33.6  230.85562644  285.762045422
33.7  230.945289063  285.7547892
33.8  231.038221711  285.738486296
33.9  231.134464801  285.713185482
34.0  231.234055268  285.678944006
34.1  231.337026429  285.635827475
34.2  231.443407872  285.583909723
34.3  231.553225315  285.523272663
34.4  231.666500514  285.454006152
34.5  231.783251152  285.37620781
34.6  231.903490739  285.289982897
34.7  232.027228518  285.19544411
34.8  232.154469391  285.092711415
34.9  232.285213836  284.981911861
35.0  232.419457818  284.863179399
35.1  232.557192774  284.736654693
35.2  232.698405498  284.602484885
35.3  232.843078142  284.460823422
35.4  232.991188153  284.311829834
35.5  233.142708242  284.155669505
35.6  233.297606353  283.992513476
35.7  233.455845673  283.822538178
35.8  233.617384577  283.645925248
35.9  233.782176678  283.462861279
36.0  233.950170786  283.273537569
36.1  234.121310945  283.07814988
36.2  234.295536455  282.876898221
36.3  234.472781893  282.669986596
36.4  234.652977143  282.457622714
36.5  234.836047458  282.240017792
36.6  235.021913495  282.017386287
36.7  235.210491377  281.789945625
36.8  235.401692751  281.557915991
36.9  235.59542488  281.321519993
37.0  235.791590694  281.080982489
37.1  235.990088916  280.8365303
37.2  236.190814093  280.588391957
37.3  236.393656778  280.336797434
37.4  236.598503538  280.081977903
37.5  236.80523716  279.824165497
37.6  237.013736711  279.563593031
37.7  237.223877668  279.300493748
37.8  237.435532072  279.035101119
37.9  237.648568644  278.767648532
38.0  237.86285293  278.498369093
38.1  238.078247439  278.227495363
38.2  238.294611809  277.955259145
38.3  238.511802953  277.681891177
38.4  238.729675218  277.407621008
38.5  238.948080558  277.132676685
38.6  239.166868684  276.85728455
38.7  239.38588727  276.581669015
38.8  239.60498207  276.306052392
38.9  239.823997165  276.03065458
39.0  240.042775101  275.755692951
39.1  240.26115708  275.481382131
39.2  240.478983166  275.207933748
39.3  240.69609244  274.935556283
39.4  240.912323247  274.664454878
39.5  241.127513309  274.394831125
39.6  241.341500003  274.126882957
39.7  241.554120499  273.860804354
39.8  241.765211991  273.596785371
39.9  241.974611861  273.33501176
40.0  242.182157914  273.075664939
40.1  242.387688561  272.818921863
40.2  242.591042994  272.564954813
40.3  242.792061399  272.313931322
40.4  242.990585211  272.066013998
40.5  243.186457178  271.821360447
40.6  243.379521696  271.580123111
40.7  243.569624907  271.342449265
40.8  243.756614945  271.108480706
40.9  243.940342067  270.878353925
41.0  244.120658934  270.652199835
41.1  244.297420665  270.430143766
41.2  244.470485142  270.212305376
41.3  244.639713145  269.998798529
41.4  244.80496846  269.789731419
41.5  244.966118201  269.585206261
41.6  245.123032797  269.385319481
41.7  245.275586309  269.190161505
41.8  245.423656496  268.999816895
41.9  245.567125039  268.814364128
42.0  245.705877602  268.633875768
42.1  245.83980409  268.458418354
42.2  245.968798709  268.288052393
42.3  246.092760119  268.122832486
42.4  246.211591562  267.96280711
42.5  246.325201039  267.808018901
42.6  246.433501342  267.658504495
42.7  246.536410276  267.514294566
42.8  246.633850585  267.375414034
42.9  246.72575032  267.241881898
43.0  246.812042696  267.113711429
43.1  246.892666265  266.990910106
43.2  246.967565075  266.873479846
43.3  247.036688617  266.761416925
43.4  247.09999195  266.654712032
43.5  247.157435795  266.553350593
43.6  247.208986552  266.457312473
43.7  247.254616309  266.366572419
43.8  247.294303042  266.281099965
43.9  247.328030454  266.200859535
44.0  247.355788009  266.125810644
44.1  247.377571227  266.055907958
44.2  247.39338134  265.991101377
44.3  247.403225496  265.931336154
44.4  247.407116723  265.876553054
44.5  247.405073907  265.826688551
44.6  247.397121739  265.781674729
44.7  247.383290843  265.741439719
44.8  247.363617473  265.705907465
44.9  247.338143763  265.674998271
45.0  247.306917494  265.648628671
45.1  247.269992133  265.626711708
45.2  247.227426716  265.609156957
45.3  247.179285755  265.595870628
45.4  247.125639349  265.586756184
45.5  247.06656285  265.581713783
45.6  247.002136947  265.580640912
45.7  246.932447537  265.58343264
45.8  246.857585515  265.58998117
45.9  246.777646921  265.600176829
46.0  246.692732542  265.613907393
46.1  246.602947996  265.631058916
46.2  246.508403471  265.651515515
46.3  246.409213755  265.675159746
46.4  246.305497842  265.701872507
46.5  246.197379165  265.731533475
46.6  246.08498506  265.764021241
46.7  245.968446929  265.799213073
46.8  245.847899842  265.836985787
46.9  245.723482551  265.877215056
47.0  245.595337193  265.919776505
47.1  245.463609336  265.964545035

#Gas points (r, v, dv)
0.0  5.73568552355  6.45309125476
0.36  24.5048352186  6.25282290547
0.36  28.4883952063  6.57547746821
0.71  41.7946693736  6.21944484726
0.71  42.6629439279  6.0970586338
1.07  51.6078184885  5.74102601285
1.07  60.2086765292  5.95242038154
1.43  80.0018650503  5.68539591583
1.43  88.2235483496  5.35161533369
1.78  99.3273157155  5.18472504261
1.78  106.314900943  5.46287552773
2.14  118.041280354  4.58391999476
2.14  122.158352575  4.9177005769
2.5  138.913692758  3.88298077226
2.5  143.609317987  4.61729805297
2.86  150.139846337  3.5158221319
2.86  157.450086127  4.31689552904
3.21  163.079406905  3.271049705
3.21  171.758147081  3.70496446178
3.57  175.651808832  2.88163902583
3.57  184.130280659  3.68271242297
3.93  182.193908242  2.8148829094
3.93  198.538475788  3.32667980202
4.28  207.350283157  2.79263087059
4.47  194.310143374  1.76903708536
4.64  213.113561209  2.64799261833
5.0  204.379190935  2.25858193916
5.17  220.912900811  1.91367533762
5.35  207.928391125  2.15844776452
5.71  210.409493453  2.16957378393
5.88  229.079399055  1.75791106595
6.25  216.640064319  1.60214679428
6.61  233.140396137  1.74678504655
6.96  219.833231888  1.72453300774
7.33  236.956620793  1.86917126
7.67  228.378014791  1.81354116297
8.03  241.529414768  1.89142329881
8.37  237.434594587  1.89142329881
8.75  247.993632043  1.79128912417
9.12  246.235275936  1.80241514357
9.46  254.468975336  1.75791106595
9.83  254.780058839  1.76903708536
10.18  261.367107367  1.68002893012
10.53  262.757414752  1.51313863905
10.89  263.325286782  1.62439883309
11.25  268.453936687  1.35737436738
11.6  265.027567751  1.73565902714
11.96  272.158901149  1.26836621214
12.33  267.497544059  1.65777689131
12.67  277.299122114  1.25724019274
13.04  267.820198622  1.78016310476
13.38  277.844297065  1.29061825095
13.74  269.055186776  1.85804524059
14.09  277.55502056  1.44638252262
14.62  267.642182311  1.66890291071
14.79  278.178077647  1.71340698833
15.53  280.091752985  2.01380951226
15.89  267.341779787  1.65777689131
16.42  278.367219977  1.84691922119
17.3  269.110816873  1.96930543464
17.47  278.86789085  1.96930543464
18.56  266.240303866  2.29195999738
18.6  282.094436477  1.81354116297
19.45  281.438001333  1.94705339583
19.61  262.513087366  2.09169164809
20.16  288.714418023  2.00268349286
20.88  285.743770842  1.96930543464
20.94  263.725823481  1.65777689131
21.74  284.175002106  1.90254931821
22.16  260.599412028  1.57989475547
23.02  261.745392027  1.80241514357
23.09  279.591082111  2.45885028845
23.92  264.515770859  1.45750854202
24.82  267.364031826  1.75791106595
25.49  274.929279981  3.21541960797
25.52  267.330653768  1.68002893012
26.24  269.032934737  1.51313863905
26.96  270.134410658  1.50201261964
27.66  271.358272793  1.55764271667
28.34  273.972442312  2.97064718107
28.36  274.95197706  1.73565902714
29.09  276.053452981  1.94705339583
29.98  281.015657636  1.80241514357
31.05  283.37437375  2.04718757047
32.09  266.429001155  3.82735067523
32.3  285.210166952  2.1028176675
33.85  283.652524235  2.38096815262
35.06  239.893444875  3.38230989904
35.72  280.1923322  2.84826096762
37.16  236.344244685  2.74812679297
37.49  280.425978607  2.43659824964
38.78  243.197872638  2.72587475416
39.26  280.637372976  2.78150485119
40.02  254.401774179  2.53673242428
41.07  256.749364273  1.86917126
41.4  287.335236658  2.5701104825
41.95  256.215315342  2.08056562869
42.66  256.526843885  2.21407786155
43.52  250.863700008  1.89142329881
44.0  289.004139569  2.3475900944
44.65  253.522818646  2.05831358988
45.67  251.520135153  2.38096815262
46.49  286.333894911  3.31555378262
46.89  254.646546606  2.50335436607
48.7  264.114789119  3.24879766619
51.52  256.560221943  5.30711125607
53.5  278.267530843  8.86743746559
56.68  257.583815729  9.55725066868
63.43  264.460140762  11.5710601809
67.27  293.665496658  61.9719280845
