#SVE points (r, sigmaR, sigmaZ, sigmaPhi, sigmaMajRestored)
15.1  113.145995528  56.5729977642  84.7465042995  80.1052084921
15.2  112.650605701  56.3253028504  84.3477522243  79.7307424408
15.3  112.160462231  56.0802311156  83.9533283375  79.3603333572
15.4  111.675584335  55.8377921677  83.5632402552  78.9939890111
15.5  111.195989827  55.5979949133  83.1774945881  78.6317162187
15.6  110.721695125  55.3608475626  82.7960969507  78.2735208512
15.7  110.252715268  55.1263576341  82.4190519704  77.9194078428
15.8  109.789063921  54.8945319604  82.0463632964  77.5693811998
15.9  109.330753387  54.6653766933  81.6780336094  77.2234440087
16.0  108.877794618  54.4388973091  81.3140646306  76.8815984455
16.1  108.430197229  54.2150986147  80.9544571322  76.5438457845
16.2  107.987969506  53.993984753  80.5992109463  76.2101864076
16.3  107.551118418  53.7755592088  80.2483249753  75.8806198137
16.4  107.11964963  53.5598248151  79.901797202  75.5551446275
16.5  106.693567517  53.3467837586  79.5596246999  75.23375861
16.6  106.272875173  53.1364375865  79.2218036429  74.9164586672
16.7  105.857574425  52.9287872127  78.8883293166  74.6032408605
16.8  105.447665848  52.723832924  78.5591961282  74.2941004165
16.9  105.043148774  52.5215743868  78.2343976176  73.9890317368
17.0  104.644021307  52.3220106534  77.9139264679  73.6880284081
17.1  104.250280339  52.1251401695  77.5977745164  73.3910832128
17.2  103.86192156  51.9309607799  77.2859327655  73.0981881386
17.3  103.478939473  51.7394697364  76.9783913938  72.8093343895
17.4  103.101327408  51.5506637041  76.6751397672  72.524512396
17.5  102.729077537  51.3645387687  76.3761664503  72.2437118255
17.6  102.362180887  51.1810904437  76.0814592174  71.9669215932
17.7  102.000627355  51.0003136773  75.7910050642  71.6941298728
17.8  101.64440572  50.82220286  75.5047902188  71.4253241068
17.9  101.293503664  50.6467518318  75.2228001538  71.1604910178
18.0  100.947907779  50.4739538896  74.9450195973  70.8996166192
18.1  100.607603589  50.3038017945  74.6714325449  70.6426862263
18.2  100.272575559  50.1362877795  74.4020222714  70.389684467
18.3  99.9428071146  49.9714035573  74.136771342  70.140595293
18.4  99.6182806546  49.8091403273  73.8756616249  69.8954019909
18.5  99.2989775677  49.6494887838  73.6186743023  69.6540871933
18.6  98.9848782472  49.4924391236  73.3657898828  69.41663289
18.7  98.6759621071  49.3379810536  73.1169882131  69.1830204391
18.8  98.3722075974  49.1861037987  72.8722484899  68.9532305785
18.9  98.0735922196  49.0367961098  72.6315492718  68.7272434368
19.0  97.7800925429  48.8900462715  72.3948684913  68.5050385446
19.1  97.4916842197  48.7458421099  72.162183467  68.2865948463
19.2  97.2083420017  48.6041710008  71.9334709151  68.0718907109
19.3  96.9300397554  48.4650198777  71.7087069618  67.8609039434
19.4  96.6567504788  48.3283752394  71.4878671554  67.6536117965
19.5  96.3884463169  48.1942231584  71.2709264781  67.4499909815
19.6  96.1250985778  48.0625492889  71.0578593578  67.2500176801
19.7  95.8666777491  47.9333388746  70.8486396808  67.0536675554
19.8  95.6131535139  47.8065767569  70.6432408033  66.8609157635
19.9  95.3644947667  47.6822473834  70.4416355635  66.6717369647
20.0  95.1206696302  47.5603348151  70.2437962937  66.486105335
20.0  95.1206696302  47.5603348151  70.2437962937  66.486105335
20.1  94.8816454708  47.4408227354  70.0496948323  66.3039945773
20.2  94.6473889154  47.3236944577  69.8593025359  66.1253779331
20.3  94.4178658674  47.2089329337  69.6725902909  65.9502281932
20.4  94.1930415228  47.0965207614  69.4895285259  65.7785177096
20.5  93.9728803868  46.9864401934  69.3100872232  65.6102184063
20.6  93.7573462895  46.8786731447  69.134235931  65.445301791
20.7  93.5464024026  46.7732012013  68.9619437754  65.2837389661
20.8  93.3400112555  46.6700056278  68.7931794716  65.1255006398
20.9  93.1381347513  46.5690673756  68.6279113365  64.9705571377
21.0  92.9407341831  46.4703670916  68.4661072998  64.8188784134
21.1  92.7477702503  46.3738851251  68.3077349162  64.6704340601
21.2  92.5592030742  46.2796015371  68.1527613771  64.5251933214
21.3  92.3749922149  46.1874961075  68.0011535216  64.3831251023
21.4  92.1950966866  46.0975483433  67.852877849  64.2441979805
21.5  92.019474974  46.009737487  67.7079005298  64.108380217
21.6  91.8480850481  45.9240425241  67.5661874173  63.9756397674
21.7  91.6808843822  45.8404421911  67.4277040592  63.8459442923
21.8  91.5178299679  45.758914984  67.2924157087  63.7192611685
21.9  91.3588783306  45.6794391653  67.1602873363  63.5955574995
22.0  91.2039855455  45.6019927727  67.0312836406  63.4748001266
22.1  91.0531072532  45.5265536266  66.90536906  63.3569556388
22.2  90.9061986755  45.4530993377  66.7825077834  63.2419903845
22.3  90.7632146306  45.3816073153  66.6626637617  63.1298704808
22.4  90.6241095491  45.3120547745  66.5458007184  63.020561825
22.5  90.488837489  45.2444187445  66.4318821613  62.9140301044
22.6  90.3573521512  45.1786760756  66.3208713925  62.810240807
22.7  90.2296068949  45.1148034474  66.2127315198  62.7091592316
22.8  90.1055547526  45.0527773763  66.1074254675  62.610750498
22.9  89.9851484453  44.9925742227  66.0049159865  62.5149795572
23.0  89.8683403976  44.9341701988  65.9051656657  62.4218112016
23.1  89.7550827523  44.8775413761  65.8081369419  62.3312100748
23.2  89.6453273857  44.8226636929  65.7137921106  62.2431406816
23.3  89.5390259221  44.7695129611  65.6220933362  62.157567398
23.4  89.4361297484  44.7180648742  65.5330026623  62.0744544807
23.5  89.3365900288  44.6682950144  65.4464820221  61.9937660771
23.6  89.2403577189  44.6201788595  65.3624932482  61.9154662347
23.7  89.1473835807  44.5736917904  65.2809980828  61.8395189107
23.8  89.0576181962  44.5288090981  65.2019581878  61.7658879815
23.9  88.9710119818  44.4855059909  65.1253351543  61.6945372522
24.0  88.8875152022  44.4437576011  65.0510905127  61.6254304657
24.1  88.8070779847  44.4035389923  64.9791857423  61.5585313118
24.2  88.7296503322  44.3648251661  64.9095822806  61.4938034367
24.3  88.6551821377  44.3275910688  64.8422415332  61.4312104516
24.4  88.5836231973  44.2918115987  64.777124883  61.3707159422
24.5  88.514923224  44.257461612  64.7141936995  61.3122834769
24.6  88.4490318606  44.2245159303  64.6534093479  61.255876616
24.7  88.3858986934  44.1929493467  64.5947331986  61.2014589203
24.8  88.3254732646  44.1627366323  64.5381266356  61.1489939598
24.9  88.2677050858  44.1338525429  64.4835510661  61.0984453216
25.0  88.2125436507  44.1062718254  64.4309679287  61.0497766191
25.1  88.1599384475  44.0799692238  64.3803387024  61.0029514998
25.2  88.1098389716  44.0549194858  64.3316249152  60.9579336536
25.3  88.0621947381  44.0310973691  64.2847881528  60.914686821
25.4  88.0169552938  44.0084776469  64.2397900663  60.873174801
25.5  87.9740702296  43.9870351148  64.1965923815  60.8333614591
25.6  87.9334891924  43.9667445962  64.1551569061  60.7952107348
25.7  87.8951618969  43.9475809484  64.1154455386  60.75868665
25.8  87.8590381372  43.9295190686  64.0774202757  60.7237533159
25.9  87.8250677987  43.9125338993  64.0410432205  60.6903749408
26.0  87.7932008692  43.8966004346  64.0062765902  60.6585158376
26.1  87.7633874503  43.8816937252  63.9730827237  60.6281404309
26.2  87.7355777687  43.8677888844  63.941424089  60.5992132643
26.3  87.7097221868  43.8548610934  63.9112632912  60.5716990078
26.4  87.6857712139  43.842885607  63.882563079  60.545562464
26.5  87.6636755167  43.8318377584  63.8552863527  60.520768576
26.6  87.6433859299  43.821692965  63.8293961709  60.4972824334
26.7  87.6248534666  43.8124267333  63.8048557574  60.4750692794
26.8  87.6080293285  43.8040146643  63.7816285084  60.4540945172
26.9  87.592864916  43.796432458  63.7596779993  60.4343237165
27.0  87.5793118381  43.7896559191  63.7389679909  60.4157226199
27.1  87.5673219225  43.7836609612  63.7194624365  60.3982571494
27.2  87.5568472245  43.7784236122  63.701125488  60.381893412
27.3  87.5478400373  43.7739200186  63.6839215023  60.3665977062
27.4  87.5402529008  43.7701264504  63.6678150477  60.3523365278
27.5  87.5340386111  43.7670193055  63.6527709097  60.3390765759
27.6  87.5291502289  43.7645751145  63.6387540972  60.3267847583
27.7  87.5255410893  43.7627705446  63.6257298483  60.3154281973
27.8  87.5231648096  43.7615824048  63.6136636362  60.3049742353
27.9  87.5219752983  43.7609876491  63.6025211746  60.2953904402
28.0  87.5219267634  43.7609633817  63.5922684235  60.2866446104
28.1  87.5229737208  43.7614868604  63.5828715944  60.2787047804
28.2  87.5250710017  43.7625355009  63.5742971558  60.2715392257
28.3  87.5281737616  43.7640868808  63.5665118382  60.2651164677
28.4  87.5322374869  43.7661187434  63.5594826396  60.2594052787
28.5  87.5372180032  43.7686090016  63.5531768297  60.2543746866
28.6  87.5430714827  43.7715357413  63.5475619556  60.2499939797
28.7  87.549754451  43.7748772255  63.5426058461  60.2462327109
28.8  87.557223795  43.7786118975  63.5382766163  60.2430607025
28.9  87.5654367688  43.7827183844  63.5345426724  60.2404480504
29.0  87.5743510016  43.7871755008  63.5313727157  60.2383651282
29.1  87.5839245036  43.7919622518  63.5287357474  60.2367825917
29.2  87.5941156726  43.7970578363  63.5266010722  60.2356713824
29.3  87.6048833005  43.8024416503  63.5249383031  60.2350027317
29.4  87.6161865796  43.8080932898  63.5237173646  60.2347481647
29.5  87.6279851079  43.813992554  63.522908497  60.234879504
29.6  87.6402388959  43.820119448  63.52248226  60.2353688729
29.7  87.6529083716  43.8264541858  63.5224095363  60.2361886993
29.8  87.6659543862  43.8329771931  63.5226615354  60.2373117189
29.9  87.6793382197  43.8396691098  63.5232097965  60.2387109783
30.0  87.6930215856  43.8465107928  63.5240261921  60.2403598385
30.0  87.6930215856  43.8465107928  63.5240261921  60.2403598385
30.1  87.7069666367  43.8534833183  63.5250829314  60.2422319779
30.2  87.7211359693  43.8605679847  63.5263525627  60.244301395
30.3  87.7354926284  43.8677463142  63.5278079771  60.2465424114
30.4  87.7500001121  43.875000056  63.5294224109  60.2489296748
30.5  87.764622376  43.882311188  63.5311694486  60.2514381613
30.6  87.7793238377  43.8896619188  63.5330230253  60.2540431779
30.7  87.7940693807  43.8970346903  63.5349574294  60.2567203655
30.8  87.8088243584  43.9044121792  63.5369473052  60.2594457007
30.9  87.8235545982  43.9117772991  63.5389676546  60.262195498
31.0  87.8382264048  43.9191132024  63.5409938401  60.2649464125
31.1  87.852806564  43.926403282  63.5430015864  60.2676754414
31.2  87.8672623459  43.9336311729  63.5449669826  60.2703599262
31.3  87.8815615081  43.940780754  63.5468664839  60.2729775545
31.4  87.895672299  43.9478361495  63.5486769138  60.2755063618
31.5  87.9095634605  43.9547817303  63.5503754653  60.2779247329
31.6  87.923204231  43.9616021155  63.551939703  60.2802114038
31.7  87.9365643478  43.9682821739  63.553347564  60.2823454629
31.8  87.9496140494  43.9748070247  63.55457736  60.2843063526
31.9  87.9623240786  43.9811620393  63.5556077779  60.2860738702
32.0  87.9746656838  43.9873328419  63.5564178816  60.2876281693
32.1  87.9866106217  43.9933053109  63.5569871125  60.2889497611
32.2  87.9981311589  43.9990655794  63.557295291  60.290019515
32.3  88.0092000736  44.0046000368  63.5573226172  60.2908186593
32.4  88.0197906574  44.0098953287  63.5570496715  60.2913287829
32.5  88.0298767169  44.0149383584  63.5564574158  60.2915318349
32.6  88.0394325746  44.0197162873  63.5555271935  60.2914101261
32.7  88.0484330707  44.0242165353  63.5542407305  60.2909463288
32.8  88.0568535635  44.0284267817  63.5525801354  60.2901234779
32.9  88.064669931  44.0323349655  63.5505278999  60.2889249708
33.0  88.0718585712  44.0359292856  63.5480668988  60.2873345677
33.1  88.0783964031  44.0391982015  63.5451803907  60.2853363918
33.2  88.0842608669  44.0421304334  63.5418520174  60.2829149297
33.3  88.0894299247  44.0447149623  63.5380658041  60.2800550309
33.4  88.0938820606  44.0469410303  63.5338061596  60.2767419079
33.5  88.097596281  44.0487981405  63.5290578757  60.2729611362
33.6  88.1005521144  44.0502760572  63.5238061268  60.2686986537
33.7  88.1027296115  44.0513648058  63.51803647  60.2639407607
33.8  88.1041093447  44.0520546723  63.5117348442  60.2586741193
33.9  88.1046724079  44.052336204  63.5048875696  60.252885753
34.0  88.1044004162  44.0522002081  63.4974813473  60.2465630458
34.1  88.1032755047  44.0516377524  63.4895032581  60.239693742
34.2  88.1012803286  44.0506401643  63.4809407624  60.232265945
34.3  88.0983980615  44.0491990307  63.4717816985  60.224268117
34.4  88.094612395  44.0473061975  63.4620142822  60.2156890776
34.5  88.0899075373  44.0449537687  63.4516271055  60.2065180031
34.6  88.0842682124  44.0421341062  63.4406091356  60.1967444253
34.7  88.0776796581  44.038839829  63.4289497135  60.1863582306
34.8  88.0701276252  44.0350638126  63.4166385529  60.1753496585
34.9  88.0615983756  44.0307991878  63.4036657388  60.1637093006
35.0  88.0520786809  44.0260393404  63.3900217259  60.1514280991
35.1  88.0415558202  44.0207779101  63.3756973372  60.1384973455
35.2  88.0300175788  44.0150087894  63.3606837625  60.1249086789
35.3  88.0174522456  44.0087261228  63.3449725566  60.1106540848
35.4  88.0038486117  44.0019243058  63.3285556377  60.095725893
35.5  87.9891959673  43.9945979837  63.3114252855  60.0801167764
35.6  87.9734841004  43.9867420502  63.2935741393  60.063819749
35.7  87.9567032938  43.9783516469  63.2749951961  60.0468281641
35.8  87.9388443224  43.9694221612  63.2556818087  60.0291357124
35.9  87.9198984513  43.9599492256  63.2356276833  60.0107364201
36.0  87.8998574326  43.9499287163  63.214826878  59.9916246468
36.1  87.8787135026  43.9393567513  63.1932737998  59.9717950836
36.2  87.8564593791  43.9282296896  63.1709632029  59.9512427508
36.3  87.8330882585  43.9165441293  63.1478901863  59.9299629958
36.4  87.8085938124  43.9042969062  63.1240501909  59.9079514907
36.5  87.7829701846  43.8914850923  63.0994389979  59.8852042304
36.6  87.756211988  43.878105994  63.0740527256  59.8617175296
36.7  87.7283143009  43.8641571505  63.0478878272  59.8374880209
36.8  87.6992726641  43.849636332  63.0209410878  59.8125126521
36.9  87.6690830767  43.8345415384  62.9932096222  59.7867886838
37.0  87.6377419933  43.8188709966  62.9646908718  59.7603136866
37.1  87.6052463195  43.8026231597  62.935382602  59.7330855387
37.2  87.5715934087  43.7857967044  62.9052828992  59.7051024229
37.3  87.5367810583  43.7683905291  62.8743901681  59.6763628244
37.4  87.5008075053  43.7504037527  62.8427031284  59.6468655273
37.5  87.4636714228  43.7318357114  62.8102208123  59.6166096125
37.6  87.4253719158  43.7126859579  62.776942561  59.5855944542
37.7  87.3859085167  43.6929542583  62.7428680218  59.5538197174
37.8  87.3452811817  43.6726405908  62.707997145  59.5212853547
37.9  87.3034902862  43.6517451431  62.6723301806  59.4879916032
38.0  87.2605366203  43.6302683101  62.6358676751  59.4539389819
38.1  87.2164213848  43.6082106924  62.5986104683  59.4191282881
38.2  87.1711461863  43.5855730932  62.5605596897  59.3835605943
38.3  87.1247130331  43.5623565165  62.5217167557  59.3472372455
38.4  87.07712433  43.538562165  62.4820833655  59.3101598553
38.5  87.0283828743  43.5141914372  62.4416614982  59.2723303033
38.6  86.9784918507  43.4892459253  62.4004534088  59.233750731
38.7  86.9274548263  43.4637274132  62.3584616255  59.1944235395
38.8  86.8752757465  43.4376378733  62.3156889451  59.1543513852
38.9  86.8219589294  43.4109794647  62.2721384301  59.1135371769
39.0  86.7675090611  43.3837545305  62.2278134052  59.0719840721
39.1  86.7119311908  43.3559655954  62.1827174528  59.0296954738
39.2  86.6552307255  43.3276153628  62.1368544103  58.9866750269
39.3  86.5974134254  43.2987067127  62.0902283657  58.9429266144
39.4  86.5384853982  43.2692426991  62.042843654  58.8984543544
39.5  86.478453094  43.239226547  61.9947048536  58.8532625959
39.6  86.4173233006  43.2086616503  61.9458167823  58.8073559155
39.7  86.3551031376  43.1775515688  61.8961844936  58.7607391139
39.8  86.2918000513  43.1459000257  61.8458132725  58.713417212
39.9  86.2274218095  43.1137109047  61.7947086322  58.665395447
40.0  86.1619764957  43.0809882479  61.7428763094  58.6166792694
40.0  86.1619764957  43.0809882479  61.7428763094  58.6166792694
40.1  86.0954725044  43.0477362522  61.6903222613  58.5672743384
40.2  86.0279185347  43.0139592673  61.6370526606  58.5171865188
40.3  85.9593235856  42.9796617928  61.5830738924  58.466421877
40.4  85.8896969499  42.944848475  61.5283925497  58.414986677
40.5  85.8190482092  42.9095241046  61.4730154295  58.3628873769
40.6  85.7473872277  42.8736936139  61.4169495289  58.3101306248
40.7  85.674724147  42.8373620735  61.3602020408  58.2567232554
40.8  85.6010693803  42.8005346902  61.3027803498  58.2026722853
40.9  85.5264336068  42.7632168034  61.2446920284  58.1479849101
41.0  85.4508277659  42.725413883  61.1859448328  58.0926684997
41.1  85.3742630516  42.6871315258  61.1265466987  58.036730595
41.2  85.2967509067  42.6483754533  61.0665057369  57.9801789035
41.3  85.2183030169  42.6091515085  61.0058302298  57.9230212958
41.4  85.1389313055  42.5694656528  60.9445286268  57.8652658011
41.5  85.0586479271  42.5293239635  60.88260954  57.806920604
41.6  84.9774652619  42.4887326309  60.8200817407  57.7479940398
41.7  84.8953959101  42.4476979551  60.7569541543  57.688494591
41.8  84.812452686  42.406226343  60.6932358571  57.6284308833
41.9  84.7286486119  42.364324306  60.6289360712  57.5678116813
42.0  84.6439969127  42.3219984564  60.5640641609  57.506645885
42.1  84.5585110096  42.2792555048  60.4986296284  57.4449425253
42.2  84.4722045144  42.2361022572  60.4326421094  57.3827107605
42.3  84.385091224  42.192545612  60.3661113691  57.319959872
42.4  84.2971851136  42.1485925568  60.2990472978  57.2566992603
42.5  84.2085003321  42.104250166  60.2314599072  57.1929384413
42.6  84.119051195  42.0595255975  60.1633593254  57.1286870421
42.7  84.0288521793  42.0144260897  60.0947557934  57.0639547968
42.8  83.9379179175  41.9689589587  60.0256596606  56.9987515431
42.9  83.8462631913  41.9231315956  59.9560813805  56.9330872177
43.0  83.7539029263  41.8769514631  59.8860315068  56.8669718528
43.1  83.6608521858  41.8304260929  59.8155206893  56.8004155718
43.2  83.5671261651  41.7835630826  59.744559669  56.7334285855
43.3  83.4727401857  41.7363700928  59.673159275  56.6660211882
43.4  83.377709689  41.6888548445  59.6013304195  56.5982037536
43.5  83.2820502313  41.6410251156  59.529084094  56.529986731
43.6  83.1857774771  41.5928887386  59.4564313652  56.4613806411
43.7  83.0889071941  41.544453597  59.3833833706  56.3923960726
43.8  82.9914552467  41.4957276233  59.3099513149  56.3230436777
43.9  82.8934375909  41.4467187954  59.2361464652  56.2533341687
44.0  82.7948702679  41.3974351339  59.1619801477  56.1832783136
44.1  82.695769399  41.3478846995  59.0874637429  56.1128869328
44.2  82.5961511793  41.2980755897  59.012608682  56.0421708949
44.3  82.4960318725  41.2480159363  58.9374264426  55.971141113
44.4  82.3954278049  41.1977139025  58.8619285452  55.8998085405
44.5  82.29435536  41.14717768  58.7861265482  55.828184168
44.6  82.1928309724  41.0964154862  58.710032045  55.7562790188
44.7  82.0908711229  41.0454355614  58.6336566593  55.6841041457
44.8  81.9884923324  40.9942461662  58.5570120414  55.6116706268
44.9  81.8857111567  40.9428555783  58.4801098644  55.538989562
45.0  81.7825441805  40.8912720903  58.40296182  55.4660720692
45.1  81.6790080126  40.8395040063  58.3255796149  55.3929292808
45.2  81.5751192797  40.7875596399  58.2479749668  55.3195723397
45.3  81.4708946217  40.7354473108  58.1701596004  55.246012396
45.4  81.3663506857  40.6831753428  58.092145244  55.1722606031
45.5  81.261504121  40.6307520605  58.0139436255  55.0983281142
45.6  81.1563715738  40.5781857869  57.9355664683  55.0242260787
45.7  81.0509696816  40.5254848408  57.8570254883  54.9499656389
45.8  80.9453150684  40.4726575342  57.7783323894  54.8755579261
45.9  80.8394243389  40.4197121695  57.6994988606  54.8010140572
46.0  80.7333140742  40.3666570371  57.6205365716  54.7263451314
46.1  80.6270008256  40.3135004128  57.5414571698  54.6515622267
46.2  80.5205011105  40.2602505552  57.4622722762  54.5766763964
46.3  80.4138314066  40.2069157033  57.3829934824  54.5016986656
46.4  80.3070081476  40.1535040738  57.3036323464  54.4266400283
46.5  80.2000477176  40.1000238588  57.2242003898  54.3515114435
46.6  80.0929664466  40.0464832233  57.1447090938  54.2763238324
46.7  79.9857806053  39.9928903026  57.0651698961  54.2010880748
46.8  79.8785064006  39.9392532003  56.9855941872  54.125815006
46.9  79.7711599709  39.8855799854  56.9059933075  54.0505154136
47.0  79.6637573809  39.8318786904  56.8263785434  53.9752000345
47.1  79.5563146173  39.7781573086  56.7467611246  53.8998795515
47.2  79.4488475841  39.7244237921  56.6671522204  53.8245645902
47.3  79.3413720982  39.6706860491  56.5875629365  53.7492657163
47.4  79.2339038845  39.6169519423  56.5080043124  53.6739934321
47.5  79.1264585717  39.5632292858  56.4284873173  53.5987581739
47.6  79.0190516877  39.5095258439  56.3490228479  53.523570309
47.7  78.9116986557  39.4558493279  56.2696217248  53.4484401323
47.8  78.8044147893  39.4022073947  56.1902946897  53.3733778643
47.9  78.6972152887  39.3486076443  56.1110524023  53.2983936474
48.0  78.5901152361  39.295057618  56.0319054375  53.2234975437
48.1  78.483129592  39.241564796  55.9528642823  53.1486995319
48.2  78.376273191  39.1881365955  55.8739393331  53.0740095047
48.3  78.2695607375  39.1347803687  55.795140893  52.9994372662
48.4  78.1630068021  39.0815034011  55.7164791685  52.924992529
48.5  78.0566258177  39.0283129088  55.6379642676  52.8506849121
48.6  77.9504320752  38.9752160376  55.5596061962  52.7765239376
48.7  77.8444397203  38.9222198601  55.4814148562  52.702519029
48.8  77.7386627496  38.8693313748  55.4034000425  52.628679508
48.9  77.6331150067  38.8165575034  55.3255714405  52.5550145927
49.0  77.5278101791  38.7639050895  55.2479386237  52.4815333946
49.1  77.4227617941  38.711380897  55.1705110512  52.4082449168
49.2  77.3179832158  38.6589916079  55.0932980652  52.3351580514
49.3  77.2134876417  38.6067438209  55.0163088887  52.2622815771
49.4  77.109288099  38.5546440495  54.9395526231  52.1896241576
49.5  77.0053974416  38.5026987208  54.8630382461  52.1171943387
49.6  76.901828347  38.4509141735  54.7867746093  52.0450005466
49.7  76.798593313  38.3992966565  54.7107704359  51.9730510857
49.8  76.6957046547  38.3478523273  54.635034319  51.9013541366
49.9  76.5931745014  38.2965872507  54.5595747191  51.829917754
50.0  76.4910147941  38.245507397  54.4843999622  51.7587498651
50.0  76.4910147941  38.245507397  54.4843999622  51.7587498651
50.1  76.3892372819  38.1946186409  54.4095182378  51.6878582672
50.2  76.2878535199  38.1439267599  54.334937597  51.6172506263
50.3  76.1868748663  38.0934374331  54.2606659507  51.5469344749
50.4  76.0863124795  38.0431562397  54.1867110673  51.4769172107
50.5  75.9861773158  37.9930886579  54.1130805716  51.4072060945
50.6  75.8864801269  37.9432400635  54.0397819425  51.3378082488
50.7  75.7872314573  37.8936157286  53.9668225117  51.268730656
50.8  75.6884416419  37.844220821  53.8942094617  51.1999801568
50.9  75.5901208041  37.7950604021  53.8219498243  51.1315634492
51.0  75.4922788532  37.7461394266  53.7500504794  51.0634870862
51.1  75.3949254822  37.6974627411  53.6785181532  50.995757475
51.2  75.2980701662  37.6490350831  53.6073594166  50.9283808755
51.3  75.2017221598  37.6008610799  53.5365806842  50.8613633989
51.4  75.1058904959  37.5529452479  53.466188213  50.7947110065
51.5  75.0105839829  37.5052919914  53.3961881004  50.7284295083
51.6  74.9158112038  37.4579056019  53.326586284  50.662524562
51.7  74.8215805141  37.4107902571  53.2573885396  50.5970016721
51.8  74.7279000401  37.3639500201  53.1886004806  50.5318661882
51.9  74.6347776775  37.3173888388  53.1202275564  50.4671233046
52.0  74.5422210899  37.271110545  53.0522750521  50.402778059
52.1  74.4502377073  37.2251188537  52.9847480869  50.3388353316
52.2  74.3588347249  37.1794173624  52.9176516132  50.2752998443
52.3  74.2680191016  37.1340095508  52.8509904164  50.21217616
52.4  74.1777975592  37.0888987796  52.7847691133  50.1494686814
52.5  74.0881765808  37.0440882904  52.7189921517  50.0871816508
52.6  73.9991624103  36.9995812052  52.6536638098  50.025319149
52.7  73.910761051  36.9553805255  52.5887881954  49.9638850951
52.8  73.8229782648  36.9114891324  52.5243692451  49.9028832453
52.9  73.7358195717  36.8679097858  52.4604107242  49.8423171932
53.0  73.6492902485  36.8246451242  52.3969162258  49.7821903684
53.1  73.5633953287  36.7816976644  52.3338891706  49.7225060371
53.2  73.4781396016  36.7390698008  52.2713328066  49.6632673006
53.3  73.3935276119  36.696763806  52.2092502082  49.6044770961
53.4  73.309563659  36.6547818295  52.1476442767  49.5461381955
53.5  73.2262517971  36.6131258986  52.0865177394  49.4882532057
53.6  73.1435958345  36.5717979172  52.0258731499  49.4308245683
53.7  73.0615993335  36.5307996667  51.9657128875  49.3738545594
53.8  72.9802656103  36.4901328052  51.9060391577  49.3173452897
53.9  72.8995977351  36.4497988675  51.8468539916  49.2612987043
54.0  72.8195985315  36.4097992658  51.7881592464  49.2057165826
54.1  72.7402705775  36.3701352888  51.7299566051  49.1506005387
54.2  72.6616162047  36.3308081024  51.6722475768  49.0959520215
54.3  72.5836374992  36.2918187496  51.615033497  49.0417723145
54.4  72.5063363015  36.2531681508  51.5583155276  48.9880625365
54.5  72.4297142072  36.2148571036  51.5020946573  48.9348236412
54.6  72.353772567  36.1768862835  51.446371702  48.8820564185
54.7  72.2785124878  36.1392562439  51.391147305  48.8297614938
54.8  72.2039348326  36.1019674163  51.3364219377  48.7779393293
54.9  72.1300402216  36.0650201108  51.2821958996  48.7265902238
55.0  72.0568290331  36.0284145166  51.2284693196  48.6757143135
55.1  71.9843014036  35.9921507018  51.1752421559  48.6253115728
55.2  71.9124572295  35.9562286147  51.1225141968  48.5753818142
55.3  71.8412961672  35.9206480836  51.0702850616  48.5259246897
55.4  71.7708176347  35.8854088174  51.0185542012  48.476939691
55.5  71.7010208128  35.8505104064  50.9673208989  48.4284261506
55.6  71.6319046454  35.8159523227  50.916584271  48.3803832422
55.7  71.5634678417  35.7817339208  50.8663432681  48.3328099818
55.8  71.4957088767  35.7478544384  50.8165966758  48.2857052285
55.9  71.4286259932  35.7143129966  50.7673431154  48.2390676854
56.0  71.3622172027  35.6811086013  50.7185810456  48.1928959005
56.1  71.296480287  35.6482401435  50.6703087629  48.1471882682
56.2  71.2314128  35.6157064  50.6225244031  48.1019430294
56.3  71.1670120691  35.5835060345  50.5752259421  48.0571582735
56.4  71.1032751968  35.5516375984  50.5284111977  48.0128319392
56.5  71.0401990625  35.5200995313  50.4820778302  47.9689618156
56.6  70.9777803247  35.4888901624  50.4362233441  47.9255455435
56.7  70.9160154221  35.4580077111  50.3908450892  47.8825806166
56.8  70.8549005763  35.4274502881  50.3459402624  47.8400643832
56.9  70.7944317931  35.3972158966  50.3015059085  47.797994047
57.0  70.7346048653  35.3673024326  50.2575389221  47.7563666687
57.1  70.675415374  35.337707687  50.214036049  47.7151791676
57.2  70.6168586916  35.3084293458  50.1709938879  47.6744283231
57.3  70.5589299833  35.2794649916  50.1284088917  47.6341107758
57.4  70.5016242099  35.2508121049  50.0862773693  47.5942230294
57.5  70.4449361299  35.2224680649  50.0445954874  47.5547614524
57.6  70.3888603021  35.194430151  50.003359272  47.5157222794
57.7  70.3333910879  35.1666955439  49.9625646103  47.4771016129
57.8  70.2785226538  35.1392613269  49.9222072525  47.4388954252
57.9  70.2242489742  35.1121244871  49.8822828134  47.4010995598
58.0  70.1705638339  35.085281917  49.8427867747  47.3637097334
58.1  70.1174608307  35.0587304153  49.8037144865  47.3267215379
58.2  70.0649333782  35.0324666891  49.7650611697  47.2901304419
58.3  70.0129747088  35.0064873544  49.7268219174  47.2539317925
58.4  69.9615778762  34.9807889381  49.6889916974  47.2181208179
58.5  69.9107357586  34.9553678793  49.6515653542  47.1826926285
58.6  69.8604410616  34.9302205308  49.6145376109  47.1476422196
58.7  69.8106863208  34.9053431604  49.5779030714  47.112964473
58.8  69.7614639054  34.8807319527  49.5416562228  47.0786541592
58.9  69.7127660212  34.8563830106  49.5057914372  47.0447059395
59.0  69.6645847134  34.8322923567  49.4703029742  47.011114368
59.1  69.6169118699  34.808455935  49.4351849832  46.977873894
59.2  69.569739225  34.7848696125  49.4004315054  46.9449788639
59.3  69.5230583619  34.761529181  49.3660364765  46.9124235237
59.4  69.4768607168  34.7384303584  49.3319937287  46.8802020209
59.5  69.4311375815  34.7155687908  49.2982969935  46.848308407
59.6  69.3858801075  34.6929400538  49.2649399037  46.8167366398
59.7  69.3410793091  34.6705396546  49.2319159961  46.7854805856
59.8  69.2967260669  34.6483630334  49.1992187138  46.7545340217
59.9  69.2528111312  34.6264055656  49.1668414089  46.7238906386
60.0  69.2093251259  34.604662563  49.1347773449  46.6935440427
60.0  69.209325126  34.604662563  49.1347773449  46.6935440427
60.1  69.166258552  34.583129276  49.1030196993  46.6634877581
60.2  69.123601791  34.5618008955  49.0715615662  46.6337152299
60.3  69.0813451086  34.5406725543  49.0403959586  46.6042198261
60.4  69.0394786588  34.5197393294  49.0095158115  46.5749948401
60.5  68.9979924874  34.4989962437  48.9789139844  46.5460334935
60.6  68.9568765354  34.4784382677  48.9485832637  46.5173289384
60.7  68.9161206434  34.4580603217  48.9185163656  46.4888742602
60.8  68.8757145552  34.4378572776  48.8887059391  46.46066248
60.9  68.8356479215  34.4178239607  48.859144568  46.432686557
61.0  68.795910304  34.397955152  48.8298247744  46.4049393916
61.1  68.7564911792  34.3782455896  48.8007390211  46.3774138277
61.2  68.7173799424  34.3586899712  48.7718797144  46.3501026554
61.3  68.6785659117  34.3392829558  48.743239207  46.3229986138
61.4  68.6400383318  34.3200191659  48.7148098007  46.2960943935
61.5  68.6017863783  34.3008931892  48.6865837495  46.2693826394
61.6  68.5637991616  34.2818995808  48.6585532622  46.2428559535
61.7  68.5260657307  34.2630328653  48.6307105052  46.2165068973
61.8  68.4885750777  34.2442875389  48.6030476058  46.1903279949
61.9  68.4513161417  34.2256580709  48.5755566545  46.1643117358
62.0  68.414277813  34.2071389065  48.5482297085  46.1384505772
62.1  68.3774489368  34.1887244684  48.5210587943  46.1127369472
62.2  68.3408183179  34.170409159  48.4940359106  46.0871632473
62.3  68.3043747249  34.1521873624  48.4671530314  46.0617218556
62.4  68.2681068936  34.1340534468  48.4404021086  46.036405129
62.5  68.2320035319  34.116001766  48.4137750756  46.0112054066
62.6  68.1960533239  34.098026662  48.3872638497  45.9861150122
62.7  68.1602449337  34.0801224669  48.3608603351  45.961126257
62.8  68.1245670101  34.0622835051  48.3345564262  45.9362314429
62.9  68.0890081904  34.0445040952  48.3083440103  45.9114228648
63.0  68.053557105  34.0267785525  48.2822149708  45.8866928138
63.1  68.0182023811  34.0091011906  48.2561611899  45.8620335797
63.2  67.9829326476  33.9914663238  48.2301745517  45.8374374544
63.3  67.9477365388  33.9738682694  48.2042469455  45.812896734
63.4  67.9126026987  33.9563013493  48.1783702682  45.7884037223
63.5  67.8775197855  33.9387598928  48.1525364279  45.7639507333
63.6  67.8424764757  33.9212382378  48.1267373462  45.7395300939
63.7  67.807461468  33.903730734  48.100964962  45.7151341473
63.8  67.7724634882  33.8862317441  48.0752112337  45.6907552551
63.9  67.7374712925  33.8687356463  48.0494681428  45.6663858007
64.0  67.7024736728  33.8512368364  48.0237276964  45.6420181921
64.1  67.6674594599  33.83372973  47.9979819305  45.6176448642
64.2  67.6324175284  33.8162087642  47.9722229128  45.5932582822
64.3  67.5973368003  33.7986684002  47.9464427455  45.5688509441
64.4  67.5622062497  33.7811031249  47.9206335688  45.5444153836
64.5  67.5270149067  33.7635074533  47.8947875632  45.5199441727
64.6  67.4917518615  33.7458759308  47.8688969527  45.4954299251
64.7  67.4564062687  33.7282031343  47.8429540076  45.4708652979
64.8  67.4209673511  33.7104836756  47.8169510479  45.4462429954
64.9  67.3854244044  33.6927122022  47.7908804454  45.4215557715
65.0  67.3497668005  33.6748834003  47.7647346271  45.396796432
65.1  67.3139839923  33.6569919961  47.738506078  45.371957838
65.2  67.2780655171  33.6390327585  47.7121873439  45.3470329081
65.3  67.242001001  33.6210005005  47.6857710341  45.3220146215
65.4  67.2057801629  33.6028900814  47.6592498244  45.2968960203
65.5  67.1693928182  33.5846964091  47.6326164599  45.2716702124
65.6  67.132828883  33.5664144415  47.6058637577  45.2463303741
65.7  67.0960783779  33.548039189  47.5789846096  45.2208697526
65.8  67.0591314319  33.529565716  47.5519719849  45.1952816689
65.9  67.0219782863  33.5109891432  47.5248189333  45.16955952
66.0  66.9846092984  33.4923046492  47.4975185872  45.1436967818
66.1  66.9470149454  33.4735074727  47.4700641649  45.1176870113
66.2  66.9091858281  33.454592914  47.4424489726  45.0915238496
66.3  66.8711126747  33.4355563374  47.4146664078  45.065201024
66.4  66.8327863445  33.4163931723  47.386709961  45.0387123505
66.5  66.7941978313  33.3970989157  47.3585732192  45.0120517365
66.6  66.7553382675  33.3776691337  47.3302498678  44.9852131829
66.7  66.716198927  33.3580994635  47.3017336933  44.9581907867
66.8  66.6767712296  33.3383856148  47.2730185859  44.9309787435
66.9  66.6370467435  33.3185233718  47.2440985419  44.9035713495
67.0  66.5970171896  33.2985085948  47.2149676659  44.875963004
67.1  66.5566744444  33.2783372222  47.1856201737  44.8481482117
67.2  66.5160105435  33.2580052717  47.156050394  44.8201215849
67.3  66.4750176851  33.2375088425  47.1262527716  44.7918778456
67.4  66.4336882328  33.2168441164  47.0962218687  44.7634118281
67.5  66.3920147195  33.1960073597  47.0659523679  44.7347184806
67.6  66.3499898497  33.1749949249  47.0354390743  44.7057928678
67.7  66.3076065035  33.1538032517  47.0046769174  44.6766301725
67.8  66.2648577389  33.1324288694  46.9736609534  44.6472256982
67.9  66.2217367953  33.1108683977  46.9423863676  44.6175748707
68.0  66.1782370965  33.0891185482  46.9108484761  44.5876732403
68.1  66.1343522529  33.0671761265  46.8790427279  44.5575164835
68.2  66.0900760654  33.0450380327  46.8469647071  44.5271004052
68.3  66.0454025271  33.0227012636  46.8146101346  44.4964209404
68.4  66.0003258269  33.0001629135  46.7819748703  44.4654741559
68.5  65.9548403516  32.9774201758  46.7490549147  44.4342562525
68.6  65.9089406888  32.9544703444  46.715846411  44.4027635661
68.7  65.8626216292  32.9313108146  46.6823456464  44.3709925701
68.8  65.8158781693  32.9079390847  46.6485490545  44.3389398764
68.9  65.7687055138  32.8843527569  46.6144532166  44.3066022375
69.0  65.7210990774  32.8605495387  46.5800548631  44.2739765477
69.1  65.6730544883  32.8365272441  46.545350876  44.2410598453
69.2  65.6245675888  32.8122837944  46.5103382892  44.207849313
69.3  65.5756344389  32.7878172195  46.4750142912  44.1743422801
69.4  65.5262513174  32.7631256587  46.4393762256  44.1405362238
69.5  65.4764147242  32.7382073621  46.4034215931  44.1064287703
69.6  65.4261213825  32.7130606913  46.3671480528  44.0720176964
69.7  65.3753682402  32.6876841201  46.330553423  44.0373009302
69.8  65.324152472  32.662076236  46.2936356831  44.002276553
69.9  65.2724714807  32.6362357404  46.2563929745  43.9669427999
70.0  65.2203228996  32.6101614498  46.2188236015  43.9312980609
70.0  65.2203228996  32.6101614498  46.2188236015  43.9312980609
70.1  65.1677045933  32.5838522966  46.1809260329  43.8953408824
70.2  65.1146146591  32.5573073295  46.1426989025  43.8590699676
70.3  65.0610514292  32.5305257146  46.1041410107  43.8224841779
70.4  65.0070134713  32.5035067357  46.0652513245  43.7855825334
70.5  64.9524995902  32.4762497951  46.0260289794  43.7483642139
70.6  64.8975088286  32.4487544143  45.9864732795  43.7108285598
70.7  64.8420404686  32.4210202343  45.9465836985  43.6729750725
70.8  64.7860940322  32.3930470161  45.9063598803  43.6348034153
70.9  64.7296692825  32.3648346413  45.8658016397  43.5963134137
71.0  64.6727662249  32.3363831124  45.8249089629  43.5575050565
71.1  64.6153851067  32.3076925534  45.7836820081  43.5183784957
71.2  64.557526419  32.2787632095  45.7421211059  43.4789340472
71.3  64.4991908964  32.2495954482  45.7002267594  43.4391721911
71.4  64.4403795179  32.220189759  45.6579996453  43.399093572
71.5  64.3810935071  32.1905467535  45.6154406131  43.3586989993
71.6  64.3213343324  32.1606671662  45.5725506862  43.3179894475
71.7  64.2611037075  32.1305518538  45.5293310614  43.2769660558
71.8  64.2004035914  32.1002017957  45.4857831097  43.235630129
71.9  64.1392361879  32.069618094  45.4419083752  43.1939831367
72.0  64.0776039466  32.0388019733  45.3977085762  43.1520267137
72.1  64.0155095616  32.0077547808  45.3531856042  43.1097626598
72.2  63.952955972  31.976477986  45.3083415244  43.0671929396
72.3  63.8899463611  31.9449731805  45.2631785746  43.0243196821
72.4  63.8264841563  31.9132420781  45.2176991659  42.9811451808
72.5  63.7625730282  31.8812865141  45.1719058813  42.9376718926
72.6  63.6982168903  31.8491084451  45.125801476  42.8939024381
72.7  63.6334198979  31.816709949  45.0793888764  42.8498396008
72.8  63.5681864478  31.7840932239  45.0326711798  42.8054863265
72.9  63.5025211766  31.7512605883  44.9856516534  42.7608457226
73.0  63.4364289604  31.7182144802  44.938333734  42.7159210576
73.1  63.3699149131  31.6849574566  44.8907210268  42.6707157602
73.2  63.3029843858  31.6514921929  44.8428173046  42.6252334185
73.3  63.2356429647  31.6178214824  44.7946265072  42.579477779
73.4  63.1678964704  31.5839482352  44.7461527398  42.5334527458
73.5  63.0997509558  31.5498754779  44.6974002725  42.4871623797
73.6  63.031212705  31.5156063525  44.6483735386  42.4406108964
73.7  62.9622882311  31.4811441156  44.5990771339  42.3938026664
73.8  62.8929842747  31.4464921373  44.5495158149  42.3467422127
73.9  62.8233078016  31.4116539008  44.4996944977  42.2994342103
74.0  62.7532660013  31.3766330007  44.4496182568  42.2518834844
74.1  62.6828662847  31.3414331423  44.399292323  42.2040950092
74.2  62.6121162812  31.3060581406  44.3487220822  42.1560739061
74.3  62.5410238376  31.2705119188  44.2979130738  42.1078254425
74.4  62.4695970146  31.2347985073  44.2468709887  42.0593550297
74.5  62.3978440846  31.1989220423  44.1956016676  42.0106682218
74.6  62.3257735295  31.1628867648  44.1441110995  41.9617707132
74.7  62.2533940373  31.1266970187  44.0924054189  41.9126683375
74.8  62.1807144996  31.0903572498  44.0404909049  41.8633670648
74.9  62.1077440088  31.0538720044  43.9883739781  41.8138730007
75.0  62.0344918544  31.0172459272  43.936061199  41.764192383
75.1  61.9609675208  30.9804837604  43.8835592656  41.7143315806
75.2  61.8871806836  30.9435903418  43.8308750113  41.6642970913
75.3  61.8131412057  30.9065706029  43.7780154022  41.6140955386
75.4  61.738859135  30.8694295675  43.7249875348  41.5637336703
75.5  61.6643446999  30.8321723499  43.6717986338  41.5132183559
75.6  61.5896083061  30.794804153  43.6184560488  41.4625565839
75.7  61.5146605327  30.7573302663  43.5649672524  41.4117554594
75.8  61.4395121284  30.7197560642  43.511339837  41.3608222017
75.9  61.3641740078  30.6820870039  43.4575815122  41.3097641413
76.0  61.2886572467  30.6443286234  43.4037001018  41.2585887175
76.1  61.2129730785  30.6064865393  43.3497035408  41.2073034751
76.2  61.1371328902  30.5685664451  43.2955998731  41.1559160626
76.3  61.0611482173  30.5305741086  43.2413972474  41.1044342279
76.4  60.9850307398  30.4925153699  43.1871039145  41.0528658164
76.5  60.9087922774  30.4543961387  43.1327282241  41.0012187672
76.6  60.8324447856  30.4162223928  43.0782786219  40.9495011107
76.7  60.7560003504  30.3780001752  43.0237636456  40.8977209649
76.8  60.6794711829  30.3397355914  42.9691919217  40.8458865321
76.9  60.6028696158  30.3014348079  42.9145721624  40.7940060961
77.0  60.5262080972  30.2631040486  42.8599131613  40.7420880183
77.1  60.4494991862  30.2247495931  42.8052237906  40.6901407347
77.2  60.3727555472  30.1863777736  42.7505129971  40.6381727521
77.3  60.2959899448  30.1479949724  42.6957897982  40.5861926444
77.4  60.2192152388  30.1096076194  42.6410632784  40.5342090497
77.5  60.1424443784  30.0712221892  42.5863425854  40.482230666
77.6  60.0656903963  30.0328451982  42.5316369261  40.4302662472
77.7  59.988966404  29.994483202  42.4769555627  40.3783246005
77.8  59.9122855849  29.9561427925  42.4223078085  40.3264145811
77.9  59.8356611898  29.9178305949  42.367703024  40.2745450893
78.0  59.7591065298  29.8795532649  42.3131506127  40.2227250663
78.1  59.6826349713  29.8413174857  42.2586600165  40.1709634899
78.2  59.6062599292  29.8031299646  42.2042407121  40.1192693708
78.3  59.5299948614  29.7649974307  42.1499022059  40.0676517483
78.4  59.4538532618  29.7269266309  42.0956540303  40.0161196859
78.5  59.3778486551  29.6889243276  42.0415057387  39.9646822676
78.6  59.3019945893  29.6509972947  41.9874669015  39.9133485932
78.7  59.2263046304  29.6131523152  41.9335471011  39.8621277742
78.8  59.1507923547  29.5753961773  41.8797559274  39.8110289291
78.9  59.0754713431  29.5377356715  41.8261029736  39.7600611794
79.0  59.0003551741  29.5001775871  41.7725978306  39.7092336449
79.1  58.9254574175  29.4627287088  41.7192500834  39.6585554392
79.2  58.8507916267  29.4253958133  41.6660693049  39.6080356649
79.3  58.7763713328  29.3881856664  41.6130650525  39.5576834097
79.4  58.7022100371  29.3511050185  41.5602468622  39.5075077409
79.5  58.6283212045  29.3141606022  41.5076242441  39.4575177013
79.6  58.5547182564  29.2773591282  41.4552066773  39.4077223042
79.7  58.4814145631  29.2407072815  41.4030036049  39.3581305287
79.8  58.4084234377  29.2042117189  41.3510244292  39.3087513151
79.9  58.3357581279  29.1678790639  41.2992785061  39.2595935597
80.0  58.2634318091  29.1317159045  41.2477751403  39.2106661099
80.0  58.2634318092  29.1317159046  41.2477751404  39.21066611
80.1  58.1914575775  29.0957287887  41.1965235802  39.1619777599
80.2  58.1198484417  29.0599242209  41.1455330124  39.113537245
80.3  58.048617317  29.0243086585  41.0948125571  39.0653532373
80.4  57.9777770163  28.9888885082  41.044371262  39.0174343402
80.5  57.9073402435  28.9536701217  40.9942180975  38.9697890836
80.6  57.8373195858  28.9186597929  40.9443619516  38.9224259188
80.7  57.7677275065  28.8838637532  40.8948116242  38.8753532136
80.8  57.6985763365  28.8492881682  40.8455758215  38.8285792468
80.9  57.6298782677  28.8149391339  40.7966631515  38.7821122036
81.0  57.5616453455  28.7808226727  40.748082118  38.7359601704
81.1  57.4938894592  28.7469447296  40.6998411146  38.6901311288
81.2  57.4266223374  28.7133111687  40.651948421  38.644632952
81.3  57.3598555373  28.6799277687  40.6044121956  38.5994733979
81.4  57.2936004396  28.6468002198  40.5572404717  38.5546601056
81.5  57.2278682382  28.6139341191  40.5104411504  38.5102005885
81.6  57.1626699346  28.5813349673  40.4640219967  38.4661022305
81.7  57.0980163295  28.5490081648  40.4179906332  38.4223722804
81.8  57.0339180147  28.5169590073  40.3723545349  38.3790178464
81.9  56.9703853651  28.4851926825  40.3271210231  38.3360458907
82.0  56.907428532  28.453714266  40.2822972609  38.2934632253
82.1  56.8450574348  28.4225287174  40.2378902471  38.2512765056
82.2  56.7832817527  28.3916408764  40.1939068108  38.2094922261
82.3  56.7221109179  28.361055459  40.1503536059  38.1681167145
82.4  56.6615541077  28.3307770539  40.1072371062  38.1271561273
82.5  56.6016202367  28.3008101183  40.0645635995  38.0866164442
82.6  56.5423179484  28.2711589742  40.0223391817  38.0465034626
82.7  56.4836556091  28.2418278045  39.9805697524  38.0068227932
82.8  56.425641299  28.2128206495  39.9392610092  37.9675798545
82.9  56.3682828049  28.1841414024  39.8984184415  37.9287798675
83.0  56.3115876135  28.1557938068  39.8580473269  37.8904278512
83.1  56.2555629029  28.1277814514  39.818152724  37.8525286172
83.2  56.2002155355  28.1001077678  39.7787394687  37.8150867647
83.3  56.1455520506  28.0727760253  39.7398121677  37.7781066753
83.4  56.0915786575  28.0457893288  39.7013751946  37.7415925091
83.5  56.0383012271  28.0191506135  39.6634326833  37.7055481982
83.6  55.9857252862  27.9928626431  39.6259885246  37.6699774433
83.7  55.9338560089  27.9669280044  39.5890463593  37.6348837082
83.8  55.8826982105  27.9413491053  39.5526095748  37.6002702149
83.9  55.8322563403  27.9161281701  39.5166812991  37.5661399394
84.0  55.7825344742  27.8912672371  39.4812643965  37.5324956068
84.1  55.7335363082  27.8667681541  39.4463614623  37.4993396864
84.2  55.6852651517  27.8426325758  39.4119748181  37.4666743876
84.3  55.6377239212  27.8188619606  39.3781065081  37.4345016555
84.4  55.5909151329  27.7954575664  39.3447582927  37.4028231662
84.5  55.5448408969  27.7724204485  39.3119316456  37.3716403224
84.6  55.49950291  27.749751455  39.2796277476  37.3409542489
84.7  55.4549024511  27.7274512256  39.2478474843  37.3107657896
84.8  55.4110403735  27.7055201867  39.21659144  37.2810755021
84.9  55.3679170994  27.6839585497  39.1858598941  37.2518836542
85.0  55.3255326142  27.6627663071  39.1556528173  37.2231902198
85.1  55.283886461  27.6419432305  39.125969867  37.1949948754
85.2  55.2429777349  27.6214888674  39.0968103839  37.1672969963
85.3  55.2028050766  27.6014025383  39.0681733875  37.1400956522
85.4  55.1633666689  27.5816833345  39.0400575732  37.1133896049
85.5  55.1246602295  27.5623301147  39.0124613074  37.0871773034
85.6  55.0866830079  27.5433415039  38.9853826255  37.061456882
85.7  55.04943178  27.52471589  38.9588192278  37.0362261565
85.8  55.0129028421  27.5064514211  38.9327684756  37.01148262
85.9  54.9770920093  27.4885460047  38.9072273896  36.9872234423
86.0  54.9419946079  27.470997304  38.882192645  36.9634454645
86.1  54.9076054748  27.4538027374  38.8576605708  36.9401451985
86.2  54.8739189502  27.4369594751  38.8336271447  36.9173188223
86.3  54.8409288765  27.4204644383  38.8100879924  36.8949621793
86.4  54.8086285943  27.4043142971  38.7870383845  36.8730707753
86.5  54.7770109378  27.3885054689  38.764473234  36.8516397757
86.6  54.7460682337  27.3730341169  38.7423870944  36.8306640049
86.7  54.7157922979  27.3578961489  38.7207741583  36.8101379434
86.8  54.686174431  27.3430872155  38.6996282538  36.7900557257
86.9  54.6572054194  27.3286027097  38.6789428455  36.7704111404
87.0  54.6288755305  27.3144377652  38.6587110307  36.7511976272
87.1  54.6011745122  27.3005872561  38.6389255398  36.7324082764
87.2  54.5740915913  27.2870457957  38.6195787341  36.7140358282
87.3  54.5476154725  27.2738077362  38.6006626062  36.6960726716
87.4  54.5217343358  27.2608671679  38.5821687776  36.678510843
87.5  54.496435838  27.248217919  38.5640884996  36.6613420269
87.6  54.4717071113  27.2358535557  38.5464126528  36.6445575552
87.7  54.4475347636  27.2237673818  38.5291317468  36.6281484074
87.8  54.4239048777  27.2119524389  38.5122359203  36.61210521
87.9  54.4008030132  27.2004015066  38.4957149417  36.5964182376
88.0  54.3782142072  27.1891071036  38.4795582102  36.5810774137
88.1  54.3561229741  27.178061487  38.4637547553  36.5660723105
88.2  54.3345133093  27.1672566546  38.4482932395  36.5513921511
88.3  54.313368689  27.1566843445  38.4331619584  36.5370258098
88.4  54.2926720754  27.1463360377  38.4183488439  36.5229618152
88.5  54.272405915  27.1362029575  38.4038414637  36.5091883494
88.6  54.2525521462  27.1262760731  38.3896270258  36.4956932529
88.7  54.2330921993  27.1165460996  38.3756923793  36.4824640246
88.8  54.2140070024  27.1070035012  38.3620240183  36.4694878261
88.9  54.1952769837  27.0976384919  38.3486080832  36.4567514825
89.0  54.1768820788  27.0884410394  38.3354303663  36.4442414883
89.1  54.1588017333  27.0794008666  38.3224763137  36.4319440085
89.2  54.1410149086  27.0705074543  38.3097310288  36.4198448824
89.3  54.1235000888  27.0617500444  38.297179278  36.4079296289
89.4  54.1062352873  27.0531176436  38.2848054946  36.3961834502
89.5  54.0891980518  27.0445990259  38.272593783  36.3845912357
89.6  54.0723654731  27.0361827365  38.2605279244  36.3731375678
89.7  54.0557141916  27.0278570958  38.2485913819  36.361806726
89.8  54.0392204076  27.0196102038  38.2367673073  36.3505826941
89.9  54.0228598881  27.011429944  38.2250385461  36.3394491648
90.0  54.0066079759  27.0033039879  38.2133876443  36.3283895456
90.0  54.0066079758  27.0033039879  38.2133876442  36.3283895456
90.1  53.9904396012  26.9952198006  38.2017968559  36.3173869668
90.2  53.9743292906  26.9871646453  38.1902481498  36.3064242876
90.3  53.9582511769  26.9791255885  38.1787232169  36.2954841025
90.4  53.9421790139  26.971089507  38.1672034797  36.2845487511
90.5  53.9470345625  26.9735172813  38.1704922278  36.288730009
90.6  53.9014869318  26.9507434659  38.1381189523  36.2579609702
90.7  53.8559777572  26.9279888786  38.1057740118  36.2272187101
90.8  53.810507006  26.905253503  38.0734573758  36.1965032006
90.9  53.765074646  26.882537323  38.0411690134  36.1658144137

#SVE monte-carlo points sigmaR (r, sigmaR_med, sigmaR_std)
15.2  112.652462495  0.0
18.7  98.7006522981  0.0
22.1  91.0890773738  0.0
25.6  87.975804762  0.0
29.1  87.6295685462  0.0
32.5  88.0764259327  0.0
36.0  87.9451212239  0.0
39.5  86.5205639361  0.0
42.9  83.8841408385  0.0
46.4  80.340044631  0.0
49.9  76.6214923998  0.0
53.3  73.4177409785  0.0
56.8  70.8755103848  0.0
60.2  69.1412673241  0.0
63.7  67.8225355913  0.0
67.2  66.5288040317  0.0
70.6  64.9083043859  0.0
74.1  62.6918097604  0.0
77.6  60.0730143925  0.0
81.0  57.567651915  0.0
84.5  55.5497645043  0.0
88.0  54.3822981754  0.0

#SVE monte-carlo points sigmaZ (r, sigmaZ_med, sigmaZ_std)
15.6  55.363524211  0.0
19.1  48.759052895  0.0
22.5  45.2628677222  0.0
26.0  43.9180146705  0.0
29.5  43.8369256763  0.0
32.9  44.0555908682  0.0
36.4  43.9267907236  0.0
39.9  43.1345404804  0.0
43.3  41.7550381827  0.0
46.8  39.955493958  0.0
50.2  38.1578934628  0.0
53.7  36.5426843176  0.0
57.2  35.3185478801  0.0
60.6  34.4871130523  0.0
64.1  33.8411296856  0.0
67.6  33.1812690218  0.0
71.0  32.3416697117  0.0
74.5  31.203294996  0.0
78.0  29.8831309754  0.0
81.4  28.6497347113  0.0
84.9  27.6863667703  0.0
88.4  27.1483362461  0.0

#SVE monte-carlo points sigmaPhi (r, sigmaPhi_med, sigmaPhi_std)
16.1  80.9529683066  0.0
19.6  71.053288126  0.0
23.0  65.8990053703  0.0
26.5  63.8481943924  0.0
30.0  63.5164543332  0.0
33.4  63.5261474451  0.0
36.9  62.9858230242  0.0
40.3  61.5762329982  0.0
43.8  59.3038495472  0.0
47.3  56.5822598135  0.0
50.7  53.9622612362  0.0
54.2  51.6683621104  0.0
57.7  49.9592518645  0.0
61.1  48.7978960252  0.0
64.6  47.8664712815  0.0
68.1  46.8769877393  0.0
71.5  45.6137115178  0.0
75.0  43.9346330622  0.0
78.5  42.0403381813  0.0
81.9  40.3261628371  0.0
85.4  39.0392698374  0.0
88.9  38.3479526854  0.0
