#SVE points (r, sigmaR, sigmaZ, sigmaPhi, sigmaMajRestored)
15.1  113.145995525  56.5729977624  84.7465043001  80.1052084921
15.2  112.650605697  56.3253028487  84.3477522248  79.7307424408
15.3  112.160462228  56.0802311138  83.9533283381  79.3603333572
15.4  111.675584332  55.837792166  83.5632402558  78.9939890111
15.5  111.195989823  55.5979949116  83.1774945886  78.6317162187
15.6  110.721695122  55.3608475609  82.7960969513  78.2735208512
15.7  110.252715265  55.1263576324  82.4190519709  77.9194078428
15.8  109.789063918  54.8945319588  82.0463632969  77.5693811998
15.9  109.330753383  54.6653766916  81.6780336099  77.2234440087
16.0  108.877794615  54.4388973075  81.3140646311  76.8815984455
16.1  108.430197226  54.2150986131  80.9544571327  76.5438457845
16.2  107.987969503  53.9939847514  80.5992109468  76.2101864076
16.3  107.551118415  53.7755592073  80.2483249758  75.8806198137
16.4  107.119649627  53.5598248135  79.9017972025  75.5551446275
16.5  106.693567514  53.346783757  79.5596247004  75.23375861
16.6  106.27287517  53.136437585  79.2218036434  74.9164586672
16.7  105.857574422  52.9287872112  78.888329317  74.6032408605
16.8  105.447665845  52.7238329226  78.5591961287  74.2941004165
16.9  105.043148771  52.5215743853  78.2343976181  73.9890317368
17.0  104.644021304  52.322010652  77.9139264684  73.6880284081
17.1  104.250280336  52.125140168  77.5977745168  73.3910832128
17.2  103.861921557  51.9309607785  77.2859327659  73.0981881386
17.3  103.47893947  51.739469735  76.9783913942  72.8093343895
17.4  103.101327405  51.5506637027  76.6751397677  72.524512396
17.5  102.729077535  51.3645387673  76.3761664508  72.2437118255
17.6  102.362180885  51.1810904423  76.0814592179  71.9669215932
17.7  102.000627352  51.0003136759  75.7910050646  71.6941298728
17.8  101.644405717  50.8222028586  75.5047902192  71.4253241068
17.9  101.293503661  50.6467518305  75.2228001542  71.1604910178
18.0  100.947907776  50.4739538882  74.9450195977  70.8996166192
18.1  100.607603586  50.3038017931  74.6714325453  70.6426862263
18.2  100.272575556  50.1362877782  74.4020222718  70.389684467
18.3  99.942807112  49.971403556  74.1367713424  70.140595293
18.4  99.618280652  49.809140326  73.8756616253  69.8954019909
18.5  99.2989775651  49.6494887826  73.6186743027  69.6540871933
18.6  98.9848782447  49.4924391223  73.3657898832  69.41663289
18.7  98.6759621046  49.3379810523  73.1169882135  69.1830204391
18.8  98.3722075949  49.1861037975  72.8722484903  68.9532305785
18.9  98.0735922172  49.0367961086  72.6315492722  68.7272434368
19.0  97.7800925405  48.8900462702  72.3948684917  68.5050385446
19.1  97.4916842173  48.7458421087  72.1621834674  68.2865948463
19.2  97.2083419993  48.6041709996  71.9334709154  68.0718907109
19.3  96.930039753  48.4650198765  71.7087069622  67.8609039434
19.4  96.6567504765  48.3283752382  71.4878671558  67.6536117965
19.5  96.3884463145  48.1942231573  71.2709264784  67.4499909815
19.6  96.1250985755  48.0625492877  71.0578593582  67.2500176801
19.7  95.8666777468  47.9333388734  70.8486396812  67.0536675554
19.8  95.6131535116  47.8065767558  70.6432408037  66.8609157635
19.9  95.3644947645  47.6822473822  70.4416355638  66.6717369647
20.0  95.1206696279  47.560334814  70.243796294  66.486105335
20.0  95.1206696279  47.560334814  70.243796294  66.486105335
20.1  94.8816454686  47.4408227343  70.0496948327  66.3039945773
20.2  94.6473889132  47.3236944566  69.8593025362  66.1253779331
20.3  94.4178658652  47.2089329326  69.6725902913  65.9502281932
20.4  94.1930415207  47.0965207603  69.4895285262  65.7785177096
20.5  93.9728803846  46.9864401923  69.3100872235  65.6102184063
20.6  93.7573462873  46.8786731437  69.1342359314  65.445301791
20.7  93.5464024005  46.7732012002  68.9619437757  65.2837389661
20.8  93.3400112534  46.6700056267  68.7931794719  65.1255006398
20.9  93.1381347492  46.5690673746  68.6279113368  64.9705571377
21.0  92.940734181  46.4703670905  68.4661073001  64.8188784134
21.1  92.7477702482  46.3738851241  68.3077349166  64.6704340601
21.2  92.5592030722  46.2796015361  68.1527613774  64.5251933214
21.3  92.3749922129  46.1874961065  68.0011535219  64.3831251023
21.4  92.1950966846  46.0975483423  67.8528778494  64.2441979805
21.5  92.019474972  46.009737486  67.7079005302  64.108380217
21.6  91.8480850461  45.9240425231  67.5661874177  63.9756397674
21.7  91.6808843803  45.8404421901  67.4277040595  63.8459442923
21.8  91.517829966  45.758914983  67.292415709  63.7192611685
21.9  91.3588783287  45.6794391643  67.1602873366  63.5955574995
22.0  91.2039855436  45.6019927718  67.0312836409  63.4748001266
22.1  91.0531072513  45.5265536256  66.9053690603  63.3569556388
22.2  90.9061986736  45.4530993368  66.7825077837  63.2419903845
22.3  90.7632146287  45.3816073144  66.662663762  63.1298704808
22.4  90.6241095472  45.3120547736  66.5458007188  63.020561825
22.5  90.4888374871  45.2444187436  66.4318821616  62.9140301044
22.6  90.3573521493  45.1786760747  66.3208713928  62.810240807
22.7  90.229606893  45.1148034465  66.2127315201  62.7091592316
22.8  90.1055547508  45.0527773754  66.1074254678  62.610750498
22.9  89.9851484435  44.9925742218  66.0049159868  62.5149795572
23.0  89.8683403958  44.9341701979  65.905165666  62.4218112016
23.1  89.7550827505  44.8775413753  65.8081369422  62.3312100748
23.2  89.645327384  44.822663692  65.7137921109  62.2431406816
23.3  89.5390259204  44.7695129602  65.6220933364  62.157567398
23.4  89.4361297467  44.7180648733  65.5330026626  62.0744544807
23.5  89.336590027  44.6682950135  65.4464820224  61.9937660771
23.6  89.2403577172  44.6201788586  65.3624932484  61.9154662347
23.7  89.147383579  44.5736917895  65.2809980831  61.8395189107
23.8  89.0576181945  44.5288090973  65.201958188  61.7658879815
23.9  88.9710119801  44.48550599  65.1253351546  61.6945372522
24.0  88.8875152006  44.4437576003  65.051090513  61.6254304657
24.1  88.807077983  44.4035389915  64.9791857426  61.5585313118
24.2  88.7296503305  44.3648251653  64.9095822809  61.4938034367
24.3  88.655182136  44.327591068  64.8422415335  61.4312104516
24.4  88.5836231957  44.2918115978  64.7771248833  61.3707159422
24.5  88.5149232224  44.2574616112  64.7141936998  61.3122834769
24.6  88.449031859  44.2245159295  64.6534093482  61.255876616
24.7  88.3858986918  44.1929493459  64.5947331989  61.2014589203
24.8  88.325473263  44.1627366315  64.5381266359  61.1489939598
24.9  88.2677050842  44.1338525421  64.4835510664  61.0984453216
25.0  88.2125436492  44.1062718246  64.4309679289  61.0497766191
25.1  88.159938446  44.079969223  64.3803387026  61.0029514998
25.2  88.1098389701  44.0549194851  64.3316249155  60.9579336536
25.3  88.0621947366  44.0310973683  64.284788153  60.914686821
25.4  88.0169552923  44.0084776461  64.2397900666  60.873174801
25.5  87.9740702281  43.9870351141  64.1965923817  60.8333614591
25.6  87.9334891909  43.9667445955  64.1551569064  60.7952107348
25.7  87.8951618954  43.9475809477  64.1154455388  60.75868665
25.8  87.8590381357  43.9295190678  64.0774202759  60.7237533159
25.9  87.8250677972  43.9125338986  64.0410432208  60.6903749408
26.0  87.7932008677  43.8966004338  64.0062765904  60.6585158376
26.1  87.7633874488  43.8816937244  63.9730827239  60.6281404309
26.2  87.7355777672  43.8677888836  63.9414240893  60.5992132643
26.3  87.7097221854  43.8548610927  63.9112632914  60.5716990078
26.4  87.6857712125  43.8428856062  63.8825630792  60.545562464
26.5  87.6636755153  43.8318377577  63.8552863529  60.520768576
26.6  87.6433859285  43.8216929643  63.8293961711  60.4972824334
26.7  87.6248534652  43.8124267326  63.8048557576  60.4750692794
26.8  87.6080293271  43.8040146636  63.7816285087  60.4540945172
26.9  87.5928649146  43.7964324573  63.7596779995  60.4343237165
27.0  87.5793118368  43.7896559184  63.7389679912  60.4157226199
27.1  87.5673219211  43.7836609605  63.7194624368  60.3982571494
27.2  87.5568472231  43.7784236116  63.7011254883  60.381893412
27.3  87.5478400359  43.773920018  63.6839215026  60.3665977062
27.4  87.5402528995  43.7701264497  63.6678150479  60.3523365278
27.5  87.5340386097  43.7670193049  63.6527709099  60.3390765759
27.6  87.5291502276  43.7645751138  63.6387540974  60.3267847583
27.7  87.5255410879  43.762770544  63.6257298485  60.3154281973
27.8  87.5231648082  43.7615824041  63.6136636364  60.3049742353
27.9  87.521975297  43.7609876485  63.6025211748  60.2953904402
28.0  87.5219267621  43.7609633811  63.5922684237  60.2866446104
28.1  87.5229737195  43.7614868597  63.5828715946  60.2787047804
28.2  87.5250710005  43.7625355002  63.574297156  60.2715392257
28.3  87.5281737603  43.7640868801  63.5665118384  60.2651164677
28.4  87.5322374856  43.7661187428  63.5594826398  60.2594052787
28.5  87.5372180019  43.768609001  63.5531768299  60.2543746866
28.6  87.5430714814  43.7715357407  63.5475619558  60.2499939797
28.7  87.5497544498  43.7748772249  63.5426058463  60.2462327109
28.8  87.5572237937  43.7786118969  63.5382766165  60.2430607025
28.9  87.5654367676  43.7827183838  63.5345426726  60.2404480504
29.0  87.5743510004  43.7871755002  63.5313727159  60.2383651282
29.1  87.5839245024  43.7919622512  63.5287357476  60.2367825917
29.2  87.5941156714  43.7970578357  63.5266010724  60.2356713824
29.3  87.6048832993  43.8024416497  63.5249383033  60.2350027317
29.4  87.6161865783  43.8080932892  63.5237173648  60.2347481647
29.5  87.6279851067  43.8139925534  63.5229084972  60.234879504
29.6  87.6402388947  43.8201194474  63.5224822602  60.2353688729
29.7  87.6529083704  43.8264541852  63.5224095365  60.2361886993
29.8  87.665954385  43.8329771925  63.5226615356  60.2373117189
29.9  87.6793382185  43.8396691092  63.5232097967  60.2387109783
30.0  87.6930215844  43.8465107922  63.5240261923  60.2403598385
30.0  87.6930215844  43.8465107922  63.5240261923  60.2403598385
30.1  87.7069666355  43.8534833178  63.5250829316  60.2422319779
30.2  87.7211359682  43.8605679841  63.5263525629  60.244301395
30.3  87.7354926273  43.8677463136  63.5278079773  60.2465424114
30.4  87.750000111  43.8750000555  63.5294224111  60.2489296748
30.5  87.7646223749  43.8823111874  63.5311694488  60.2514381613
30.6  87.7793238366  43.8896619183  63.5330230255  60.2540431779
30.7  87.7940693795  43.8970346898  63.5349574296  60.2567203655
30.8  87.8088243573  43.9044121786  63.5369473053  60.2594457007
30.9  87.8235545971  43.9117772986  63.5389676548  60.262195498
31.0  87.8382264037  43.9191132019  63.5409938403  60.2649464125
31.1  87.8528065629  43.9264032815  63.5430015866  60.2676754414
31.2  87.8672623448  43.9336311724  63.5449669828  60.2703599262
31.3  87.881561507  43.9407807535  63.5468664841  60.2729775545
31.4  87.8956722979  43.947836149  63.548676914  60.2755063618
31.5  87.9095634595  43.9547817297  63.5503754655  60.2779247329
31.6  87.92320423  43.961602115  63.5519397031  60.2802114038
31.7  87.9365643467  43.9682821733  63.5533475642  60.2823454629
31.8  87.9496140484  43.9748070242  63.5545773602  60.2843063526
31.9  87.9623240775  43.9811620388  63.5556077781  60.2860738702
32.0  87.9746656828  43.9873328414  63.5564178817  60.2876281693
32.1  87.9866106207  43.9933053104  63.5569871126  60.2889497611
32.2  87.9981311579  43.9990655789  63.5572952912  60.290019515
32.3  88.0092000725  44.0046000363  63.5573226173  60.2908186593
32.4  88.0197906564  44.0098953282  63.5570496717  60.2913287829
32.5  88.0298767159  44.0149383579  63.5564574159  60.2915318349
32.6  88.0394325736  44.0197162868  63.5555271936  60.2914101261
32.7  88.0484330697  44.0242165348  63.5542407307  60.2909463288
32.8  88.0568535625  44.0284267813  63.5525801356  60.2901234779
32.9  88.06466993  44.032334965  63.5505279  60.2889249708
33.0  88.0718585702  44.0359292851  63.548066899  60.2873345677
33.1  88.0783964021  44.039198201  63.5451803909  60.2853363918
33.2  88.0842608659  44.0421304329  63.5418520175  60.2829149297
33.3  88.0894299237  44.0447149618  63.5380658043  60.2800550309
33.4  88.0938820596  44.0469410298  63.5338061598  60.2767419079
33.5  88.0975962801  44.04879814  63.5290578759  60.2729611362
33.6  88.1005521135  44.0502760567  63.523806127  60.2686986537
33.7  88.1027296106  44.0513648053  63.5180364702  60.2639407607
33.8  88.1041093437  44.0520546719  63.5117348444  60.2586741193
33.9  88.104672407  44.0523362035  63.5048875698  60.252885753
34.0  88.1044004152  44.0522002076  63.4974813474  60.2465630458
34.1  88.1032755038  44.0516377519  63.4895032583  60.239693742
34.2  88.1012803277  44.0506401638  63.4809407625  60.232265945
34.3  88.0983980606  44.0491990303  63.4717816986  60.224268117
34.4  88.094612394  44.047306197  63.4620142823  60.2156890776
34.5  88.0899075364  44.0449537682  63.4516271056  60.2065180031
34.6  88.0842682115  44.0421341057  63.4406091357  60.1967444253
34.7  88.0776796572  44.0388398286  63.4289497137  60.1863582306
34.8  88.0701276243  44.0350638121  63.4166385531  60.1753496585
34.9  88.0615983747  44.0307991874  63.403665739  60.1637093006
35.0  88.05207868  44.02603934  63.390021726  60.1514280991
35.1  88.0415558193  44.0207779097  63.3756973373  60.1384973455
35.2  88.0300175779  44.015008789  63.3606837626  60.1249086789
35.3  88.0174522448  44.0087261224  63.3449725568  60.1106540848
35.4  88.0038486108  44.0019243054  63.3285556379  60.095725893
35.5  87.9891959665  43.9945979832  63.3114252857  60.0801167764
35.6  87.9734840996  43.9867420498  63.2935741394  60.063819749
35.7  87.9567032929  43.9783516465  63.2749951962  60.0468281641
35.8  87.9388443216  43.9694221608  63.2556818088  60.0291357124
35.9  87.9198984505  43.9599492252  63.2356276835  60.0107364201
36.0  87.8998574317  43.9499287159  63.2148268781  59.9916246468
36.1  87.8787135017  43.9393567509  63.1932738  59.9717950836
36.2  87.8564593783  43.9282296891  63.1709632031  59.9512427508
36.3  87.8330882577  43.9165441288  63.1478901864  59.9299629958
36.4  87.8085938116  43.9042969058  63.124050191  59.9079514907
36.5  87.7829701838  43.8914850919  63.099438998  59.8852042304
36.6  87.7562119872  43.8781059936  63.0740527258  59.8617175296
36.7  87.7283143001  43.8641571501  63.0478878273  59.8374880209
36.8  87.6992726633  43.8496363316  63.0209410879  59.8125126521
36.9  87.669083076  43.834541538  62.9932096223  59.7867886838
37.0  87.6377419925  43.8188709962  62.9646908719  59.7603136866
37.1  87.6052463187  43.8026231593  62.9353826021  59.7330855387
37.2  87.5715934079  43.785796704  62.9052828994  59.7051024229
37.3  87.5367810575  43.7683905288  62.8743901682  59.6763628244
37.4  87.5008075046  43.7504037523  62.8427031286  59.6468655273
37.5  87.4636714221  43.731835711  62.8102208125  59.6166096125
37.6  87.425371915  43.7126859575  62.7769425611  59.5855944542
37.7  87.3859085159  43.692954258  62.7428680219  59.5538197174
37.8  87.345281181  43.6726405905  62.7079971451  59.5212853547
37.9  87.3034902854  43.6517451427  62.6723301807  59.4879916032
38.0  87.2605366196  43.6302683098  62.6358676752  59.4539389819
38.1  87.2164213841  43.608210692  62.5986104684  59.4191282881
38.2  87.1711461856  43.5855730928  62.5605596899  59.3835605943
38.3  87.1247130324  43.5623565162  62.5217167558  59.3472372455
38.4  87.0771243293  43.5385621647  62.4820833656  59.3101598553
38.5  87.0283828736  43.5141914368  62.4416614983  59.2723303033
38.6  86.97849185  43.489245925  62.400453409  59.233750731
38.7  86.9274548256  43.4637274128  62.3584616256  59.1944235395
38.8  86.8752757458  43.4376378729  62.3156889452  59.1543513852
38.9  86.8219589287  43.4109794644  62.2721384303  59.1135371769
39.0  86.7675090604  43.3837545302  62.2278134053  59.0719840721
39.1  86.7119311901  43.355965595  62.1827174529  59.0296954738
39.2  86.6552307249  43.3276153624  62.1368544104  58.9866750269
39.3  86.5974134247  43.2987067124  62.0902283658  58.9429266144
39.4  86.5384853975  43.2692426987  62.0428436541  58.8984543544
39.5  86.4784530934  43.2392265467  61.9947048537  58.8532625959
39.6  86.4173233  43.20866165  61.9458167825  58.8073559155
39.7  86.355103137  43.1775515685  61.8961844937  58.7607391139
39.8  86.2918000507  43.1459000253  61.8458132727  58.713417212
39.9  86.2274218088  43.1137109044  61.7947086323  58.665395447
40.0  86.1619764951  43.0809882476  61.7428763095  58.6166792694
40.0  86.1619764951  43.0809882476  61.7428763095  58.6166792694
40.1  86.0954725037  43.0477362519  61.6903222614  58.5672743384
40.2  86.0279185341  43.013959267  61.6370526607  58.5171865188
40.3  85.9593235849  42.9796617925  61.5830738925  58.466421877
40.4  85.8896969493  42.9448484747  61.5283925498  58.414986677
40.5  85.8190482086  42.9095241043  61.4730154296  58.3628873769
40.6  85.7473872271  42.8736936135  61.416949529  58.3101306248
40.7  85.6747241464  42.8373620732  61.3602020409  58.2567232554
40.8  85.6010693797  42.8005346899  61.3027803499  58.2026722853
40.9  85.5264336062  42.7632168031  61.2446920285  58.1479849101
41.0  85.4508277653  42.7254138827  61.1859448329  58.0926684997
41.1  85.374263051  42.6871315255  61.1265466988  58.036730595
41.2  85.2967509061  42.648375453  61.066505737  57.9801789035
41.3  85.2183030163  42.6091515082  61.0058302299  57.9230212958
41.4  85.1389313049  42.5694656525  60.9445286268  57.8652658011
41.5  85.0586479265  42.5293239633  60.8826095401  57.806920604
41.6  84.9774652613  42.4887326307  60.8200817408  57.7479940398
41.7  84.8953959096  42.4476979548  60.7569541544  57.688494591
41.8  84.8124526854  42.4062263427  60.6932358572  57.6284308833
41.9  84.7286486114  42.3643243057  60.6289360713  57.5678116813
42.0  84.6439969122  42.3219984561  60.564064161  57.506645885
42.1  84.558511009  42.2792555045  60.4986296285  57.4449425253
42.2  84.4722045139  42.2361022569  60.4326421095  57.3827107605
42.3  84.3850912234  42.1925456117  60.3661113691  57.319959872
42.4  84.2971851131  42.1485925566  60.2990472979  57.2566992603
42.5  84.2085003316  42.1042501658  60.2314599073  57.1929384413
42.6  84.1190511945  42.0595255972  60.1633593255  57.1286870421
42.7  84.0288521788  42.0144260894  60.0947557935  57.0639547968
42.8  83.9379179169  41.9689589585  60.0256596607  56.9987515431
42.9  83.8462631907  41.9231315954  59.9560813806  56.9330872177
43.0  83.7539029257  41.8769514629  59.8860315069  56.8669718528
43.1  83.6608521853  41.8304260926  59.8155206893  56.8004155718
43.2  83.5671261646  41.7835630823  59.7445596691  56.7334285855
43.3  83.4727401852  41.7363700926  59.6731592751  56.6660211882
43.4  83.3777096885  41.6888548443  59.6013304196  56.5982037536
43.5  83.2820502308  41.6410251154  59.5290840941  56.529986731
43.6  83.1857774766  41.5928887383  59.4564313653  56.4613806411
43.7  83.0889071936  41.5444535968  59.3833833707  56.3923960726
43.8  82.9914552462  41.4957276231  59.309951315  56.3230436777
43.9  82.8934375904  41.4467187952  59.2361464653  56.2533341687
44.0  82.7948702674  41.3974351337  59.1619801478  56.1832783136
44.1  82.6957693985  41.3478846992  59.087463743  56.1128869328
44.2  82.5961511788  41.2980755894  59.012608682  56.0421708949
44.3  82.4960318721  41.248015936  58.9374264427  55.971141113
44.4  82.3954278045  41.1977139022  58.8619285452  55.8998085405
44.5  82.2943553595  41.1471776797  58.7861265483  55.828184168
44.6  82.1928309719  41.096415486  58.7100320451  55.7562790188
44.7  82.0908711224  41.0454355612  58.6336566594  55.6841041457
44.8  81.988492332  40.994246166  58.5570120415  55.6116706268
44.9  81.8857111562  40.9428555781  58.4801098645  55.538989562
45.0  81.7825441801  40.89127209  58.4029618201  55.4660720692
45.1  81.6790080121  40.8395040061  58.325579615  55.3929292808
45.2  81.5751192793  40.7875596396  58.2479749668  55.3195723397
45.3  81.4708946213  40.7354473106  58.1701596005  55.246012396
45.4  81.3663506853  40.6831753426  58.0921452441  55.1722606031
45.5  81.2615041206  40.6307520603  58.0139436255  55.0983281142
45.6  81.1563715734  40.5781857867  57.9355664684  55.0242260787
45.7  81.0509696812  40.5254848406  57.8570254883  54.9499656389
45.8  80.945315068  40.472657534  57.7783323895  54.8755579261
45.9  80.8394243385  40.4197121693  57.6994988607  54.8010140572
46.0  80.7333140737  40.3666570369  57.6205365717  54.7263451314
46.1  80.6270008252  40.3135004126  57.5414571699  54.6515622267
46.2  80.52050111  40.260250555  57.4622722763  54.5766763964
46.3  80.4138314062  40.2069157031  57.3829934824  54.5016986656
46.4  80.3070081472  40.1535040736  57.3036323465  54.4266400283
46.5  80.2000477172  40.1000238586  57.2242003899  54.3515114435
46.6  80.0929664462  40.0464832231  57.1447090939  54.2763238324
46.7  79.9857806049  39.9928903024  57.0651698961  54.2010880748
46.8  79.8785064002  39.9392532001  56.9855941873  54.125815006
46.9  79.7711599705  39.8855799852  56.9059933075  54.0505154136
47.0  79.6637573805  39.8318786902  56.8263785435  53.9752000345
47.1  79.5563146169  39.7781573084  56.7467611247  53.8998795515
47.2  79.4488475838  39.7244237919  56.6671522204  53.8245645902
47.3  79.3413720979  39.6706860489  56.5875629366  53.7492657163
47.4  79.2339038841  39.6169519421  56.5080043124  53.6739934321
47.5  79.1264585713  39.5632292856  56.4284873173  53.5987581739
47.6  79.0190516874  39.5095258437  56.3490228479  53.523570309
47.7  78.9116986554  39.4558493277  56.2696217248  53.4484401323
47.8  78.804414789  39.4022073945  56.1902946897  53.3733778643
47.9  78.6972152883  39.3486076442  56.1110524023  53.2983936474
48.0  78.5901152357  39.2950576179  56.0319054375  53.2234975437
48.1  78.4831295916  39.2415647958  55.9528642823  53.1486995319
48.2  78.3762731906  39.1881365953  55.8739393332  53.0740095047
48.3  78.2695607371  39.1347803686  55.795140893  52.9994372662
48.4  78.1630068018  39.0815034009  55.7164791686  52.924992529
48.5  78.0566258173  39.0283129087  55.6379642676  52.8506849121
48.6  77.9504320748  38.9752160374  55.5596061963  52.7765239376
48.7  77.8444397199  38.92221986  55.4814148563  52.702519029
48.8  77.7386627492  38.8693313746  55.4034000425  52.628679508
48.9  77.6331150064  38.8165575032  55.3255714406  52.5550145927
49.0  77.5278101787  38.7639050894  55.2479386238  52.4815333946
49.1  77.4227617937  38.7113808969  55.1705110513  52.4082449168
49.2  77.3179832155  38.6589916077  55.0932980653  52.3351580514
49.3  77.2134876414  38.6067438207  55.0163088888  52.2622815771
49.4  77.1092880986  38.5546440493  54.9395526232  52.1896241576
49.5  77.0053974413  38.5026987206  54.8630382462  52.1171943387
49.6  76.9018283467  38.4509141733  54.7867746093  52.0450005466
49.7  76.7985933127  38.3992966563  54.710770436  51.9730510857
49.8  76.6957046544  38.3478523272  54.6350343191  51.9013541366
49.9  76.5931745011  38.2965872506  54.5595747192  51.829917754
50.0  76.4910147938  38.2455073969  54.4843999622  51.7587498651
50.0  76.4910147938  38.2455073969  54.4843999622  51.7587498651
50.1  76.3892372816  38.1946186408  54.4095182379  51.6878582672
50.2  76.2878535196  38.1439267598  54.3349375971  51.6172506263
50.3  76.186874866  38.093437433  54.2606659507  51.5469344749
50.4  76.0863124792  38.0431562396  54.1867110673  51.4769172107
50.5  75.9861773155  37.9930886578  54.1130805716  51.4072060945
50.6  75.8864801266  37.9432400633  54.0397819426  51.3378082488
50.7  75.787231457  37.8936157285  53.9668225118  51.268730656
50.8  75.6884416416  37.8442208208  53.8942094617  51.1999801568
50.9  75.5901208038  37.7950604019  53.8219498243  51.1315634492
51.0  75.4922788529  37.7461394264  53.7500504795  51.0634870862
51.1  75.3949254819  37.697462741  53.6785181532  50.995757475
51.2  75.2980701659  37.6490350829  53.6073594166  50.9283808755
51.3  75.2017221596  37.6008610798  53.5365806843  50.8613633989
51.4  75.1058904956  37.5529452478  53.466188213  50.7947110065
51.5  75.0105839826  37.5052919913  53.3961881004  50.7284295083
51.6  74.9158112035  37.4579056018  53.326586284  50.662524562
51.7  74.8215805138  37.4107902569  53.2573885397  50.5970016721
51.8  74.7279000398  37.3639500199  53.1886004806  50.5318661882
51.9  74.6347776773  37.3173888386  53.1202275565  50.4671233046
52.0  74.5422210897  37.2711105448  53.0522750522  50.402778059
52.1  74.4502377071  37.2251188535  52.9847480869  50.3388353316
52.2  74.3588347246  37.1794173623  52.9176516133  50.2752998443
52.3  74.2680191014  37.1340095507  52.8509904165  50.21217616
52.4  74.1777975589  37.0888987795  52.7847691133  50.1494686814
52.5  74.0881765806  37.0440882903  52.7189921518  50.0871816508
52.6  73.9991624101  36.999581205  52.6536638099  50.025319149
52.7  73.9107610507  36.9553805254  52.5887881954  49.9638850951
52.8  73.8229782646  36.9114891323  52.5243692451  49.9028832453
52.9  73.7358195714  36.8679097857  52.4604107242  49.8423171932
53.0  73.6492902482  36.8246451241  52.3969162258  49.7821903684
53.1  73.5633953285  36.7816976642  52.3338891707  49.7225060371
53.2  73.4781396014  36.7390698007  52.2713328066  49.6632673006
53.3  73.3935276117  36.6967638058  52.2092502083  49.6044770961
53.4  73.3095636588  36.6547818294  52.1476442767  49.5461381955
53.5  73.2262517969  36.6131258984  52.0865177395  49.4882532057
53.6  73.1435958343  36.5717979171  52.0258731499  49.4308245683
53.7  73.0615993332  36.5307996666  51.9657128875  49.3738545594
53.8  72.9802656101  36.490132805  51.9060391577  49.3173452897
53.9  72.8995977348  36.4497988674  51.8468539917  49.2612987043
54.0  72.8195985313  36.4097992657  51.7881592464  49.2057165826
54.1  72.7402705773  36.3701352886  51.7299566051  49.1506005387
54.2  72.6616162045  36.3308081022  51.6722475768  49.0959520215
54.3  72.583637499  36.2918187495  51.615033497  49.0417723145
54.4  72.5063363013  36.2531681506  51.5583155276  48.9880625365
54.5  72.429714207  36.2148571035  51.5020946573  48.9348236412
54.6  72.3537725668  36.1768862834  51.446371702  48.8820564185
54.7  72.2785124875  36.1392562438  51.391147305  48.8297614938
54.8  72.2039348323  36.1019674162  51.3364219377  48.7779393293
54.9  72.1300402214  36.0650201107  51.2821958997  48.7265902238
55.0  72.0568290329  36.0284145164  51.2284693197  48.6757143135
55.1  71.9843014034  35.9921507017  51.1752421559  48.6253115728
55.2  71.9124572293  35.9562286146  51.1225141968  48.5753818142
55.3  71.8412961669  35.9206480835  51.0702850617  48.5259246897
55.4  71.7708176345  35.8854088173  51.0185542013  48.476939691
55.5  71.7010208126  35.8505104063  50.9673208989  48.4284261506
55.6  71.6319046452  35.8159523226  50.916584271  48.3803832422
55.7  71.5634678415  35.7817339207  50.8663432682  48.3328099818
55.8  71.4957088765  35.7478544383  50.8165966758  48.2857052285
55.9  71.428625993  35.7143129965  50.7673431155  48.2390676854
56.0  71.3622172025  35.6811086012  50.7185810457  48.1928959005
56.1  71.2964802868  35.6482401434  50.670308763  48.1471882682
56.2  71.2314127998  35.6157063999  50.6225244031  48.1019430294
56.3  71.1670120689  35.5835060344  50.5752259422  48.0571582735
56.4  71.1032751966  35.5516375983  50.5284111977  48.0128319392
56.5  71.0401990623  35.5200995312  50.4820778302  47.9689618156
56.6  70.9777803245  35.4888901623  50.4362233441  47.9255455435
56.7  70.916015422  35.458007711  50.3908450893  47.8825806166
56.8  70.8549005761  35.427450288  50.3459402624  47.8400643832
56.9  70.794431793  35.3972158965  50.3015059085  47.797994047
57.0  70.7346048651  35.3673024326  50.2575389221  47.7563666687
57.1  70.6754153738  35.3377076869  50.214036049  47.7151791676
57.2  70.6168586914  35.3084293457  50.1709938879  47.6744283231
57.3  70.5589299831  35.2794649915  50.1284088917  47.6341107758
57.4  70.5016242097  35.2508121048  50.0862773693  47.5942230294
57.5  70.4449361297  35.2224680648  50.0445954874  47.5547614524
57.6  70.3888603019  35.194430151  50.0033592721  47.5157222794
57.7  70.3333910877  35.1666955438  49.9625646104  47.4771016129
57.8  70.2785226536  35.1392613268  49.9222072525  47.4388954252
57.9  70.2242489741  35.112124487  49.8822828134  47.4010995598
58.0  70.1705638337  35.0852819169  49.8427867747  47.3637097334
58.1  70.1174608305  35.0587304152  49.8037144866  47.3267215379
58.2  70.064933378  35.032466689  49.7650611697  47.2901304419
58.3  70.0129747086  35.0064873543  49.7268219174  47.2539317925
58.4  69.9615778761  34.980788938  49.6889916974  47.2181208179
58.5  69.9107357585  34.9553678792  49.6515653542  47.1826926285
58.6  69.8604410614  34.9302205307  49.6145376109  47.1476422196
58.7  69.8106863206  34.9053431603  49.5779030714  47.112964473
58.8  69.7614639053  34.8807319526  49.5416562228  47.0786541592
58.9  69.7127660211  34.8563830105  49.5057914372  47.0447059395
59.0  69.6645847132  34.8322923566  49.4703029743  47.011114368
59.1  69.6169118698  34.8084559349  49.4351849832  46.977873894
59.2  69.5697392248  34.7848696124  49.4004315054  46.9449788639
59.3  69.5230583618  34.7615291809  49.3660364765  46.9124235237
59.4  69.4768607166  34.7384303583  49.3319937287  46.8802020209
59.5  69.4311375813  34.7155687907  49.2982969935  46.848308407
59.6  69.3858801074  34.6929400537  49.2649399037  46.8167366398
59.7  69.341079309  34.6705396545  49.2319159961  46.7854805856
59.8  69.2967260667  34.6483630334  49.1992187138  46.7545340217
59.9  69.252811131  34.6264055655  49.1668414089  46.7238906386
60.0  69.2093251258  34.6046625629  49.1347773449  46.6935440427
60.0  69.2093251258  34.6046625629  49.1347773449  46.6935440427
60.1  69.1662585519  34.5831292759  49.1030196994  46.6634877581
60.2  69.1236017908  34.5618008954  49.0715615662  46.6337152299
60.3  69.0813451084  34.5406725542  49.0403959586  46.6042198261
60.4  69.0394786587  34.5197393293  49.0095158115  46.5749948401
60.5  68.9979924872  34.4989962436  48.9789139844  46.5460334935
60.6  68.9568765352  34.4784382676  48.9485832637  46.5173289384
60.7  68.9161206432  34.4580603216  48.9185163657  46.4888742602
60.8  68.875714555  34.4378572775  48.8887059391  46.46066248
60.9  68.8356479213  34.4178239607  48.859144568  46.432686557
61.0  68.7959103038  34.3979551519  48.8298247744  46.4049393916
61.1  68.756491179  34.3782455895  48.8007390211  46.3774138277
61.2  68.7173799422  34.3586899711  48.7718797144  46.3501026554
61.3  68.6785659115  34.3392829558  48.743239207  46.3229986138
61.4  68.6400383317  34.3200191658  48.7148098007  46.2960943935
61.5  68.6017863782  34.3008931891  48.6865837496  46.2693826394
61.6  68.5637991615  34.2818995807  48.6585532622  46.2428559535
61.7  68.5260657306  34.2630328653  48.6307105052  46.2165068973
61.8  68.4885750776  34.2442875388  48.6030476058  46.1903279949
61.9  68.4513161416  34.2256580708  48.5755566545  46.1643117358
62.0  68.4142778128  34.2071389064  48.5482297086  46.1384505772
62.1  68.3774489366  34.1887244683  48.5210587944  46.1127369472
62.2  68.3408183178  34.1704091589  48.4940359106  46.0871632473
62.3  68.3043747248  34.1521873624  48.4671530314  46.0617218556
62.4  68.2681068934  34.1340534467  48.4404021086  46.036405129
62.5  68.2320035318  34.1160017659  48.4137750756  46.0112054066
62.6  68.1960533238  34.0980266619  48.3872638497  45.9861150122
62.7  68.1602449336  34.0801224668  48.3608603351  45.961126257
62.8  68.12456701  34.062283505  48.3345564262  45.9362314429
62.9  68.0890081903  34.0445040952  48.3083440103  45.9114228648
63.0  68.0535571049  34.0267785524  48.2822149708  45.8866928138
63.1  68.018202381  34.0091011905  48.2561611899  45.8620335797
63.2  67.9829326475  33.9914663237  48.2301745518  45.8374374544
63.3  67.9477365386  33.9738682693  48.2042469455  45.812896734
63.4  67.9126026986  33.9563013493  48.1783702683  45.7884037223
63.5  67.8775197854  33.9387598927  48.1525364279  45.7639507333
63.6  67.8424764756  33.9212382378  48.1267373462  45.7395300939
63.7  67.8074614679  33.903730734  48.100964962  45.7151341473
63.8  67.772463488  33.886231744  48.0752112337  45.6907552551
63.9  67.7374712924  33.8687356462  48.0494681428  45.6663858007
64.0  67.7024736727  33.8512368364  48.0237276964  45.6420181921
64.1  67.6674594598  33.8337297299  47.9979819305  45.6176448642
64.2  67.6324175283  33.8162087641  47.9722229128  45.5932582822
64.3  67.5973368002  33.7986684001  47.9464427456  45.5688509441
64.4  67.5622062496  33.7811031248  47.9206335689  45.5444153836
64.5  67.5270149066  33.7635074533  47.8947875632  45.5199441727
64.6  67.4917518614  33.7458759307  47.8688969527  45.4954299251
64.7  67.4564062686  33.7282031343  47.8429540077  45.4708652979
64.8  67.420967351  33.7104836755  47.8169510479  45.4462429954
64.9  67.3854244043  33.6927122021  47.7908804454  45.4215557715
65.0  67.3497668004  33.6748834002  47.7647346271  45.396796432
65.1  67.3139839922  33.6569919961  47.738506078  45.371957838
65.2  67.278065517  33.6390327585  47.7121873439  45.3470329081
65.3  67.2420010009  33.6210005004  47.6857710341  45.3220146215
65.4  67.2057801628  33.6028900814  47.6592498244  45.2968960203
65.5  67.169392818  33.584696409  47.63261646  45.2716702124
65.6  67.1328288829  33.5664144414  47.6058637578  45.2463303741
65.7  67.0960783778  33.5480391889  47.5789846096  45.2208697526
65.8  67.0591314318  33.5295657159  47.5519719849  45.1952816689
65.9  67.0219782862  33.5109891431  47.5248189333  45.16955952
66.0  66.9846092983  33.4923046492  47.4975185873  45.1436967818
66.1  66.9470149453  33.4735074726  47.4700641649  45.1176870113
66.2  66.909185828  33.454592914  47.4424489726  45.0915238496
66.3  66.8711126746  33.4355563373  47.4146664078  45.065201024
66.4  66.8327863444  33.4163931722  47.386709961  45.0387123505
66.5  66.7941978312  33.3970989156  47.3585732192  45.0120517365
66.6  66.7553382674  33.3776691337  47.3302498678  44.9852131829
66.7  66.7161989269  33.3580994635  47.3017336933  44.9581907867
66.8  66.6767712295  33.3383856147  47.273018586  44.9309787435
66.9  66.6370467434  33.3185233717  47.2440985419  44.9035713495
67.0  66.5970171895  33.2985085947  47.2149676659  44.875963004
67.1  66.5566744443  33.2783372221  47.1856201737  44.8481482117
67.2  66.5160105434  33.2580052717  47.1560503941  44.8201215849
67.3  66.475017685  33.2375088425  47.1262527716  44.7918778456
67.4  66.4336882327  33.2168441164  47.0962218687  44.7634118281
67.5  66.3920147194  33.1960073597  47.0659523679  44.7347184806
67.6  66.3499898496  33.1749949248  47.0354390743  44.7057928678
67.7  66.3076065034  33.1538032517  47.0046769174  44.6766301725
67.8  66.2648577388  33.1324288694  46.9736609534  44.6472256982
67.9  66.2217367953  33.1108683976  46.9423863676  44.6175748707
68.0  66.1782370964  33.0891185482  46.9108484761  44.5876732403
68.1  66.1343522528  33.0671761264  46.8790427279  44.5575164835
68.2  66.0900760653  33.0450380327  46.8469647071  44.5271004052
68.3  66.045402527  33.0227012635  46.8146101346  44.4964209404
68.4  66.0003258268  33.0001629134  46.7819748703  44.4654741559
68.5  65.9548403515  32.9774201758  46.7490549148  44.4342562525
68.6  65.9089406887  32.9544703444  46.715846411  44.4027635661
68.7  65.8626216291  32.9313108146  46.6823456464  44.3709925701
68.8  65.8158781693  32.9079390846  46.6485490545  44.3389398764
68.9  65.7687055137  32.8843527569  46.6144532166  44.3066022375
69.0  65.7210990773  32.8605495387  46.5800548631  44.2739765477
69.1  65.6730544882  32.8365272441  46.545350876  44.2410598453
69.2  65.6245675888  32.8122837944  46.5103382892  44.207849313
69.3  65.5756344388  32.7878172194  46.4750142912  44.1743422801
69.4  65.5262513173  32.7631256587  46.4393762256  44.1405362238
69.5  65.4764147241  32.7382073621  46.4034215931  44.1064287703
69.6  65.4261213824  32.7130606912  46.3671480528  44.0720176964
69.7  65.3753682401  32.6876841201  46.330553423  44.0373009302
69.8  65.3241524719  32.6620762359  46.2936356832  44.002276553
69.9  65.2724714807  32.6362357403  46.2563929745  43.9669427999
70.0  65.2203228995  32.6101614498  46.2188236015  43.9312980609
70.0  65.2203228996  32.6101614498  46.2188236015  43.9312980609
70.1  65.1677045932  32.5838522966  46.1809260329  43.8953408824
70.2  65.114614659  32.5573073295  46.1426989026  43.8590699676
70.3  65.0610514291  32.5305257146  46.1041410107  43.8224841779
70.4  65.0070134712  32.5035067356  46.0652513245  43.7855825334
70.5  64.9524995901  32.4762497951  46.0260289794  43.7483642139
70.6  64.8975088285  32.4487544143  45.9864732795  43.7108285598
70.7  64.8420404685  32.4210202342  45.9465836985  43.6729750725
70.8  64.7860940321  32.393047016  45.9063598804  43.6348034153
70.9  64.7296692825  32.3648346412  45.8658016397  43.5963134137
71.0  64.6727662248  32.3363831124  45.824908963  43.5575050565
71.1  64.6153851066  32.3076925533  45.7836820082  43.5183784957
71.2  64.5575264189  32.2787632095  45.7421211059  43.4789340472
71.3  64.4991908963  32.2495954482  45.7002267594  43.4391721911
71.4  64.4403795179  32.2201897589  45.6579996453  43.399093572
71.5  64.381093507  32.1905467535  45.6154406131  43.3586989993
71.6  64.3213343324  32.1606671662  45.5725506862  43.3179894475
71.7  64.2611037075  32.1305518537  45.5293310614  43.2769660558
71.8  64.2004035913  32.1002017957  45.4857831097  43.235630129
71.9  64.1392361879  32.0696180939  45.4419083752  43.1939831367
72.0  64.0776039465  32.0388019733  45.3977085762  43.1520267137
72.1  64.0155095615  32.0077547808  45.3531856042  43.1097626598
72.2  63.9529559719  31.976477986  45.3083415244  43.0671929396
72.3  63.889946361  31.9449731805  45.2631785746  43.0243196821
72.4  63.8264841562  31.9132420781  45.2176991659  42.9811451808
72.5  63.7625730281  31.8812865141  45.1719058813  42.9376718926
72.6  63.6982168902  31.8491084451  45.125801476  42.8939024381
72.7  63.6334198979  31.8167099489  45.0793888764  42.8498396008
72.8  63.5681864477  31.7840932239  45.0326711798  42.8054863265
72.9  63.5025211765  31.7512605883  44.9856516534  42.7608457226
73.0  63.4364289603  31.7182144802  44.938333734  42.7159210576
73.1  63.3699149131  31.6849574565  44.8907210268  42.6707157602
73.2  63.3029843857  31.6514921929  44.8428173047  42.6252334185
73.3  63.2356429646  31.6178214823  44.7946265072  42.579477779
73.4  63.1678964703  31.5839482352  44.7461527398  42.5334527458
73.5  63.0997509558  31.5498754779  44.6974002725  42.4871623797
73.6  63.031212705  31.5156063525  44.6483735386  42.4406108964
73.7  62.9622882311  31.4811441155  44.5990771339  42.3938026664
73.8  62.8929842746  31.4464921373  44.5495158149  42.3467422127
73.9  62.8233078015  31.4116539008  44.4996944977  42.2994342103
74.0  62.7532660013  31.3766330006  44.4496182568  42.2518834844
74.1  62.6828662846  31.3414331423  44.399292323  42.2040950092
74.2  62.6121162811  31.3060581406  44.3487220822  42.1560739061
74.3  62.5410238376  31.2705119188  44.2979130738  42.1078254425
74.4  62.4695970146  31.2347985073  44.2468709887  42.0593550297
74.5  62.3978440846  31.1989220423  44.1956016676  42.0106682218
74.6  62.3257735295  31.1628867647  44.1441110995  41.9617707132
74.7  62.2533940373  31.1266970186  44.092405419  41.9126683375
74.8  62.1807144996  31.0903572498  44.0404909049  41.8633670648
74.9  62.1077440087  31.0538720044  43.9883739781  41.8138730007
75.0  62.0344918544  31.0172459272  43.936061199  41.764192383
75.1  61.9609675207  30.9804837604  43.8835592656  41.7143315806
75.2  61.8871806835  30.9435903418  43.8308750113  41.6642970913
75.3  61.8131412057  30.9065706028  43.7780154022  41.6140955386
75.4  61.7388591349  30.8694295675  43.7249875348  41.5637336703
75.5  61.6643446998  30.8321723499  43.6717986338  41.5132183559
75.6  61.589608306  30.794804153  43.6184560488  41.4625565839
75.7  61.5146605326  30.7573302663  43.5649672524  41.4117554594
75.8  61.4395121284  30.7197560642  43.511339837  41.3608222017
75.9  61.3641740078  30.6820870039  43.4575815122  41.3097641413
76.0  61.2886572467  30.6443286233  43.4037001018  41.2585887175
76.1  61.2129730785  30.6064865392  43.3497035408  41.2073034751
76.2  61.1371328902  30.5685664451  43.2955998731  41.1559160626
76.3  61.0611482172  30.5305741086  43.2413972474  41.1044342279
76.4  60.9850307397  30.4925153699  43.1871039145  41.0528658164
76.5  60.9087922773  30.4543961387  43.1327282241  41.0012187672
76.6  60.8324447856  30.4162223928  43.0782786219  40.9495011107
76.7  60.7560003503  30.3780001752  43.0237636456  40.8977209649
76.8  60.6794711828  30.3397355914  42.9691919217  40.8458865321
76.9  60.6028696158  30.3014348079  42.9145721624  40.7940060961
77.0  60.5262080972  30.2631040486  42.8599131613  40.7420880183
77.1  60.4494991861  30.2247495931  42.8052237906  40.6901407347
77.2  60.3727555471  30.1863777736  42.7505129971  40.6381727521
77.3  60.2959899447  30.1479949724  42.6957897982  40.5861926444
77.4  60.2192152388  30.1096076194  42.6410632784  40.5342090497
77.5  60.1424443784  30.0712221892  42.5863425854  40.482230666
77.6  60.0656903963  30.0328451981  42.5316369261  40.4302662472
77.7  59.9889664039  29.994483202  42.4769555627  40.3783246005
77.8  59.9122855849  29.9561427924  42.4223078085  40.3264145811
77.9  59.8356611897  29.9178305949  42.3677030241  40.2745450893
78.0  59.7591065298  29.8795532649  42.3131506127  40.2227250663
78.1  59.6826349713  29.8413174856  42.2586600165  40.1709634899
78.2  59.6062599292  29.8031299646  42.2042407121  40.1192693708
78.3  59.5299948613  29.7649974307  42.1499022059  40.0676517483
78.4  59.4538532618  29.7269266309  42.0956540303  40.0161196859
78.5  59.3778486551  29.6889243275  42.0415057387  39.9646822676
78.6  59.3019945893  29.6509972946  41.9874669015  39.9133485932
78.7  59.2263046304  29.6131523152  41.9335471011  39.8621277742
78.8  59.1507923546  29.5753961773  41.8797559275  39.8110289291
78.9  59.075471343  29.5377356715  41.8261029736  39.7600611794
79.0  59.0003551741  29.500177587  41.7725978306  39.7092336449
79.1  58.9254574175  29.4627287088  41.7192500834  39.6585554392
79.2  58.8507916266  29.4253958133  41.6660693049  39.6080356649
79.3  58.7763713328  29.3881856664  41.6130650525  39.5576834097
79.4  58.702210037  29.3511050185  41.5602468622  39.5075077409
79.5  58.6283212045  29.3141606022  41.5076242441  39.4575177013
79.6  58.5547182563  29.2773591282  41.4552066773  39.4077223042
79.7  58.481414563  29.2407072815  41.4030036049  39.3581305287
79.8  58.4084234377  29.2042117188  41.3510244292  39.3087513151
79.9  58.3357581278  29.1678790639  41.2992785061  39.2595935597
80.0  58.2634318091  29.1317159045  41.2477751403  39.2106661099
80.0  58.2634318092  29.1317159046  41.2477751404  39.21066611
80.1  58.1914575774  29.0957287887  41.1965235802  39.1619777599
80.2  58.1198484417  29.0599242208  41.1455330124  39.113537245
80.3  58.0486173169  29.0243086585  41.0948125571  39.0653532373
80.4  57.9777770163  28.9888885081  41.044371262  39.0174343402
80.5  57.9073402434  28.9536701217  40.9942180975  38.9697890836
80.6  57.8373195858  28.9186597929  40.9443619516  38.9224259188
80.7  57.7677275064  28.8838637532  40.8948116242  38.8753532136
80.8  57.6985763364  28.8492881682  40.8455758215  38.8285792468
80.9  57.6298782677  28.8149391338  40.7966631515  38.7821122036
81.0  57.5616453454  28.7808226727  40.748082118  38.7359601704
81.1  57.4938894592  28.7469447296  40.6998411146  38.6901311288
81.2  57.4266223374  28.7133111687  40.651948421  38.644632952
81.3  57.3598555373  28.6799277686  40.6044121956  38.5994733979
81.4  57.2936004396  28.6468002198  40.5572404717  38.5546601056
81.5  57.2278682382  28.6139341191  40.5104411504  38.5102005885
81.6  57.1626699346  28.5813349673  40.4640219967  38.4661022305
81.7  57.0980163295  28.5490081648  40.4179906333  38.4223722804
81.8  57.0339180146  28.5169590073  40.3723545349  38.3790178464
81.9  56.970385365  28.4851926825  40.3271210231  38.3360458907
82.0  56.907428532  28.453714266  40.2822972609  38.2934632253
82.1  56.8450574347  28.4225287174  40.2378902471  38.2512765056
82.2  56.7832817527  28.3916408763  40.1939068108  38.2094922261
82.3  56.7221109179  28.361055459  40.1503536059  38.1681167145
82.4  56.6615541077  28.3307770539  40.1072371062  38.1271561273
82.5  56.6016202367  28.3008101183  40.0645635995  38.0866164442
82.6  56.5423179484  28.2711589742  40.0223391817  38.0465034626
82.7  56.483655609  28.2418278045  39.9805697524  38.0068227932
82.8  56.4256412989  28.2128206495  39.9392610092  37.9675798545
82.9  56.3682828048  28.1841414024  39.8984184416  37.9287798675
83.0  56.3115876135  28.1557938067  39.8580473269  37.8904278512
83.1  56.2555629028  28.1277814514  39.818152724  37.8525286172
83.2  56.2002155355  28.1001077677  39.7787394687  37.8150867647
83.3  56.1455520506  28.0727760253  39.7398121677  37.7781066753
83.4  56.0915786575  28.0457893288  39.7013751946  37.7415925091
83.5  56.038301227  28.0191506135  39.6634326833  37.7055481982
83.6  55.9857252862  27.9928626431  39.6259885246  37.6699774433
83.7  55.9338560089  27.9669280044  39.5890463593  37.6348837082
83.8  55.8826982105  27.9413491053  39.5526095748  37.6002702149
83.9  55.8322563402  27.9161281701  39.5166812991  37.5661399394
84.0  55.7825344741  27.8912672371  39.4812643965  37.5324956068
84.1  55.7335363082  27.8667681541  39.4463614623  37.4993396864
84.2  55.6852651516  27.8426325758  39.4119748181  37.4666743876
84.3  55.6377239212  27.8188619606  39.3781065081  37.4345016555
84.4  55.5909151328  27.7954575664  39.3447582927  37.4028231662
84.5  55.5448408969  27.7724204484  39.3119316456  37.3716403224
84.6  55.4995029099  27.749751455  39.2796277476  37.3409542489
84.7  55.4549024511  27.7274512255  39.2478474843  37.3107657896
84.8  55.4110403734  27.7055201867  39.21659144  37.2810755021
84.9  55.3679170993  27.6839585497  39.1858598941  37.2518836542
85.0  55.3255326141  27.6627663071  39.1556528173  37.2231902198
85.1  55.283886461  27.6419432305  39.125969867  37.1949948754
85.2  55.2429777348  27.6214888674  39.0968103839  37.1672969963
85.3  55.2028050766  27.6014025383  39.0681733875  37.1400956522
85.4  55.1633666689  27.5816833345  39.0400575732  37.1133896049
85.5  55.1246602295  27.5623301147  39.0124613074  37.0871773034
85.6  55.0866830079  27.5433415039  38.9853826255  37.061456882
85.7  55.0494317799  27.52471589  38.9588192278  37.0362261565
85.8  55.0129028421  27.506451421  38.9327684756  37.01148262
85.9  54.9770920093  27.4885460046  38.9072273896  36.9872234423
86.0  54.9419946079  27.4709973039  38.882192645  36.9634454645
86.1  54.9076054748  27.4538027374  38.8576605708  36.9401451985
86.2  54.8739189502  27.4369594751  38.8336271447  36.9173188223
86.3  54.8409288765  27.4204644383  38.8100879924  36.8949621793
86.4  54.8086285943  27.4043142971  38.7870383845  36.8730707753
86.5  54.7770109378  27.3885054689  38.764473234  36.8516397757
86.6  54.7460682337  27.3730341169  38.7423870944  36.8306640049
86.7  54.7157922979  27.3578961489  38.7207741583  36.8101379434
86.8  54.686174431  27.3430872155  38.6996282538  36.7900557257
86.9  54.6572054194  27.3286027097  38.6789428455  36.7704111404
87.0  54.6288755304  27.3144377652  38.6587110307  36.7511976272
87.1  54.6011745122  27.3005872561  38.6389255398  36.7324082764
87.2  54.5740915913  27.2870457957  38.6195787341  36.7140358282
87.3  54.5476154725  27.2738077362  38.6006626062  36.6960726716
87.4  54.5217343358  27.2608671679  38.5821687776  36.678510843
87.5  54.496435838  27.248217919  38.5640884996  36.6613420269
87.6  54.4717071113  27.2358535557  38.5464126528  36.6445575552
87.7  54.4475347635  27.2237673818  38.5291317468  36.6281484074
87.8  54.4239048777  27.2119524389  38.5122359203  36.61210521
87.9  54.4008030132  27.2004015066  38.4957149417  36.5964182376
88.0  54.3782142072  27.1891071036  38.4795582102  36.5810774137
88.1  54.356122974  27.178061487  38.4637547553  36.5660723105
88.2  54.3345133092  27.1672566546  38.4482932395  36.5513921511
88.3  54.3133686889  27.1566843445  38.4331619584  36.5370258098
88.4  54.2926720754  27.1463360377  38.4183488439  36.5229618152
88.5  54.2724059149  27.1362029575  38.4038414637  36.5091883494
88.6  54.2525521462  27.1262760731  38.3896270258  36.4956932529
88.7  54.2330921992  27.1165460996  38.3756923793  36.4824640246
88.8  54.2140070024  27.1070035012  38.3620240183  36.4694878261
88.9  54.1952769837  27.0976384918  38.3486080832  36.4567514825
89.0  54.1768820787  27.0884410394  38.3354303663  36.4442414883
89.1  54.1588017332  27.0794008666  38.3224763137  36.4319440085
89.2  54.1410149085  27.0705074543  38.3097310288  36.4198448824
89.3  54.1235000888  27.0617500444  38.297179278  36.4079296289
89.4  54.1062352873  27.0531176436  38.2848054946  36.3961834502
89.5  54.0891980518  27.0445990259  38.272593783  36.3845912357
89.6  54.0723654731  27.0361827365  38.2605279244  36.3731375678
89.7  54.0557141916  27.0278570958  38.2485913819  36.361806726
89.8  54.0392204076  27.0196102038  38.2367673073  36.3505826941
89.9  54.022859888  27.011429944  38.2250385461  36.3394491648
90.0  54.0066079758  27.0033039879  38.2133876443  36.3283895456
90.0  54.0066079758  27.0033039879  38.2133876442  36.3283895456
90.1  53.9904396012  26.9952198006  38.2017968559  36.3173869668
90.2  53.9743292905  26.9871646453  38.1902481499  36.3064242876
90.3  53.9582511769  26.9791255885  38.1787232169  36.2954841025
90.4  53.9421790139  26.9710895069  38.1672034797  36.2845487511
90.5  53.9470345628  26.9735172814  38.1704922281  36.288730009
90.6  53.9014869321  26.9507434661  38.1381189525  36.2579609702
90.7  53.8559777575  26.9279888787  38.105774012  36.2272187101
90.8  53.8105070063  26.9052535032  38.073457376  36.1965032006
90.9  53.7650746462  26.8825373231  38.0411690136  36.1658144137

#SVE monte-carlo points sigmaR (r, sigmaR_med, sigmaR_std)
15.2  112.652462495  0.0
18.7  98.7006522981  0.0
22.1  91.0890773738  0.0
25.6  87.975804762  0.0
29.1  87.6295685462  0.0
32.5  88.0764259327  0.0
36.0  87.9451212239  0.0
39.5  86.5205639361  0.0
42.9  83.8841408385  0.0
46.4  80.340044631  0.0
49.9  76.6214923998  0.0
53.3  73.4177409785  0.0
56.8  70.8755103848  0.0
60.2  69.1412673241  0.0
63.7  67.8225355913  0.0
67.2  66.5288040317  0.0
70.6  64.9083043859  0.0
74.1  62.6918097604  0.0
77.6  60.0730143925  0.0
81.0  57.567651915  0.0
84.5  55.5497645043  0.0
88.0  54.3822981754  0.0

#SVE monte-carlo points sigmaZ (r, sigmaZ_med, sigmaZ_std)
15.6  55.363524211  0.0
19.1  48.759052895  0.0
22.5  45.2628677222  0.0
26.0  43.9180146705  0.0
29.5  43.8369256763  0.0
32.9  44.0555908682  0.0
36.4  43.9267907236  0.0
39.9  43.1345404804  0.0
43.3  41.7550381827  0.0
46.8  39.955493958  0.0
50.2  38.1578934628  0.0
53.7  36.5426843176  0.0
57.2  35.3185478801  0.0
60.6  34.4871130523  0.0
64.1  33.8411296856  0.0
67.6  33.1812690218  0.0
71.0  32.3416697117  0.0
74.5  31.203294996  0.0
78.0  29.8831309754  0.0
81.4  28.6497347113  0.0
84.9  27.6863667703  0.0
88.4  27.1483362461  0.0

#SVE monte-carlo points sigmaPhi (r, sigmaPhi_med, sigmaPhi_std)
16.1  80.9529683066  0.0
19.6  71.053288126  0.0
23.0  65.8990053703  0.0
26.5  63.8481943924  0.0
30.0  63.5164543332  0.0
33.4  63.5261474451  0.0
36.9  62.9858230242  0.0
40.3  61.5762329982  0.0
43.8  59.3038495472  0.0
47.3  56.5822598135  0.0
50.7  53.9622612362  0.0
54.2  51.6683621104  0.0
57.7  49.9592518645  0.0
61.1  48.7978960252  0.0
64.6  47.8664712815  0.0
68.1  46.8769877393  0.0
71.5  45.6137115178  0.0
75.0  43.9346330622  0.0
78.5  42.0403381813  0.0
81.9  40.3261628371  0.0
85.4  39.0392698374  0.0
88.9  38.3479526854  0.0
