-10 -10 0
-10 -9.5 0
-10 -9 0
-10 -8.5 0
-10 -8 0
-10 -7.5 0
-10 -7 0
-10 -6.5 0
-10 -6 0
-10 -5.5 0
-10 -5 -0.0861969
-10 -4.5 -0.0952231
-10 -4 0
-10 -3.5 0
-10 -3 -0.130298
-10 -2.5 -0.13795
-10 -2 -0.154122
-10 -1.5 -0.176729
-10 -1 -0.191275
-10 -0.5 -0.195888
-10 0 -0.201053
-10 0.5 -0.192583
-10 1 -0.182825
-10 1.5 -0.174119
-10 2 -0.159888
-10 2.5 -0.143583
-10 3 -0.128666
-10 3.5 -0.113649
-10 4 -0.0979801
-10 4.5 -0.102296
-10 5 0
-10 5.5 0
-10 6 0
-10 6.5 0
-10 7 0
-10 7.5 0
-10 8 0
-10 8.5 0
-10 9 0
-10 9.5 0
-9.5 -10 0
-9.5 -9.5 0
-9.5 -9 0
-9.5 -8.5 0
-9.5 -8 0
-9.5 -7.5 0
-9.5 -7 0
-9.5 -6.5 0
-9.5 -6 0
-9.5 -5.5 0
-9.5 -5 -0.089755
-9.5 -4.5 -0.0976721
-9.5 -4 0
-9.5 -3.5 -0.115035
-9.5 -3 -0.133744
-9.5 -2.5 -0.136788
-9.5 -2 -0.149994
-9.5 -1.5 -0.178221
-9.5 -1 -0.179985
-9.5 -0.5 -0.195929
-9.5 0 -0.196101
-9.5 0.5 -0.196124
-9.5 1 -0.186135
-9.5 1.5 -0.177788
-9.5 2 -0.156471
-9.5 2.5 -0.15171
-9.5 3 -0.130053
-9.5 3.5 -0.107332
-9.5 4 -0.106476
-9.5 4.5 -0.0889138
-9.5 5 -0.089597
-9.5 5.5 0
-9.5 6 0
-9.5 6.5 0
-9.5 7 0
-9.5 7.5 0
-9.5 8 0
-9.5 8.5 0
-9.5 9 0
-9.5 9.5 0
-9 -10 0
-9 -9.5 0
-9 -9 0
-9 -8.5 0
-9 -8 0
-9 -7.5 0
-9 -7 0
-9 -6.5 0
-9 -6 0
-9 -5.5 0
-9 -5 0
-9 -4.5 -0.0936816
-9 -4 -0.104516
-9 -3.5 0
-9 -3 -0.123983
-9 -2.5 -0.132947
-9 -2 -0.154964
-9 -1.5 -0.16947
-9 -1 -0.184073
-9 -0.5 -0.197017
-9 0 -0.200915
-9 0.5 -0.195456
-9 1 -0.186304
-9 1.5 -0.169984
-9 2 -0.156203
-9 2.5 -0.140935
-9 3 -0.121075
-9 3.5 -0.117049
-9 4 -0.0975212
-9 4.5 0
-9 5 0
-9 5.5 -0.0801754
-9 6 0
-9 6.5 0
-9 7 0
-9 7.5 0
-9 8 0
-9 8.5 0
-9 9 0
-9 9.5 0
-8.5 -10 0
-8.5 -9.5 0
-8.5 -9 0
-8.5 -8.5 0
-8.5 -8 0
-8.5 -7.5 0
-8.5 -7 0
-8.5 -6.5 0
-8.5 -6 0
-8.5 -5.5 -0.0744022
-8.5 -5 -0.0874266
-8.5 -4.5 0
-8.5 -4 -0.099812
-8.5 -3.5 -0.107085
-8.5 -3 -0.110744
-8.5 -2.5 -0.13741
-8.5 -2 -0.157201
-8.5 -1.5 -0.165502
-8.5 -1 -0.180092
-8.5 -0.5 -0.197058
-8.5 0 -0.200929
-8.5 0.5 -0.196291
-8.5 1 -0.187916
-8.5 1.5 -0.164686
-8.5 2 -0.150589
-8.5 2.5 -0.135469
-8.5 3 -0.117454
-8.5 3.5 -0.108967
-8.5 4 -0.0972192
-8.5 4.5 -0.0795401
-8.5 5 -0.0830453
-8.5 5.5 0
-8.5 6 0
-8.5 6.5 0
-8.5 7 0
-8.5 7.5 0
-8.5 8 0
-8.5 8.5 0
-8.5 9 0
-8.5 9.5 0
-8 -10 0
-8 -9.5 0
-8 -9 0
-8 -8.5 0
-8 -8 0
-8 -7.5 0
-8 -7 0
-8 -6.5 0
-8 -6 -0.0660317
-8 -5.5 0
-8 -5 0
-8 -4.5 -0.0847072
-8 -4 -0.0934953
-8 -3.5 -0.0991491
-8 -3 -0.105002
-8 -2.5 -0.128498
-8 -2 -0.14865
-8 -1.5 -0.167571
-8 -1 -0.18037
-8 -0.5 -0.194378
-8 0 -0.192461
-8 0.5 -0.191084
-8 1 -0.177697
-8 1.5 -0.168142
-8 2 -0.146481
-8 2.5 -0.130185
-8 3 -0.111045
-8 3.5 0
-8 4 0
-8 4.5 -0.0780411
-8 5 -0.0774117
-8 5.5 -0.0669046
-8 6 0
-8 6.5 0
-8 7 0
-8 7.5 0
-8 8 0
-8 8.5 0
-8 9 0
-8 9.5 0
-7.5 -10 0
-7.5 -9.5 0
-7.5 -9 0
-7.5 -8.5 0
-7.5 -8 0
-7.5 -7.5 0
-7.5 -7 0
-7.5 -6.5 0
-7.5 -6 0
-7.5 -5.5 0
-7.5 -5 -0.0689027
-7.5 -4.5 -0.0758338
-7.5 -4 -0.0844328
-7.5 -3.5 -0.0982503
-7.5 -3 -0.116311
-7.5 -2.5 -0.124127
-7.5 -2 -0.140524
-7.5 -1.5 -0.161521
-7.5 -1 -0.179871
-7.5 -0.5 -0.194791
-7.5 0 -0.196214
-7.5 0.5 -0.191999
-7.5 1 -0.177288
-7.5 1.5 -0.160861
-7.5 2 -0.140743
-7.5 2.5 -0.12883
-7.5 3 -0.116573
-7.5 3.5 -0.0960971
-7.5 4 -0.0927297
-7.5 4.5 0
-7.5 5 -0.0708679
-7.5 5.5 0
-7.5 6 0
-7.5 6.5 0
-7.5 7 0
-7.5 7.5 0
-7.5 8 0
-7.5 8.5 0
-7.5 9 0
-7.5 9.5 0
-7 -10 0
-7 -9.5 0
-7 -9 0
-7 -8.5 0
-7 -8 0
-7 -7.5 0
-7 -7 0
-7 -6.5 -0.0483727
-7 -6 0
-7 -5.5 0
-7 -5 0
-7 -4.5 0
-7 -4 -0.0879921
-7 -3.5 -0.0932188
-7 -3 -0.107855
-7 -2.5 -0.123974
-7 -2 -0.140237
-7 -1.5 -0.153111
-7 -1 -0.178595
-7 -0.5 -0.188597
-7 0 -0.197002
-7 0.5 -0.190377
-7 1 -0.179121
-7 1.5 -0.160806
-7 2 -0.135941
-7 2.5 -0.120513
-7 3 -0.110163
-7 3.5 -0.0986459
-7 4 -0.0831269
-7 4.5 -0.0745546
-7 5 0
-7 5.5 -0.0588712
-7 6 0
-7 6.5 0
-7 7 0
-7 7.5 0
-7 8 0
-7 8.5 0
-7 9 0
-7 9.5 0
-6.5 -10 0
-6.5 -9.5 0
-6.5 -9 0
-6.5 -8.5 0
-6.5 -8 0
-6.5 -7.5 0
-6.5 -7 0
-6.5 -6.5 0
-6.5 -6 0
-6.5 -5.5 0
-6.5 -5 -0.0603759
-6.5 -4.5 -0.0660987
-6.5 -4 -0.0748761
-6.5 -3.5 -0.092241
-6.5 -3 -0.0973504
-6.5 -2.5 -0.11722
-6.5 -2 -0.134367
-6.5 -1.5 -0.153873
-6.5 -1 -0.169238
-6.5 -0.5 -0.19132
-6.5 0 -0.193046
-6.5 0.5 -0.190953
-6.5 1 -0.171935
-6.5 1.5 -0.155559
-6.5 2 -0.135103
-6.5 2.5 -0.121967
-6.5 3 -0.0950714
-6.5 3.5 -0.0943859
-6.5 4 -0.0777916
-6.5 4.5 -0.0732691
-6.5 5 -0.0642952
-6.5 5.5 0
-6.5 6 0
-6.5 6.5 0
-6.5 7 0
-6.5 7.5 0
-6.5 8 0
-6.5 8.5 0
-6.5 9 0
-6.5 9.5 0
-6 -10 0
-6 -9.5 0
-6 -9 0
-6 -8.5 0
-6 -8 0
-6 -7.5 0
-6 -7 0
-6 -6.5 0
-6 -6 0
-6 -5.5 0
-6 -5 0
-6 -4.5 -0.0558604
-6 -4 -0.0713409
-6 -3.5 -0.0817473
-6 -3 -0.0918913
-6 -2.5 -0.109689
-6 -2 -0.123772
-6 -1.5 -0.148728
-6 -1 -0.171591
-6 -0.5 -0.180316
-6 0 -0.195368
-6 0.5 -0.186859
-6 1 -0.169025
-6 1.5 -0.144675
-6 2 -0.127839
-6 2.5 -0.108131
-6 3 -0.0948891
-6 3.5 -0.0921078
-6 4 -0.0774519
-6 4.5 -0.0629246
-6 5 0
-6 5.5 0
-6 6 0
-6 6.5 0
-6 7 0
-6 7.5 0
-6 8 0
-6 8.5 0
-6 9 0
-6 9.5 0
-5.5 -10 0
-5.5 -9.5 0
-5.5 -9 0
-5.5 -8.5 0
-5.5 -8 0
-5.5 -7.5 0
-5.5 -7 0
-5.5 -6.5 0
-5.5 -6 0
-5.5 -5.5 0
-5.5 -5 -0.0578132
-5.5 -4.5 0
-5.5 -4 0
-5.5 -3.5 -0.0774838
-5.5 -3 -0.0831127
-5.5 -2.5 -0.100287
-5.5 -2 -0.124141
-5.5 -1.5 -0.143096
-5.5 -1 -0.162507
-5.5 -0.5 -0.176428
-5.5 0 -0.18996
-5.5 0.5 -0.17641
-5.5 1 -0.16053
-5.5 1.5 -0.14385
-5.5 2 -0.115707
-5.5 2.5 -0.10154
-5.5 3 -0.0911359
-5.5 3.5 -0.0756468
-5.5 4 -0.0634988
-5.5 4.5 -0.059773
-5.5 5 0
-5.5 5.5 0
-5.5 6 0
-5.5 6.5 0
-5.5 7 0
-5.5 7.5 0
-5.5 8 0
-5.5 8.5 0
-5.5 9 0
-5.5 9.5 0
-5 -10 0
-5 -9.5 0
-5 -9 0
-5 -8.5 0
-5 -8 0
-5 -7.5 0
-5 -7 0
-5 -6.5 0
-5 -6 0
-5 -5.5 0
-5 -5 0
-5 -4.5 0
-5 -4 -0.0600472
-5 -3.5 -0.0700116
-5 -3 -0.0761596
-5 -2.5 -0.0927688
-5 -2 -0.112227
-5 -1.5 -0.135564
-5 -1 -0.157682
-5 -0.5 -0.176131
-5 0 -0.185697
-5 0.5 -0.179353
-5 1 -0.160009
-5 1.5 -0.134773
-5 2 -0.114159
-5 2.5 -0.0944753
-5 3 -0.0822365
-5 3.5 -0.0715214
-5 4 -0.0608704
-5 4.5 -0.0562553
-5 5 0
-5 5.5 0
-5 6 0
-5 6.5 0
-5 7 0
-5 7.5 0
-5 8 0
-5 8.5 0
-5 9 0
-5 9.5 0
-4.5 -10 0
-4.5 -9.5 0
-4.5 -9 0
-4.5 -8.5 0
-4.5 -8 0
-4.5 -7.5 0
-4.5 -7 0
-4.5 -6.5 0
-4.5 -6 0
-4.5 -5.5 -0.0413147
-4.5 -5 -0.0510064
-4.5 -4.5 -0.0561342
-4.5 -4 -0.0665701
-4.5 -3.5 -0.0632405
-4.5 -3 -0.0783696
-4.5 -2.5 -0.0864967
-4.5 -2 -0.108622
-4.5 -1.5 -0.126918
-4.5 -1 -0.150855
-4.5 -0.5 -0.171148
-4.5 0 -0.181434
-4.5 0.5 -0.170806
-4.5 1 -0.147993
-4.5 1.5 -0.124228
-4.5 2 -0.102808
-4.5 2.5 -0.0891689
-4.5 3 -0.0773021
-4.5 3.5 -0.0623061
-4.5 4 -0.0587236
-4.5 4.5 -0.0460813
-4.5 5 -0.043049
-4.5 5.5 0
-4.5 6 0
-4.5 6.5 -0.0321038
-4.5 7 0
-4.5 7.5 0
-4.5 8 0
-4.5 8.5 0
-4.5 9 0
-4.5 9.5 0
-4 -10 0
-4 -9.5 0
-4 -9 0
-4 -8.5 0
-4 -8 0
-4 -7.5 0
-4 -7 0
-4 -6.5 0
-4 -6 -0.0292121
-4 -5.5 0
-4 -5 -0.0390684
-4 -4.5 -0.046727
-4 -4 -0.0486628
-4 -3.5 -0.0577887
-4 -3 -0.0683573
-4 -2.5 -0.0761166
-4 -2 -0.100261
-4 -1.5 -0.12082
-4 -1 -0.139913
-4 -0.5 -0.164352
-4 0 -0.170163
-4 0.5 -0.166241
-4 1 -0.139361
-4 1.5 -0.117582
-4 2 -0.0930821
-4 2.5 -0.0832629
-4 3 -0.0646203
-4 3.5 -0.0569589
-4 4 -0.0588225
-4 4.5 -0.0441521
-4 5 0
-4 5.5 0
-4 6 0
-4 6.5 0
-4 7 -0.0249312
-4 7.5 0
-4 8 0
-4 8.5 0
-4 9 0
-4 9.5 0
-3.5 -10 0
-3.5 -9.5 0
-3.5 -9 0
-3.5 -8.5 0
-3.5 -8 0
-3.5 -7.5 0
-3.5 -7 0
-3.5 -6.5 0
-3.5 -6 -0.0306744
-3.5 -5.5 0
-3.5 -5 -0.0369786
-3.5 -4.5 -0.0394929
-3.5 -4 -0.0450571
-3.5 -3.5 -0.0475231
-3.5 -3 -0.0660938
-3.5 -2.5 -0.0755361
-3.5 -2 -0.0888546
-3.5 -1.5 -0.109359
-3.5 -1 -0.131501
-3.5 -0.5 -0.157061
-3.5 0 -0.168204
-3.5 0.5 -0.154494
-3.5 1 -0.128267
-3.5 1.5 -0.104251
-3.5 2 -0.0868388
-3.5 2.5 -0.0714933
-3.5 3 -0.0573026
-3.5 3.5 -0.0480777
-3.5 4 -0.0484962
-3.5 4.5 -0.0438711
-3.5 5 -0.0345597
-3.5 5.5 -0.0291688
-3.5 6 -0.0318568
-3.5 6.5 0
-3.5 7 0
-3.5 7.5 0
-3.5 8 0
-3.5 8.5 0
-3.5 9 0
-3.5 9.5 0
-3 -10 0
-3 -9.5 0
-3 -9 0
-3 -8.5 0
-3 -8 0
-3 -7.5 0
-3 -7 0
-3 -6.5 0
-3 -6 0
-3 -5.5 -0.0260954
-3 -5 0
-3 -4.5 -0.0291701
-3 -4 -0.0414407
-3 -3.5 -0.0451518
-3 -3 -0.0542242
-3 -2.5 -0.0616952
-3 -2 -0.0733152
-3 -1.5 -0.094807
-3 -1 -0.119259
-3 -0.5 -0.15331
-3 0 -0.166759
-3 0.5 -0.144307
-3 1 -0.113603
-3 1.5 -0.0932938
-3 2 -0.0771154
-3 2.5 -0.0658888
-3 3 -0.0534219
-3 3.5 -0.0376606
-3 4 -0.0385938
-3 4.5 -0.0317076
-3 5 0
-3 5.5 0
-3 6 -0.0255915
-3 6.5 0
-3 7 0
-3 7.5 0
-3 8 0
-3 8.5 0
-3 9 0
-3 9.5 0
-2.5 -10 0
-2.5 -9.5 0
-2.5 -9 0
-2.5 -8.5 0
-2.5 -8 0
-2.5 -7.5 0
-2.5 -7 0
-2.5 -6.5 0
-2.5 -6 0
-2.5 -5.5 0
-2.5 -5 -0.0228383
-2.5 -4.5 -0.0303095
-2.5 -4 -0.0312915
-2.5 -3.5 -0.0428544
-2.5 -3 -0.0389994
-2.5 -2.5 -0.0493389
-2.5 -2 -0.0664927
-2.5 -1.5 -0.0812932
-2.5 -1 -0.103198
-2.5 -0.5 -0.137156
-2.5 0 -0.15644
-2.5 0.5 -0.137386
-2.5 1 -0.10556
-2.5 1.5 -0.0821498
-2.5 2 -0.0642631
-2.5 2.5 -0.0554944
-2.5 3 -0.0449493
-2.5 3.5 -0.0359183
-2.5 4 -0.035667
-2.5 4.5 0
-2.5 5 -0.0372771
-2.5 5.5 0
-2.5 6 0
-2.5 6.5 0
-2.5 7 0
-2.5 7.5 0
-2.5 8 0
-2.5 8.5 0
-2.5 9 0
-2.5 9.5 0
-2 -10 0
-2 -9.5 0
-2 -9 0
-2 -8.5 0
-2 -8 0
-2 -7.5 0
-2 -7 0
-2 -6.5 0
-2 -6 0
-2 -5.5 0
-2 -5 0
-2 -4.5 -0.0233798
-2 -4 -0.0258096
-2 -3.5 -0.0340561
-2 -3 -0.033616
-2 -2.5 -0.0429928
-2 -2 -0.0537299
-2 -1.5 -0.0699879
-2 -1 -0.0924837
-2 -0.5 -0.126317
-2 0 -0.148247
-2 0.5 -0.126038
-2 1 -0.0882393
-2 1.5 -0.0680243
-2 2 -0.0507163
-2 2.5 -0.0426698
-2 3 -0.0324758
-2 3.5 -0.0279178
-2 4 -0.0204915
-2 4.5 -0.0197373
-2 5 0
-2 5.5 0
-2 6 0
-2 6.5 -0.0143336
-2 7 0
-2 7.5 0
-2 8 0
-2 8.5 0
-2 9 0
-2 9.5 0
-1.5 -10 0
-1.5 -9.5 0
-1.5 -9 0
-1.5 -8.5 0
-1.5 -8 0
-1.5 -7.5 0
-1.5 -7 0
-1.5 -6.5 0
-1.5 -6 -0.0112925
-1.5 -5.5 0
-1.5 -5 0
-1.5 -4.5 0
-1.5 -4 -0.0210965
-1.5 -3.5 -0.0286317
-1.5 -3 -0.031496
-1.5 -2.5 -0.0326745
-1.5 -2 -0.0379562
-1.5 -1.5 -0.0522268
-1.5 -1 -0.0685998
-1.5 -0.5 -0.107563
-1.5 0 -0.142201
-1.5 0.5 -0.105303
-1.5 1 -0.0688612
-1.5 1.5 -0.0515914
-1.5 2 -0.0418222
-1.5 2.5 -0.034549
-1.5 3 -0.0282323
-1.5 3.5 -0.0292281
-1.5 4 -0.0156064
-1.5 4.5 -0.0156907
-1.5 5 -0.0153795
-1.5 5.5 0
-1.5 6 0
-1.5 6.5 0
-1.5 7 0
-1.5 7.5 0
-1.5 8 0
-1.5 8.5 0
-1.5 9 0
-1.5 9.5 0
-1 -10 0
-1 -9.5 0
-1 -9 0
-1 -8.5 0
-1 -8 0
-1 -7.5 0
-1 -7 0
-1 -6.5 0
-1 -6 0
-1 -5.5 0
-1 -5 -0.012702
-1 -4.5 -0.00997792
-1 -4 -0.0187266
-1 -3.5 -0.0157941
-1 -3 -0.0171995
-1 -2.5 -0.0216024
-1 -2 -0.0261277
-1 -1.5 -0.0336125
-1 -1 -0.0528443
-1 -0.5 -0.0901637
-1 0 -0.130141
-1 0.5 -0.0830063
-1 1 -0.0501739
-1 1.5 -0.0347182
-1 2 -0.0291589
-1 2.5 -0.0203387
-1 3 -0.016013
-1 3.5 -0.0165309
-1 4 -0.0108743
-1 4.5 -0.00912613
-1 5 -0.0127557
-1 5.5 0
-1 6 -0.00540777
-1 6.5 0
-1 7 0
-1 7.5 0
-1 8 0
-1 8.5 0
-1 9 0
-1 9.5 0
-0.5 -10 0
-0.5 -9.5 0
-0.5 -9 0
-0.5 -8.5 0
-0.5 -8 0
-0.5 -7.5 -0.000949942
-0.5 -7 0
-0.5 -6.5 0
-0.5 -6 0
-0.5 -5.5 0
-0.5 -5 0
-0.5 -4.5 0.000849085
-0.5 -4 -0.0029458
-0.5 -3.5 -0.00846074
-0.5 -3 -0.00792894
-0.5 -2.5 -0.0135725
-0.5 -2 -0.0136654
-0.5 -1.5 -0.0185531
-0.5 -1 -0.0238692
-0.5 -0.5 -0.0522192
-0.5 0 -0.102866
-0.5 0.5 -0.0543234
-0.5 1 -0.0296943
-0.5 1.5 -0.0191492
-0.5 2 -0.0124994
-0.5 2.5 -0.00851009
-0.5 3 -0.00938165
-0.5 3.5 -0.00888557
-0.5 4 -0.00231219
-0.5 4.5 0.0025566
-0.5 5 0
-0.5 5.5 0
-0.5 6 -0.00649041
-0.5 6.5 0
-0.5 7 0
-0.5 7.5 0
-0.5 8 0
-0.5 8.5 0
-0.5 9 0
-0.5 9.5 0
0 -10 0
0 -9.5 0
0 -9 0
0 -8.5 0
0 -8 0
0 -7.5 0
0 -7 0
0 -6.5 0
0 -6 0
0 -5.5 0
0 -5 0
0 -4.5 0.000845172
0 -4 -0.00209685
0 -3.5 -0.000370071
0 -3 0.00159747
0 -2.5 0.00205071
0 -2 0.00133673
0 -1.5 -0.00237012
0 -1 -0.000572749
0 -0.5 -0.00235403
0 0 -0.00588605
0 0.5 0.00259097
0 1 0.00278106
0 1.5 -0.00318459
0 2 -0.00462054
0 2.5 0.00125797
0 3 -0.00434137
0 3.5 -0.0030096
0 4 -0.00211747
0 4.5 0.00282061
0 5 -0.00291625
0 5.5 0.00392239
0 6 -0.000206021
0 6.5 0
0 7 0
0 7.5 0
0 8 0
0 8.5 0
0 9 0
0 9.5 0
0.5 -10 0
0.5 -9.5 0
0.5 -9 0
0.5 -8.5 0
0.5 -8 0
0.5 -7.5 0
0.5 -7 0
0.5 -6.5 0.00533088
0.5 -6 0
0.5 -5.5 0
0.5 -5 0.0069643
0.5 -4.5 0.00531856
0.5 -4 0.00966034
0.5 -3.5 0.0119705
0.5 -3 0.00382951
0.5 -2.5 0.0155806
0.5 -2 0.00871208
0.5 -1.5 0.020147
0.5 -1 0.0282216
0.5 -0.5 0.0512365
0.5 0 0.0983063
0.5 0.5 0.0492043
0.5 1 0.0313923
0.5 1.5 0.0127359
0.5 2 0.0129902
0.5 2.5 0.0160703
0.5 3 0.0115444
0.5 3.5 0.00994858
0.5 4 0.00771543
0.5 4.5 0.00597511
0.5 5 0.00518875
0.5 5.5 0
0.5 6 0
0.5 6.5 0
0.5 7 0
0.5 7.5 0
0.5 8 0
0.5 8.5 0
0.5 9 0
0.5 9.5 0
1 -10 0
1 -9.5 0
1 -9 0
1 -8.5 0
1 -8 0
1 -7.5 0
1 -7 0
1 -6.5 0
1 -6 0
1 -5.5 0
1 -5 0
1 -4.5 0.0125369
1 -4 0.0203572
1 -3.5 0.0159191
1 -3 0.0198505
1 -2.5 0.0237285
1 -2 0.02796
1 -1.5 0.036756
1 -1 0.0515692
1 -0.5 0.0823526
1 0 0.1248
1 0.5 0.0846044
1 1 0.0533619
1 1.5 0.0301762
1 2 0.0292178
1 2.5 0.0210453
1 3 0.0188103
1 3.5 0.018473
1 4 0.0148426
1 4.5 0.00871124
1 5 0.0108861
1 5.5 0
1 6 0.00794823
1 6.5 0
1 7 0
1 7.5 0
1 8 0
1 8.5 0
1 9 0
1 9.5 0
1.5 -10 0
1.5 -9.5 0
1.5 -9 0
1.5 -8.5 0
1.5 -8 0
1.5 -7.5 0
1.5 -7 0
1.5 -6.5 0
1.5 -6 0
1.5 -5.5 0
1.5 -5 0
1.5 -4.5 0.0111406
1.5 -4 0.0238373
1.5 -3.5 0.0209159
1.5 -3 0.0310817
1.5 -2.5 0.0360966
1.5 -2 0.0396541
1.5 -1.5 0.058723
1.5 -1 0.0726269
1.5 -0.5 0.106888
1.5 0 0.138673
1.5 0.5 0.106594
1.5 1 0.0695341
1.5 1.5 0.0479069
1.5 2 0.0386613
1.5 2.5 0.0309341
1.5 3 0.0292138
1.5 3.5 0.0209508
1.5 4 0.0159156
1.5 4.5 0.0131376
1.5 5 0
1.5 5.5 0
1.5 6 0.0126198
1.5 6.5 0
1.5 7 0
1.5 7.5 0
1.5 8 0
1.5 8.5 0
1.5 9 0
1.5 9.5 0
2 -10 0
2 -9.5 0
2 -9 0
2 -8.5 0
2 -8 0
2 -7.5 0
2 -7 0
2 -6.5 0
2 -6 0
2 -5.5 0
2 -5 0.018069
2 -4.5 0
2 -4 0.025137
2 -3.5 0.0235732
2 -3 0.0421261
2 -2.5 0.0420136
2 -2 0.0568379
2 -1.5 0.0699408
2 -1 0.0889792
2 -0.5 0.12294
2 0 0.149158
2 0.5 0.12548
2 1 0.0911608
2 1.5 0.062535
2 2 0.0500818
2 2.5 0.0412831
2 3 0.0340795
2 3.5 0.0304269
2 4 0.0264815
2 4.5 0.0235495
2 5 0
2 5.5 0.016017
2 6 0
2 6.5 0
2 7 0
2 7.5 0
2 8 0
2 8.5 0
2 9 0
2 9.5 0
2.5 -10 0
2.5 -9.5 0
2.5 -9 0
2.5 -8.5 0
2.5 -8 0
2.5 -7.5 0
2.5 -7 0
2.5 -6.5 0
2.5 -6 0
2.5 -5.5 0
2.5 -5 0
2.5 -4.5 0.03128
2.5 -4 0.040233
2.5 -3.5 0.0384682
2.5 -3 0.0419836
2.5 -2.5 0.0526133
2.5 -2 0.0631199
2.5 -1.5 0.0836902
2.5 -1 0.103259
2.5 -0.5 0.138669
2.5 0 0.158435
2.5 0.5 0.135333
2.5 1 0.107307
2.5 1.5 0.0852133
2.5 2 0.0666052
2.5 2.5 0.0584648
2.5 3 0.045212
2.5 3.5 0.0343427
2.5 4 0.0312071
2.5 4.5 0.0257596
2.5 5 0
2.5 5.5 0.0211124
2.5 6 0
2.5 6.5 0
2.5 7 0
2.5 7.5 0
2.5 8 0
2.5 8.5 0
2.5 9 0
2.5 9.5 0
3 -10 0
3 -9.5 0
3 -9 0
3 -8.5 0
3 -8 0
3 -7.5 0
3 -7 0
3 -6.5 0
3 -6 0
3 -5.5 0.024798
3 -5 0
3 -4.5 0.0304406
3 -4 0.0439156
3 -3.5 0.0460648
3 -3 0.0498592
3 -2.5 0.0619579
3 -2 0.0803752
3 -1.5 0.0948853
3 -1 0.120651
3 -0.5 0.14793
3 0 0.166604
3 0.5 0.151211
3 1 0.115737
3 1.5 0.0974383
3 2 0.0764555
3 2.5 0.0617846
3 3 0.0500113
3 3.5 0.0456491
3 4 0.0422817
3 4.5 0.0311382
3 5 0
3 5.5 0
3 6 0
3 6.5 0
3 7 0
3 7.5 0
3 8 0
3 8.5 0
3 9 0
3 9.5 0
3.5 -10 0
3.5 -9.5 0
3.5 -9 0
3.5 -8.5 0
3.5 -8 0
3.5 -7.5 0
3.5 -7 0
3.5 -6.5 0
3.5 -6 0
3.5 -5.5 0
3.5 -5 0
3.5 -4.5 0.0364979
3.5 -4 0.0440768
3.5 -3.5 0.0484668
3.5 -3 0.0582904
3.5 -2.5 0.0659412
3.5 -2 0.0912917
3.5 -1.5 0.104422
3.5 -1 0.133718
3.5 -0.5 0.155144
3.5 0 0.170799
3.5 0.5 0.15421
3.5 1 0.129821
3.5 1.5 0.107925
3.5 2 0.0864475
3.5 2.5 0.0688005
3.5 3 0.0644995
3.5 3.5 0.0518324
3.5 4 0.0437792
3.5 4.5 0.0346093
3.5 5 0
3.5 5.5 0.0343632
3.5 6 0
3.5 6.5 0
3.5 7 0
3.5 7.5 0
3.5 8 0
3.5 8.5 0
3.5 9 0
3.5 9.5 0
4 -10 0
4 -9.5 0
4 -9 0
4 -8.5 0
4 -8 0
4 -7.5 0
4 -7 0
4 -6.5 0
4 -6 0
4 -5.5 0
4 -5 0
4 -4.5 0.0473643
4 -4 0.0477455
4 -3.5 0.0659984
4 -3 0.0642072
4 -2.5 0.0845482
4 -2 0.095138
4 -1.5 0.120469
4 -1 0.142785
4 -0.5 0.168849
4 0 0.174127
4 0.5 0.162783
4 1 0.141098
4 1.5 0.115048
4 2 0.0988518
4 2.5 0.079222
4 3 0.0679615
4 3.5 0.0544638
4 4 0.0528834
4 4.5 0
4 5 0
4 5.5 0.0393357
4 6 0
4 6.5 0
4 7 0
4 7.5 0
4 8 0
4 8.5 0
4 9 0
4 9.5 0
4.5 -10 0
4.5 -9.5 0
4.5 -9 0
4.5 -8.5 0
4.5 -8 0
4.5 -7.5 0
4.5 -7 0
4.5 -6.5 0
4.5 -6 0
4.5 -5.5 0.0373036
4.5 -5 0.0522576
4.5 -4.5 0
4.5 -4 0.0586491
4.5 -3.5 0.0739025
4.5 -3 0.0705762
4.5 -2.5 0.0886673
4.5 -2 0.106956
4.5 -1.5 0.127864
4.5 -1 0.152109
4.5 -0.5 0.172008
4.5 0 0.177941
4.5 0.5 0.175718
4.5 1 0.146364
4.5 1.5 0.12358
4.5 2 0.104662
4.5 2.5 0.0894184
4.5 3 0.0697453
4.5 3.5 0.0663846
4.5 4 0.0609146
4.5 4.5 0.0496614
4.5 5 0
4.5 5.5 0
4.5 6 0
4.5 6.5 0
4.5 7 0
4.5 7.5 0
4.5 8 0
4.5 8.5 0
4.5 9 0
4.5 9.5 0
5 -10 0
5 -9.5 0
5 -9 0
5 -8.5 0
5 -8 0
5 -7.5 0
5 -7 0
5 -6.5 0
5 -6 0
5 -5.5 0
5 -5 0
5 -4.5 0
5 -4 0.0633839
5 -3.5 0.0724046
5 -3 0.0843928
5 -2.5 0.0975881
5 -2 0.114262
5 -1.5 0.12851
5 -1 0.158064
5 -0.5 0.177038
5 0 0.18404
5 0.5 0.179556
5 1 0.157934
5 1.5 0.134556
5 2 0.115664
5 2.5 0.095909
5 3 0.0742457
5 3.5 0.0765412
5 4 0.0745986
5 4.5 0.0514903
5 5 0.0481562
5 5.5 0
5 6 0
5 6.5 0
5 7 0
5 7.5 0
5 8 0
5 8.5 0
5 9 0
5 9.5 0
5.5 -10 0
5.5 -9.5 0
5.5 -9 0
5.5 -8.5 0
5.5 -8 0
5.5 -7.5 0
5.5 -7 0
5.5 -6.5 0
5.5 -6 0
5.5 -5.5 0.0523507
5.5 -5 0.053935
5.5 -4.5 0
5.5 -4 0.0649697
5.5 -3.5 0.0751313
5.5 -3 0.084583
5.5 -2.5 0.107693
5.5 -2 0.123631
5.5 -1.5 0.144992
5.5 -1 0.165863
5.5 -0.5 0.185613
5.5 0 0.188533
5.5 0.5 0.182069
5.5 1 0.162299
5.5 1.5 0.141763
5.5 2 0.124223
5.5 2.5 0.104915
5.5 3 0.0841956
5.5 3.5 0.0743606
5.5 4 0.0763872
5.5 4.5 0
5.5 5 0
5.5 5.5 -0.00354241
5.5 6 0
5.5 6.5 0
5.5 7 0
5.5 7.5 0
5.5 8 0
5.5 8.5 0
5.5 9 0
5.5 9.5 0
6 -10 0
6 -9.5 0
6 -9 0
6 -8.5 0
6 -8 0
6 -7.5 0
6 -7 0
6 -6.5 0
6 -6 0
6 -5.5 0
6 -5 0
6 -4.5 0.075419
6 -4 0.0691337
6 -3.5 0.0732664
6 -3 0.0990549
6 -2.5 0.111596
6 -2 0.126833
6 -1.5 0.141553
6 -1 0.166585
6 -0.5 0.182366
6 0 0.191404
6 0.5 0.186548
6 1 0.170583
6 1.5 0.153608
6 2 0.128527
6 2.5 0.114248
6 3 0.0935557
6 3.5 0.08745
6 4 0.0736796
6 4.5 0.064324
6 5 0
6 5.5 0
6 6 0
6 6.5 0
6 7 0
6 7.5 0
6 8 0
6 8.5 0
6 9 0
6 9.5 0
6.5 -10 0
6.5 -9.5 0
6.5 -9 0
6.5 -8.5 0
6.5 -8 0
6.5 -7.5 0
6.5 -7 0
6.5 -6.5 0
6.5 -6 0
6.5 -5.5 0.0548034
6.5 -5 0
6.5 -4.5 0
6.5 -4 0.0738392
6.5 -3.5 0.0873425
6.5 -3 0.0966786
6.5 -2.5 0.116946
6.5 -2 0.131192
6.5 -1.5 0.154573
6.5 -1 0.173338
6.5 -0.5 0.189305
6.5 0 0.195026
6.5 0.5 0.190054
6.5 1 0.174575
6.5 1.5 0.151013
6.5 2 0.135155
6.5 2.5 0.11857
6.5 3 0.101
6.5 3.5 0.0926978
6.5 4 0.0765994
6.5 4.5 0.0631839
6.5 5 0.0602656
6.5 5.5 0
6.5 6 0
6.5 6.5 0
6.5 7 0
6.5 7.5 0
6.5 8 0
6.5 8.5 0
6.5 9 0
6.5 9.5 0
7 -10 0
7 -9.5 0
7 -9 0
7 -8.5 0
7 -8 0
7 -7.5 0
7 -7 0
7 -6.5 0
7 -6 0
7 -5.5 0
7 -5 0
7 -4.5 0
7 -4 0.0785824
7 -3.5 0.0929847
7 -3 0.105817
7 -2.5 0.125513
7 -2 0.142556
7 -1.5 0.156609
7 -1 0.177873
7 -0.5 0.193764
7 0 0.195119
7 0.5 0.189234
7 1 0.18077
7 1.5 0.160088
7 2 0.137351
7 2.5 0.120945
7 3 0.112883
7 3.5 0.0972205
7 4 0.0885085
7 4.5 0
7 5 0.0613868
7 5.5 0
7 6 0
7 6.5 0
7 7 0
7 7.5 0
7 8 0
7 8.5 0
7 9 0
7 9.5 0
7.5 -10 0
7.5 -9.5 0
7.5 -9 0
7.5 -8.5 0
7.5 -8 0
7.5 -7.5 0
7.5 -7 0
7.5 -6.5 0
7.5 -6 0
7.5 -5.5 0
7.5 -5 0
7.5 -4.5 0
7.5 -4 0.0919783
7.5 -3.5 0.0976452
7.5 -3 0.113378
7.5 -2.5 0.129527
7.5 -2 0.14626
7.5 -1.5 0.161699
7.5 -1 0.179595
7.5 -0.5 0.194844
7.5 0 0.20254
7.5 0.5 0.195511
7.5 1 0.185536
7.5 1.5 0.165161
7.5 2 0.149748
7.5 2.5 0.125848
7.5 3 0.112125
7.5 3.5 0.100784
7.5 4 0.0883804
7.5 4.5 0
7.5 5 0
7.5 5.5 0
7.5 6 0
7.5 6.5 0
7.5 7 0
7.5 7.5 0
7.5 8 0
7.5 8.5 0
7.5 9 0
7.5 9.5 0
8 -10 0
8 -9.5 0
8 -9 0
8 -8.5 0
8 -8 0
8 -7.5 0
8 -7 0
8 -6.5 0
8 -6 0
8 -5.5 0
8 -5 0
8 -4.5 0
8 -4 0
8 -3.5 0.108248
8 -3 0.109004
8 -2.5 0.13154
8 -2 0.143102
8 -1.5 0.167775
8 -1 0.177107
8 -0.5 0.199566
8 0 0.202688
8 0.5 0.200147
8 1 0.183905
8 1.5 0.164332
8 2 0.14925
8 2.5 0.133043
8 3 0.117441
8 3.5 0.100044
8 4 0.0875695
8 4.5 0.0835109
8 5 0.0797808
8 5.5 0.0673018
8 6 0
8 6.5 0
8 7 0
8 7.5 0
8 8 0
8 8.5 0
8 9 0
8 9.5 0
8.5 -10 0
8.5 -9.5 0
8.5 -9 0
8.5 -8.5 0
8.5 -8 0
8.5 -7.5 0
8.5 -7 0
8.5 -6.5 0
8.5 -6 0
8.5 -5.5 0
8.5 -5 0
8.5 -4.5 0.0896281
8.5 -4 0.0933024
8.5 -3.5 0.106163
8.5 -3 0.120826
8.5 -2.5 0.134765
8.5 -2 0.151123
8.5 -1.5 0.171807
8.5 -1 0.178743
8.5 -0.5 0.191485
8.5 0 0.201166
8.5 0.5 0.191406
8.5 1 0.183761
8.5 1.5 0.167301
8.5 2 0.156138
8.5 2.5 0.140409
8.5 3 0.117172
8.5 3.5 0.105225
8.5 4 0.0967858
8.5 4.5 0
8.5 5 0.0759527
8.5 5.5 0.0712731
8.5 6 0
8.5 6.5 0
8.5 7 0
8.5 7.5 0
8.5 8 0
8.5 8.5 0
8.5 9 0
8.5 9.5 0
9 -10 0
9 -9.5 0
9 -9 0
9 -8.5 0
9 -8 0
9 -7.5 0
9 -7 0
9 -6.5 0
9 -6 0
9 -5.5 0
9 -5 0
9 -4.5 0.0862676
9 -4 0.0983098
9 -3.5 0.100524
9 -3 0.121395
9 -2.5 0.142939
9 -2 0.158095
9 -1.5 0.170134
9 -1 0.183964
9 -0.5 0.196892
9 0 0.200545
9 0.5 0.194459
9 1 0.191689
9 1.5 0.171043
9 2 0.154473
9 2.5 0.136694
9 3 0.132457
9 3.5 0.115497
9 4 0.102476
9 4.5 0.0941264
9 5 0
9 5.5 0
9 6 0
9 6.5 0
9 7 0
9 7.5 0
9 8 0
9 8.5 0
9 9 0
9 9.5 0
9.5 -10 0
9.5 -9.5 0
9.5 -9 0
9.5 -8.5 0
9.5 -8 0
9.5 -7.5 0
9.5 -7 0
9.5 -6.5 0
9.5 -6 0
9.5 -5.5 0
9.5 -5 0
9.5 -4.5 0
9.5 -4 0.100057
9.5 -3.5 0.110282
9.5 -3 0.136899
9.5 -2.5 0.143105
9.5 -2 0.157782
9.5 -1.5 0.169587
9.5 -1 0.19014
9.5 -0.5 0.19432
9.5 0 0.203731
9.5 0.5 0.19839
9.5 1 0.184559
9.5 1.5 0.176281
9.5 2 0.162571
9.5 2.5 0.14737
9.5 3 0.135284
9.5 3.5 0.109085
9.5 4 0.0995031
9.5 4.5 0.0874011
9.5 5 0
9.5 5.5 0
9.5 6 0
9.5 6.5 0
9.5 7 0
9.5 7.5 0
9.5 8 0
9.5 8.5 0
9.5 9 0
9.5 9.5 0
