-10 -10 0
-10 -9.5 0
-10 -9 0
-10 -8.5 0
-10 -8 0
-10 -7.5 0
-10 -7 0
-10 -6.5 0
-10 -6 0
-10 -5.5 0
-10 -5 0
-10 -4.5 0.00134886
-10 -4 0
-10 -3.5 0
-10 -3 0.0108523
-10 -2.5 0.000749307
-10 -2 0.0110406
-10 -1.5 0.0143968
-10 -1 0.0133014
-10 -0.5 0.0142325
-10 0 0.0154877
-10 0.5 0.0134774
-10 1 0.0127951
-10 1.5 0.0119293
-10 2 0.0109344
-10 2.5 0.0115791
-10 3 0.0140175
-10 3.5 0
-10 4 0
-10 4.5 0
-10 5 0
-10 5.5 0
-10 6 0
-10 6.5 0
-10 7 0
-10 7.5 0
-10 8 0
-10 8.5 0
-10 9 0
-10 9.5 0
-9.5 -10 0
-9.5 -9.5 0
-9.5 -9 0
-9.5 -8.5 0
-9.5 -8 0
-9.5 -7.5 0
-9.5 -7 0
-9.5 -6.5 0
-9.5 -6 0
-9.5 -5.5 0
-9.5 -5 0
-9.5 -4.5 0
-9.5 -4 0
-9.5 -3.5 0.0107798
-9.5 -3 0.0099289
-9.5 -2.5 0.00711857
-9.5 -2 0.0128844
-9.5 -1.5 0.0101941
-9.5 -1 0.0164107
-9.5 -0.5 0.0135145
-9.5 0 0.0294683
-9.5 0.5 0.0166704
-9.5 1 0.0138476
-9.5 1.5 0.0125505
-9.5 2 0.0120374
-9.5 2.5 0.0138659
-9.5 3 0.00333311
-9.5 3.5 0
-9.5 4 0.00362786
-9.5 4.5 0.00194314
-9.5 5 0
-9.5 5.5 0
-9.5 6 0
-9.5 6.5 0
-9.5 7 0
-9.5 7.5 0
-9.5 8 0
-9.5 8.5 0
-9.5 9 0
-9.5 9.5 0
-9 -10 0
-9 -9.5 0
-9 -9 0
-9 -8.5 0
-9 -8 0
-9 -7.5 0
-9 -7 0
-9 -6.5 0
-9 -6 0
-9 -5.5 0
-9 -5 0
-9 -4.5 1.82829e-06
-9 -4 0.00653396
-9 -3.5 0
-9 -3 0.00773819
-9 -2.5 0.0140311
-9 -2 0.0119518
-9 -1.5 0.0183908
-9 -1 0.0181051
-9 -0.5 0.0185295
-9 0 0.0186977
-9 0.5 0.0177315
-9 1 0.01488
-9 1.5 0.0150564
-9 2 0.0140667
-9 2.5 0.00789516
-9 3 0.00922336
-9 3.5 0.0154927
-9 4 0
-9 4.5 0
-9 5 0
-9 5.5 0
-9 6 0
-9 6.5 0
-9 7 0
-9 7.5 0
-9 8 0
-9 8.5 0
-9 9 0
-9 9.5 0
-8.5 -10 0
-8.5 -9.5 0
-8.5 -9 0
-8.5 -8.5 0
-8.5 -8 0
-8.5 -7.5 0
-8.5 -7 0
-8.5 -6.5 0
-8.5 -6 0
-8.5 -5.5 0
-8.5 -5 0
-8.5 -4.5 0
-8.5 -4 0.00259728
-8.5 -3.5 0.00931486
-8.5 -3 0.00942861
-8.5 -2.5 0.0149028
-8.5 -2 0.0150258
-8.5 -1.5 0.0178291
-8.5 -1 0.018703
-8.5 -0.5 0.0190136
-8.5 0 0.0181944
-8.5 0.5 0.0194333
-8.5 1 0.017486
-8.5 1.5 0.0195217
-8.5 2 0.0102921
-8.5 2.5 0.0124903
-8.5 3 0.00223047
-8.5 3.5 0.00138393
-8.5 4 0
-8.5 4.5 0
-8.5 5 0.00021123
-8.5 5.5 0
-8.5 6 0
-8.5 6.5 0
-8.5 7 0
-8.5 7.5 0
-8.5 8 0
-8.5 8.5 0
-8.5 9 0
-8.5 9.5 0
-8 -10 0
-8 -9.5 0
-8 -9 0
-8 -8.5 0
-8 -8 0
-8 -7.5 0
-8 -7 0
-8 -6.5 0
-8 -6 0
-8 -5.5 0
-8 -5 0
-8 -4.5 0
-8 -4 0.000894666
-8 -3.5 0.0080372
-8 -3 0.0478772
-8 -2.5 0.01309
-8 -2 0.0151511
-8 -1.5 0.0173544
-8 -1 0.0186927
-8 -0.5 0.0225239
-8 0 0.0306238
-8 0.5 0.0238834
-8 1 0.0202138
-8 1.5 0.0167351
-8 2 0.0185934
-8 2.5 0.0138122
-8 3 0.0114088
-8 3.5 0
-8 4 0
-8 4.5 0
-8 5 0
-8 5.5 0
-8 6 0
-8 6.5 0
-8 7 0
-8 7.5 0
-8 8 0
-8 8.5 0
-8 9 0
-8 9.5 0
-7.5 -10 0
-7.5 -9.5 0
-7.5 -9 0
-7.5 -8.5 0
-7.5 -8 0
-7.5 -7.5 0
-7.5 -7 0
-7.5 -6.5 0
-7.5 -6 0
-7.5 -5.5 0
-7.5 -5 0
-7.5 -4.5 0
-7.5 -4 0.00708168
-7.5 -3.5 0.0137028
-7.5 -3 0.0123983
-7.5 -2.5 0.0130193
-7.5 -2 0.0161649
-7.5 -1.5 0.0176864
-7.5 -1 0.023671
-7.5 -0.5 0.0219991
-7.5 0 0.0248139
-7.5 0.5 0.0259852
-7.5 1 0.0201454
-7.5 1.5 0.0212095
-7.5 2 0.0178827
-7.5 2.5 0.0121635
-7.5 3 0.00753674
-7.5 3.5 0.00796868
-7.5 4 0
-7.5 4.5 0
-7.5 5 0
-7.5 5.5 0
-7.5 6 0
-7.5 6.5 0
-7.5 7 0
-7.5 7.5 0
-7.5 8 0
-7.5 8.5 0
-7.5 9 0
-7.5 9.5 0
-7 -10 0
-7 -9.5 0
-7 -9 0
-7 -8.5 0
-7 -8 0
-7 -7.5 0
-7 -7 0
-7 -6.5 0
-7 -6 0
-7 -5.5 0
-7 -5 0
-7 -4.5 0
-7 -4 0
-7 -3.5 0.00677295
-7 -3 0.00766763
-7 -2.5 0.013255
-7 -2 0.0162568
-7 -1.5 0.022509
-7 -1 0.0246401
-7 -0.5 0.0298511
-7 0 0.0266133
-7 0.5 0.0291003
-7 1 0.0258486
-7 1.5 0.0251892
-7 2 0.0160157
-7 2.5 0.0174978
-7 3 0.021712
-7 3.5 0.00880844
-7 4 0.00329081
-7 4.5 0.000151024
-7 5 0
-7 5.5 0
-7 6 0
-7 6.5 0
-7 7 0
-7 7.5 0
-7 8 0
-7 8.5 0
-7 9 0
-7 9.5 0
-6.5 -10 0
-6.5 -9.5 0
-6.5 -9 0
-6.5 -8.5 0
-6.5 -8 0
-6.5 -7.5 0
-6.5 -7 0
-6.5 -6.5 0
-6.5 -6 0
-6.5 -5.5 0
-6.5 -5 0.00244599
-6.5 -4.5 0.00354608
-6.5 -4 0.00219243
-6.5 -3.5 0.00705387
-6.5 -3 0.00640587
-6.5 -2.5 0.0164777
-6.5 -2 0.0179479
-6.5 -1.5 0.0264158
-6.5 -1 0.0308928
-6.5 -0.5 0.0283175
-6.5 0 0.0293564
-6.5 0.5 0.0268673
-6.5 1 0.0288748
-6.5 1.5 0.0223688
-6.5 2 0.01944
-6.5 2.5 0.0136895
-6.5 3 0.00526146
-6.5 3.5 0.0068728
-6.5 4 0
-6.5 4.5 0.0015835
-6.5 5 0
-6.5 5.5 0
-6.5 6 0
-6.5 6.5 0
-6.5 7 0
-6.5 7.5 0
-6.5 8 0
-6.5 8.5 0
-6.5 9 0
-6.5 9.5 0
-6 -10 0
-6 -9.5 0
-6 -9 0
-6 -8.5 0
-6 -8 0
-6 -7.5 0
-6 -7 0
-6 -6.5 0
-6 -6 0
-6 -5.5 0
-6 -5 0
-6 -4.5 0
-6 -4 0.00188126
-6 -3.5 0.00594726
-6 -3 0.0103446
-6 -2.5 0.0207765
-6 -2 0.0206412
-6 -1.5 0.0268815
-6 -1 0.028821
-6 -0.5 0.0369069
-6 0 0.0320549
-6 0.5 0.0312686
-6 1 0.0300992
-6 1.5 0.0246209
-6 2 0.0211919
-6 2.5 0.0174887
-6 3 0.00965863
-6 3.5 0.00914391
-6 4 0.00103462
-6 4.5 0.000550916
-6 5 0
-6 5.5 0
-6 6 0
-6 6.5 0
-6 7 0
-6 7.5 0
-6 8 0
-6 8.5 0
-6 9 0
-6 9.5 0
-5.5 -10 0
-5.5 -9.5 0
-5.5 -9 0
-5.5 -8.5 0
-5.5 -8 0
-5.5 -7.5 0
-5.5 -7 0
-5.5 -6.5 0
-5.5 -6 0
-5.5 -5.5 0
-5.5 -5 0
-5.5 -4.5 0
-5.5 -4 0
-5.5 -3.5 0.00749423
-5.5 -3 0.0121974
-5.5 -2.5 0.0198374
-5.5 -2 0.0248932
-5.5 -1.5 0.0305688
-5.5 -1 0.0331154
-5.5 -0.5 0.0394718
-5.5 0 0.0399627
-5.5 0.5 0.0365781
-5.5 1 0.0375364
-5.5 1.5 0.0309769
-5.5 2 0.0180234
-5.5 2.5 0.0130509
-5.5 3 0.0114391
-5.5 3.5 0.00811689
-5.5 4 0.00153423
-5.5 4.5 0.000292427
-5.5 5 0
-5.5 5.5 0
-5.5 6 0
-5.5 6.5 0
-5.5 7 0
-5.5 7.5 0
-5.5 8 0
-5.5 8.5 0
-5.5 9 0
-5.5 9.5 0
-5 -10 0
-5 -9.5 0
-5 -9 0
-5 -8.5 0
-5 -8 0
-5 -7.5 0
-5 -7 0
-5 -6.5 0
-5 -6 0
-5 -5.5 0
-5 -5 0
-5 -4.5 0
-5 -4 0
-5 -3.5 0.0119771
-5 -3 0.00962704
-5 -2.5 0.016487
-5 -2 0.0204093
-5 -1.5 0.0295732
-5 -1 0.0369609
-5 -0.5 0.0391155
-5 0 0.0407759
-5 0.5 0.0411561
-5 1 0.0373558
-5 1.5 0.0301944
-5 2 0.0239226
-5 2.5 0.0226824
-5 3 0.0140895
-5 3.5 0.00892803
-5 4 0
-5 4.5 0
-5 5 0
-5 5.5 0
-5 6 0
-5 6.5 0
-5 7 0
-5 7.5 0
-5 8 0
-5 8.5 0
-5 9 0
-5 9.5 0
-4.5 -10 0
-4.5 -9.5 0
-4.5 -9 0
-4.5 -8.5 0
-4.5 -8 0
-4.5 -7.5 0
-4.5 -7 0
-4.5 -6.5 0
-4.5 -6 0
-4.5 -5.5 0.00209843
-4.5 -5 0
-4.5 -4.5 0.00216124
-4.5 -4 0.0104826
-4.5 -3.5 0.00833935
-4.5 -3 0.0154533
-4.5 -2.5 0.019869
-4.5 -2 0.0285086
-4.5 -1.5 0.0327048
-4.5 -1 0.0395552
-4.5 -0.5 0.0439547
-4.5 0 0.0461782
-4.5 0.5 0.0469349
-4.5 1 0.0434554
-4.5 1.5 0.0290723
-4.5 2 0.0250133
-4.5 2.5 0.0180992
-4.5 3 0.0104828
-4.5 3.5 0.00537531
-4.5 4 0.00207053
-4.5 4.5 0.00132354
-4.5 5 0.00112335
-4.5 5.5 0
-4.5 6 0
-4.5 6.5 0
-4.5 7 0
-4.5 7.5 0
-4.5 8 0
-4.5 8.5 0
-4.5 9 0
-4.5 9.5 0
-4 -10 0
-4 -9.5 0
-4 -9 0
-4 -8.5 0
-4 -8 0
-4 -7.5 0
-4 -7 0
-4 -6.5 0
-4 -6 0
-4 -5.5 0
-4 -5 0.00301578
-4 -4.5 0
-4 -4 0.0024879
-4 -3.5 0.0103564
-4 -3 0.0139309
-4 -2.5 0.0177053
-4 -2 0.0286436
-4 -1.5 0.035334
-4 -1 0.0444923
-4 -0.5 0.0456471
-4 0 0.0504682
-4 0.5 0.0490483
-4 1 0.0429796
-4 1.5 0.0323534
-4 2 0.0258009
-4 2.5 0.0177652
-4 3 0.0317415
-4 3.5 0.00628478
-4 4 0.0168223
-4 4.5 0.000312688
-4 5 0
-4 5.5 0
-4 6 0
-4 6.5 0
-4 7 0
-4 7.5 0
-4 8 0
-4 8.5 0
-4 9 0
-4 9.5 0
-3.5 -10 0
-3.5 -9.5 0
-3.5 -9 0
-3.5 -8.5 0
-3.5 -8 0
-3.5 -7.5 0
-3.5 -7 0
-3.5 -6.5 0
-3.5 -6 0
-3.5 -5.5 0
-3.5 -5 0
-3.5 -4.5 0.00319373
-3.5 -4 0.0106432
-3.5 -3.5 0.0122956
-3.5 -3 0.0102656
-3.5 -2.5 0.0182377
-3.5 -2 0.0265605
-3.5 -1.5 0.0362697
-3.5 -1 0.0444862
-3.5 -0.5 0.0551214
-3.5 0 0.0542109
-3.5 0.5 0.0545684
-3.5 1 0.0460739
-3.5 1.5 0.0374548
-3.5 2 0.0288447
-3.5 2.5 0.0214797
-3.5 3 0.0135871
-3.5 3.5 0.00500649
-3.5 4 0.00555011
-3.5 4.5 0
-3.5 5 0.00239399
-3.5 5.5 0.000954928
-3.5 6 0
-3.5 6.5 0
-3.5 7 0
-3.5 7.5 0
-3.5 8 0
-3.5 8.5 0
-3.5 9 0
-3.5 9.5 0
-3 -10 0
-3 -9.5 0
-3 -9 0
-3 -8.5 0
-3 -8 0
-3 -7.5 0
-3 -7 0
-3 -6.5 0
-3 -6 0
-3 -5.5 0.00221639
-3 -5 0
-3 -4.5 0.00493158
-3 -4 0.010839
-3 -3.5 0.00573152
-3 -3 0.0158499
-3 -2.5 0.0193779
-3 -2 0.034018
-3 -1.5 0.0435611
-3 -1 0.050345
-3 -0.5 0.058306
-3 0 0.0581747
-3 0.5 0.059575
-3 1 0.0497946
-3 1.5 0.0420372
-3 2 0.0272726
-3 2.5 0.024164
-3 3 0.00630327
-3 3.5 0.0087645
-3 4 0.00529387
-3 4.5 0.00211401
-3 5 0
-3 5.5 0
-3 6 0
-3 6.5 0
-3 7 0
-3 7.5 0
-3 8 0
-3 8.5 0
-3 9 0
-3 9.5 0
-2.5 -10 0
-2.5 -9.5 0
-2.5 -9 0
-2.5 -8.5 0
-2.5 -8 0
-2.5 -7.5 0
-2.5 -7 0
-2.5 -6.5 0
-2.5 -6 0
-2.5 -5.5 0
-2.5 -5 0
-2.5 -4.5 0.00764765
-2.5 -4 0.000658582
-2.5 -3.5 0.0110753
-2.5 -3 0.0145673
-2.5 -2.5 0.0130009
-2.5 -2 0.0287607
-2.5 -1.5 0.0431807
-2.5 -1 0.052903
-2.5 -0.5 0.0648812
-2.5 0 0.0628165
-2.5 0.5 0.0594366
-2.5 1 0.0540336
-2.5 1.5 0.0387707
-2.5 2 0.0288956
-2.5 2.5 0.0216478
-2.5 3 0.0141051
-2.5 3.5 0.0147219
-2.5 4 0.0048242
-2.5 4.5 0
-2.5 5 0
-2.5 5.5 0
-2.5 6 0
-2.5 6.5 0
-2.5 7 0
-2.5 7.5 0
-2.5 8 0
-2.5 8.5 0
-2.5 9 0
-2.5 9.5 0
-2 -10 0
-2 -9.5 0
-2 -9 0
-2 -8.5 0
-2 -8 0
-2 -7.5 0
-2 -7 0
-2 -6.5 0
-2 -6 0
-2 -5.5 0
-2 -5 0
-2 -4.5 0
-2 -4 0.00971481
-2 -3.5 0.0109174
-2 -3 0.0151791
-2 -2.5 0.0195046
-2 -2 0.0331786
-2 -1.5 0.0411472
-2 -1 0.0571338
-2 -0.5 0.0660316
-2 0 0.0656088
-2 0.5 0.0703479
-2 1 0.059733
-2 1.5 0.043649
-2 2 0.0305619
-2 2.5 0.0194588
-2 3 0.0101119
-2 3.5 0.0109245
-2 4 0.00231907
-2 4.5 0.00208584
-2 5 0
-2 5.5 0
-2 6 0
-2 6.5 0
-2 7 0
-2 7.5 0
-2 8 0
-2 8.5 0
-2 9 0
-2 9.5 0
-1.5 -10 0
-1.5 -9.5 0
-1.5 -9 0
-1.5 -8.5 0
-1.5 -8 0
-1.5 -7.5 0
-1.5 -7 0
-1.5 -6.5 0
-1.5 -6 0
-1.5 -5.5 0
-1.5 -5 0
-1.5 -4.5 0
-1.5 -4 0.00619565
-1.5 -3.5 0.01186
-1.5 -3 0.0122566
-1.5 -2.5 0.0196739
-1.5 -2 0.0336608
-1.5 -1.5 0.0490437
-1.5 -1 0.0609021
-1.5 -0.5 0.0769116
-1.5 0 0.0755319
-1.5 0.5 0.0781299
-1.5 1 0.065068
-1.5 1.5 0.0433987
-1.5 2 0.0311772
-1.5 2.5 0.032707
-1.5 3 0.0189312
-1.5 3.5 0.00850606
-1.5 4 0.000944163
-1.5 4.5 0.00154899
-1.5 5 0
-1.5 5.5 0
-1.5 6 0
-1.5 6.5 0
-1.5 7 0
-1.5 7.5 0
-1.5 8 0
-1.5 8.5 0
-1.5 9 0
-1.5 9.5 0
-1 -10 0
-1 -9.5 0
-1 -9 0
-1 -8.5 0
-1 -8 0
-1 -7.5 0
-1 -7 0
-1 -6.5 0
-1 -6 0
-1 -5.5 0
-1 -5 0
-1 -4.5 0
-1 -4 0
-1 -3.5 0.00917408
-1 -3 0.0158775
-1 -2.5 0.0220307
-1 -2 0.0368523
-1 -1.5 0.0473916
-1 -1 0.0669462
-1 -0.5 0.0842517
-1 0 0.0887603
-1 0.5 0.0832022
-1 1 0.0705382
-1 1.5 0.0451173
-1 2 0.0287582
-1 2.5 0.0202416
-1 3 0.0121119
-1 3.5 0.00971278
-1 4 0.00288492
-1 4.5 0
-1 5 0
-1 5.5 0
-1 6 0
-1 6.5 0
-1 7 0
-1 7.5 0
-1 8 0
-1 8.5 0
-1 9 0
-1 9.5 0
-0.5 -10 0
-0.5 -9.5 0
-0.5 -9 0
-0.5 -8.5 0
-0.5 -8 0
-0.5 -7.5 0
-0.5 -7 0
-0.5 -6.5 0
-0.5 -6 0
-0.5 -5.5 0
-0.5 -5 0
-0.5 -4.5 0
-0.5 -4 0
-0.5 -3.5 0.0111175
-0.5 -3 0.0173424
-0.5 -2.5 0.0233182
-0.5 -2 0.0360145
-0.5 -1.5 0.0486302
-0.5 -1 0.0667958
-0.5 -0.5 0.094064
-0.5 0 0.105439
-0.5 0.5 0.0927287
-0.5 1 0.0706939
-0.5 1.5 0.0492929
-0.5 2 0.0342155
-0.5 2.5 0.023471
-0.5 3 0.0128206
-0.5 3.5 0.0130271
-0.5 4 0.00302711
-0.5 4.5 0.000480326
-0.5 5 0
-0.5 5.5 0
-0.5 6 0
-0.5 6.5 0
-0.5 7 0
-0.5 7.5 0
-0.5 8 0
-0.5 8.5 0
-0.5 9 0
-0.5 9.5 0
0 -10 0
0 -9.5 0
0 -9 0
0 -8.5 0
0 -8 0
0 -7.5 0
0 -7 0
0 -6.5 0
0 -6 0
0 -5.5 0
0 -5 0
0 -4.5 0.00229924
0 -4 0.000513788
0 -3.5 0.0130321
0 -3 0.0160703
0 -2.5 0.0257067
0 -2 0.0296662
0 -1.5 0.0488392
0 -1 0.0686557
0 -0.5 0.0989096
0 0 0.12667
0 0.5 0.102124
0 1 0.0670462
0 1.5 0.0442807
0 2 0.033241
0 2.5 0.0229229
0 3 0.0124872
0 3.5 0.0107482
0 4 0.00297571
0 4.5 0.00244346
0 5 0.000551771
0 5.5 0
0 6 0
0 6.5 0
0 7 0
0 7.5 0
0 8 0
0 8.5 0
0 9 0
0 9.5 0
0.5 -10 0
0.5 -9.5 0
0.5 -9 0
0.5 -8.5 0
0.5 -8 0
0.5 -7.5 0
0.5 -7 0
0.5 -6.5 0
0.5 -6 0
0.5 -5.5 0
0.5 -5 0.000261415
0.5 -4.5 0
0.5 -4 0.0069421
0.5 -3.5 0.00939926
0.5 -3 0.00685695
0.5 -2.5 0.0226377
0.5 -2 0.035511
0.5 -1.5 0.0505987
0.5 -1 0.0688505
0.5 -0.5 0.0934447
0.5 0 0.106737
0.5 0.5 0.0902405
0.5 1 0.067206
0.5 1.5 0.0486408
0.5 2 0.0313897
0.5 2.5 0.0251311
0.5 3 0.0150527
0.5 3.5 0.0118181
0.5 4 0.0124791
0.5 4.5 0.00143553
0.5 5 0
0.5 5.5 0
0.5 6 0
0.5 6.5 0
0.5 7 0
0.5 7.5 0
0.5 8 0
0.5 8.5 0
0.5 9 0
0.5 9.5 0
1 -10 0
1 -9.5 0
1 -9 0
1 -8.5 0
1 -8 0
1 -7.5 0
1 -7 0
1 -6.5 0
1 -6 0
1 -5.5 0
1 -5 0
1 -4.5 0.00281489
1 -4 0.00607887
1 -3.5 0.0120939
1 -3 0.0147671
1 -2.5 0.0216566
1 -2 0.0332452
1 -1.5 0.0451384
1 -1 0.0621852
1 -0.5 0.0858435
1 0 0.0903641
1 0.5 0.0858451
1 1 0.0648733
1 1.5 0.0504551
1 2 0.0293793
1 2.5 0.0213234
1 3 0.0203999
1 3.5 0.00847091
1 4 0.0076727
1 4.5 0
1 5 0
1 5.5 0
1 6 0
1 6.5 0
1 7 0
1 7.5 0
1 8 0
1 8.5 0
1 9 0
1 9.5 0
1.5 -10 0
1.5 -9.5 0
1.5 -9 0
1.5 -8.5 0
1.5 -8 0
1.5 -7.5 0
1.5 -7 0
1.5 -6.5 0
1.5 -6 0
1.5 -5.5 0
1.5 -5 0
1.5 -4.5 0.00378455
1.5 -4 0.00314835
1.5 -3.5 0.00888658
1.5 -3 0.0182705
1.5 -2.5 0.0202512
1.5 -2 0.0322412
1.5 -1.5 0.0460116
1.5 -1 0.0636735
1.5 -0.5 0.0730419
1.5 0 0.0741132
1.5 0.5 0.0780518
1.5 1 0.0670266
1.5 1.5 0.0502247
1.5 2 0.0361084
1.5 2.5 0.0228794
1.5 3 0.0175066
1.5 3.5 0.00809031
1.5 4 0.00651661
1.5 4.5 0.00281655
1.5 5 0
1.5 5.5 0
1.5 6 0
1.5 6.5 0
1.5 7 0
1.5 7.5 0
1.5 8 0
1.5 8.5 0
1.5 9 0
1.5 9.5 0
2 -10 0
2 -9.5 0
2 -9 0
2 -8.5 0
2 -8 0
2 -7.5 0
2 -7 0
2 -6.5 0
2 -6 0
2 -5.5 0
2 -5 0
2 -4.5 0
2 -4 0.00727467
2 -3.5 0.00578328
2 -3 0.0128829
2 -2.5 0.0203852
2 -2 0.033765
2 -1.5 0.048071
2 -1 0.0577646
2 -0.5 0.0678893
2 0 0.0691966
2 0.5 0.06574
2 1 0.0584995
2 1.5 0.0449286
2 2 0.0298393
2 2.5 0.0300926
2 3 0.014496
2 3.5 0.00450889
2 4 0.00476063
2 4.5 0.00051969
2 5 0
2 5.5 0
2 6 0
2 6.5 0
2 7 0
2 7.5 0
2 8 0
2 8.5 0
2 9 0
2 9.5 0
2.5 -10 0
2.5 -9.5 0
2.5 -9 0
2.5 -8.5 0
2.5 -8 0
2.5 -7.5 0
2.5 -7 0
2.5 -6.5 0
2.5 -6 0
2.5 -5.5 0
2.5 -5 0
2.5 -4.5 0.00310458
2.5 -4 0.009656
2.5 -3.5 0.00794262
2.5 -3 0.0148112
2.5 -2.5 0.0193103
2.5 -2 0.0285503
2.5 -1.5 0.0423721
2.5 -1 0.0563408
2.5 -0.5 0.0628744
2.5 0 0.0606442
2.5 0.5 0.0655476
2.5 1 0.0557308
2.5 1.5 0.0406084
2.5 2 0.0321628
2.5 2.5 0.0200054
2.5 3 0.0102443
2.5 3.5 0.00977853
2.5 4 0.00402434
2.5 4.5 0
2.5 5 0
2.5 5.5 0
2.5 6 0
2.5 6.5 0
2.5 7 0
2.5 7.5 0
2.5 8 0
2.5 8.5 0
2.5 9 0
2.5 9.5 0
3 -10 0
3 -9.5 0
3 -9 0
3 -8.5 0
3 -8 0
3 -7.5 0
3 -7 0
3 -6.5 0
3 -6 0
3 -5.5 0.00106128
3 -5 0
3 -4.5 3.58194e-05
3 -4 0.00419372
3 -3.5 0.00812474
3 -3 0.0059758
3 -2.5 0.0210366
3 -2 0.0292551
3 -1.5 0.0418428
3 -1 0.0508235
3 -0.5 0.0588798
3 0 0.0603862
3 0.5 0.057194
3 1 0.0543292
3 1.5 0.0454838
3 2 0.0295385
3 2.5 0.0209158
3 3 0.0137776
3 3.5 0.00879915
3 4 0.00706133
3 4.5 0.00143655
3 5 0
3 5.5 0
3 6 0
3 6.5 0
3 7 0
3 7.5 0
3 8 0
3 8.5 0
3 9 0
3 9.5 0
3.5 -10 0
3.5 -9.5 0
3.5 -9 0
3.5 -8.5 0
3.5 -8 0
3.5 -7.5 0
3.5 -7 0
3.5 -6.5 0
3.5 -6 0
3.5 -5.5 0
3.5 -5 0
3.5 -4.5 0.000514275
3.5 -4 0.00591386
3.5 -3.5 0.00662894
3.5 -3 0.013368
3.5 -2.5 0.0200354
3.5 -2 0.0278919
3.5 -1.5 0.0349554
3.5 -1 0.0460959
3.5 -0.5 0.0545568
3.5 0 0.0571531
3.5 0.5 0.0534628
3.5 1 0.0486193
3.5 1.5 0.0375617
3.5 2 0.0267114
3.5 2.5 0.0178017
3.5 3 0.0180055
3.5 3.5 0.00787341
3.5 4 0.00690861
3.5 4.5 0
3.5 5 0
3.5 5.5 0
3.5 6 0
3.5 6.5 0
3.5 7 0
3.5 7.5 0
3.5 8 0
3.5 8.5 0
3.5 9 0
3.5 9.5 0
4 -10 0
4 -9.5 0
4 -9 0
4 -8.5 0
4 -8 0
4 -7.5 0
4 -7 0
4 -6.5 0
4 -6 0
4 -5.5 0
4 -5 0
4 -4.5 0.00115554
4 -4 0.00407525
4 -3.5 0.0103547
4 -3 0.0141427
4 -2.5 0.020302
4 -2 0.0309726
4 -1.5 0.0356694
4 -1 0.03843
4 -0.5 0.0465584
4 0 0.0498815
4 0.5 0.0497165
4 1 0.0385649
4 1.5 0.035489
4 2 0.0260892
4 2.5 0.0196697
4 3 0.0169399
4 3.5 0.00895002
4 4 0.0111541
4 4.5 0
4 5 0
4 5.5 0
4 6 0
4 6.5 0
4 7 0
4 7.5 0
4 8 0
4 8.5 0
4 9 0
4 9.5 0
4.5 -10 0
4.5 -9.5 0
4.5 -9 0
4.5 -8.5 0
4.5 -8 0
4.5 -7.5 0
4.5 -7 0
4.5 -6.5 0
4.5 -6 0
4.5 -5.5 0
4.5 -5 0
4.5 -4.5 0
4.5 -4 0.00737161
4.5 -3.5 0.0176454
4.5 -3 0.0111704
4.5 -2.5 0.0188933
4.5 -2 0.0305157
4.5 -1.5 0.0330782
4.5 -1 0.0382374
4.5 -0.5 0.044761
4.5 0 0.0462657
4.5 0.5 0.0463926
4.5 1 0.0423321
4.5 1.5 0.03428
4.5 2 0.0235179
4.5 2.5 0.0144357
4.5 3 0.00871153
4.5 3.5 0.00820805
4.5 4 0
4.5 4.5 0.0003596
4.5 5 0
4.5 5.5 0
4.5 6 0
4.5 6.5 0
4.5 7 0
4.5 7.5 0
4.5 8 0
4.5 8.5 0
4.5 9 0
4.5 9.5 0
5 -10 0
5 -9.5 0
5 -9 0
5 -8.5 0
5 -8 0
5 -7.5 0
5 -7 0
5 -6.5 0
5 -6 0
5 -5.5 0
5 -5 0
5 -4.5 0
5 -4 0.00121457
5 -3.5 0.00870029
5 -3 0.0190581
5 -2.5 0.0180933
5 -2 0.0257437
5 -1.5 0.0322983
5 -1 0.0360439
5 -0.5 0.0399682
5 0 0.0432389
5 0.5 0.0388297
5 1 0.0343631
5 1.5 0.0290237
5 2 0.0221097
5 2.5 0.0158721
5 3 0.0102373
5 3.5 0.0107778
5 4 0.000157389
5 4.5 0.00326282
5 5 0
5 5.5 0
5 6 0
5 6.5 0
5 7 0
5 7.5 0
5 8 0
5 8.5 0
5 9 0
5 9.5 0
5.5 -10 0
5.5 -9.5 0
5.5 -9 0
5.5 -8.5 0
5.5 -8 0
5.5 -7.5 0
5.5 -7 0
5.5 -6.5 0
5.5 -6 0
5.5 -5.5 0
5.5 -5 0.00240538
5.5 -4.5 0
5.5 -4 0.00423937
5.5 -3.5 0.0105529
5.5 -3 0.0142643
5.5 -2.5 0.0141519
5.5 -2 0.0189812
5.5 -1.5 0.0285187
5.5 -1 0.0316563
5.5 -0.5 0.0363861
5.5 0 0.0373675
5.5 0.5 0.0380129
5.5 1 0.0335043
5.5 1.5 0.0290904
5.5 2 0.0222184
5.5 2.5 0.018176
5.5 3 0.0102191
5.5 3.5 0.00666828
5.5 4 0.00801494
5.5 4.5 0
5.5 5 0
5.5 5.5 0.0538199
5.5 6 0
5.5 6.5 0
5.5 7 0
5.5 7.5 0
5.5 8 0
5.5 8.5 0
5.5 9 0
5.5 9.5 0
6 -10 0
6 -9.5 0
6 -9 0
6 -8.5 0
6 -8 0
6 -7.5 0
6 -7 0
6 -6.5 0
6 -6 0
6 -5.5 0
6 -5 0
6 -4.5 0.00387063
6 -4 0.00475196
6 -3.5 0.00443395
6 -3 0.0154443
6 -2.5 0.0131429
6 -2 0.0231158
6 -1.5 0.0274605
6 -1 0.0341699
6 -0.5 0.0335129
6 0 0.0365734
6 0.5 0.0324216
6 1 0.0316485
6 1.5 0.0221519
6 2 0.0170547
6 2.5 0.0147141
6 3 0.0102797
6 3.5 0.0159091
6 4 0.00342673
6 4.5 0.00574964
6 5 0
6 5.5 0
6 6 0
6 6.5 0
6 7 0
6 7.5 0
6 8 0
6 8.5 0
6 9 0
6 9.5 0
6.5 -10 0
6.5 -9.5 0
6.5 -9 0
6.5 -8.5 0
6.5 -8 0
6.5 -7.5 0
6.5 -7 0
6.5 -6.5 0
6.5 -6 0
6.5 -5.5 0
6.5 -5 0
6.5 -4.5 0
6.5 -4 0.000280341
6.5 -3.5 0.00100458
6.5 -3 0.00564745
6.5 -2.5 0.0136649
6.5 -2 0.0193167
6.5 -1.5 0.0258941
6.5 -1 0.0265123
6.5 -0.5 0.0312507
6.5 0 0.0353627
6.5 0.5 0.0292848
6.5 1 0.0254096
6.5 1.5 0.0229777
6.5 2 0.0214556
6.5 2.5 0.014549
6.5 3 0.00897946
6.5 3.5 0.00737537
6.5 4 0.00486338
6.5 4.5 0
6.5 5 0
6.5 5.5 0
6.5 6 0
6.5 6.5 0
6.5 7 0
6.5 7.5 0
6.5 8 0
6.5 8.5 0
6.5 9 0
6.5 9.5 0
7 -10 0
7 -9.5 0
7 -9 0
7 -8.5 0
7 -8 0
7 -7.5 0
7 -7 0
7 -6.5 0
7 -6 0
7 -5.5 0
7 -5 0
7 -4.5 0
7 -4 0
7 -3.5 0.00542084
7 -3 0.0125555
7 -2.5 0.012171
7 -2 0.0146584
7 -1.5 0.0204789
7 -1 0.0244888
7 -0.5 0.0278807
7 0 0.0301549
7 0.5 0.028549
7 1 0.0286118
7 1.5 0.0268686
7 2 0.0231703
7 2.5 0.0158985
7 3 0.0106399
7 3.5 0.0105002
7 4 0.000557935
7 4.5 0
7 5 0
7 5.5 0
7 6 0
7 6.5 0
7 7 0
7 7.5 0
7 8 0
7 8.5 0
7 9 0
7 9.5 0
7.5 -10 0
7.5 -9.5 0
7.5 -9 0
7.5 -8.5 0
7.5 -8 0
7.5 -7.5 0
7.5 -7 0
7.5 -6.5 0
7.5 -6 0
7.5 -5.5 0
7.5 -5 0
7.5 -4.5 0
7.5 -4 0.00461242
7.5 -3.5 0.00534787
7.5 -3 0.00524301
7.5 -2.5 0.0193503
7.5 -2 0.0189769
7.5 -1.5 0.0206871
7.5 -1 0.0204852
7.5 -0.5 0.0249317
7.5 0 0.022744
7.5 0.5 0.0233845
7.5 1 0.0247512
7.5 1.5 0.0211366
7.5 2 0.0157476
7.5 2.5 0.0139755
7.5 3 0.0100248
7.5 3.5 0.00829767
7.5 4 0
7.5 4.5 0
7.5 5 0
7.5 5.5 0
7.5 6 0
7.5 6.5 0
7.5 7 0
7.5 7.5 0
7.5 8 0
7.5 8.5 0
7.5 9 0
7.5 9.5 0
8 -10 0
8 -9.5 0
8 -9 0
8 -8.5 0
8 -8 0
8 -7.5 0
8 -7 0
8 -6.5 0
8 -6 0
8 -5.5 0
8 -5 0
8 -4.5 0
8 -4 0
8 -3.5 0.0102873
8 -3 0.00763577
8 -2.5 0.0114447
8 -2 0.0101393
8 -1.5 0.0171041
8 -1 0.0200104
8 -0.5 0.0187071
8 0 0.0220431
8 0.5 0.0208182
8 1 0.0169046
8 1.5 0.0206212
8 2 0.0153692
8 2.5 0.0170173
8 3 0.0110219
8 3.5 0.00383429
8 4 0
8 4.5 0.00394863
8 5 0
8 5.5 0
8 6 0
8 6.5 0
8 7 0
8 7.5 0
8 8 0
8 8.5 0
8 9 0
8 9.5 0
8.5 -10 0
8.5 -9.5 0
8.5 -9 0
8.5 -8.5 0
8.5 -8 0
8.5 -7.5 0
8.5 -7 0
8.5 -6.5 0
8.5 -6 0
8.5 -5.5 0
8.5 -5 0
8.5 -4.5 0.00114378
8.5 -4 0.00798179
8.5 -3.5 0.0120566
8.5 -3 0.0219914
8.5 -2.5 0.0140965
8.5 -2 0.0184279
8.5 -1.5 0.0194163
8.5 -1 0.0297936
8.5 -0.5 0.0205537
8.5 0 0.0199213
8.5 0.5 0.0195094
8.5 1 0.0183225
8.5 1.5 0.0197277
8.5 2 0.0119877
8.5 2.5 0.00913637
8.5 3 0.00910554
8.5 3.5 0.00590617
8.5 4 0.00159989
8.5 4.5 0
8.5 5 0
8.5 5.5 0
8.5 6 0
8.5 6.5 0
8.5 7 0
8.5 7.5 0
8.5 8 0
8.5 8.5 0
8.5 9 0
8.5 9.5 0
9 -10 0
9 -9.5 0
9 -9 0
9 -8.5 0
9 -8 0
9 -7.5 0
9 -7 0
9 -6.5 0
9 -6 0
9 -5.5 0
9 -5 0
9 -4.5 0
9 -4 0
9 -3.5 0.00766053
9 -3 0.00918278
9 -2.5 0.00814742
9 -2 0.0165149
9 -1.5 0.0157501
9 -1 0.0404215
9 -0.5 0.0130574
9 0 0.0159508
9 0.5 0.0295116
9 1 0.0121954
9 1.5 0.0246519
9 2 0.0112769
9 2.5 0.0121867
9 3 0.0072438
9 3.5 0.00666461
9 4 0.0115816
9 4.5 0
9 5 0
9 5.5 0
9 6 0
9 6.5 0
9 7 0
9 7.5 0
9 8 0
9 8.5 0
9 9 0
9 9.5 0
9.5 -10 0
9.5 -9.5 0
9.5 -9 0
9.5 -8.5 0
9.5 -8 0
9.5 -7.5 0
9.5 -7 0
9.5 -6.5 0
9.5 -6 0
9.5 -5.5 0
9.5 -5 0
9.5 -4.5 0
9.5 -4 0
9.5 -3.5 0.00472669
9.5 -3 0.0151491
9.5 -2.5 0.00859033
9.5 -2 0.0126649
9.5 -1.5 0.0160189
9.5 -1 0.0156874
9.5 -0.5 0.0191301
9.5 0 0.0157327
9.5 0.5 0.0178117
9.5 1 0.0137525
9.5 1.5 0.0112048
9.5 2 0.00943418
9.5 2.5 0.0130558
9.5 3 0.0103093
9.5 3.5 0.00418761
9.5 4 0.00179224
9.5 4.5 0
9.5 5 0
9.5 5.5 0
9.5 6 0
9.5 6.5 0
9.5 7 0
9.5 7.5 0
9.5 8 0
9.5 8.5 0
9.5 9 0
9.5 9.5 0
