r," v_Hbeta e_V max_Hb e_max sig_Hb e_sig v_OIII e_v max_OIII_1 e_max sig_OIII e_sig [OIII]/Hbeta e_oiii_hb S/N(HB) S/N(OIII)
-87.70 3981.76 1.55E+01 359.05 -0.00E+00 0.00 4.04E+00 3951.49 2.11E+01 193.96 1.02E+03 0.00 6.29E+01 -1.00 -1.00E+00 3.19 2.20
-86.74 4002.55 1.25E+01 368.47 -0.00E+00 0.00 4.05E+00 4035.75 5.76E+00 384.73 -0.00E+00 0.00 1.36E+00 -1.00 -1.00E+00 3.30 2.71
-85.70 3992.79 9.37E+00 493.95 -0.00E+00 0.00 3.10E+00 3147.44 -0.00E+00 71.17 -0.00E+00 0.00 -0.00E+00 -1.00 -1.00E+00 4.79 0.00
-84.77 4005.56 9.22E+00 408.37 -0.00E+00 4.34 3.16E+00 4220.34 -0.00E+00 62.20 -0.00E+00 0.00 -0.00E+00 -Infinity -NaN 6.31 0.00
-84.08 4018.82 9.46E+00 417.86 -0.00E+00 0.00 3.05E+00 4005.34 1.12E+01 297.59 -0.00E+00 0.00 1.72E+00 -1.00 -1.00E+00 5.47 3.55
-83.31 4016.21 8.95E+00 476.42 -0.00E+00 0.00 2.62E+00 3990.03 1.68E+01 93.35 1.44E+02 0.00 3.90E+01 -1.00 -1.00E+00 5.45 2.71
-82.43 4010.11 7.02E+00 686.52 -0.00E+00 0.00 2.27E+00 3983.04 1.22E+01 312.66 9.83E+02 0.00 3.95E+01 -1.00 -1.00E+00 7.51 3.80
-81.55 4004.57 7.17E+00 561.60 -0.00E+00 0.00 2.34E+00 3993.67 1.06E+01 256.50 7.82E+02 0.00 4.03E+01 -1.00 -1.00E+00 7.27 4.03
-80.85 3992.30 7.22E+00 506.11 -0.00E+00 13.48 2.69E+00 3979.04 1.22E+01 121.76 1.12E+02 0.00 2.60E+01 -Infinity Infinity 7.86 4.14
-80.15 4001.32 8.08E+00 442.60 1.78E+02 15.76 1.49E+01 4010.71 7.59E+00 356.30 -0.00E+00 0.00 9.16E-01 -Infinity Infinity 7.11 3.86
-79.43 3988.34 6.85E+00 596.78 -0.00E+00 0.00 2.24E+00 3995.83 2.65E+00 493.29 -0.00E+00 0.00 1.73E+00 -1.00 -1.00E+00 7.90 4.52
-78.52 3982.14 6.02E+00 493.83 -0.00E+00 0.00 2.09E+00 3975.25 -0.00E+00 107.92 -0.00E+00 0.00 -0.00E+00 -1.00 -1.00E+00 9.17 0.00
-78.17 3981.28 6.16E+00 489.30 -0.00E+00 0.00 2.08E+00 3976.09 1.29E+01 78.32 6.24E+01 0.00 2.55E+01 -1.00 -1.00E+00 9.75 4.17
-77.81 3974.14 6.12E+00 472.32 -0.00E+00 3.94 2.17E+00 3975.79 1.15E+01 256.14 -0.00E+00 0.00 1.64E+00 -Infinity Infinity 12.10 4.90
-77.31 3987.57 5.39E+00 721.54 -0.00E+00 7.99 1.94E+00 3997.38 9.93E+00 367.13 -0.00E+00 0.00 1.34E+00 -Infinity Infinity 10.94 5.14
-76.74 3982.30 1.09E+01 304.18 -0.00E+00 0.00 2.90E+00 3992.46 1.28E+01 156.85 -0.00E+00 0.00 1.78E+00 -1.00 -1.00E+00 5.05 2.64
-76.03 3978.26 1.13E+01 733.50 -0.00E+00 0.00 3.63E+00 3915.38 1.88E+01 205.92 4.75E+02 0.00 4.92E+01 -1.00 -1.00E+00 4.13 2.11
-71.86 3010.12 2.84E+01 379.65 -0.00E+00 0.00 3.82E+00 3877.30 2.68E+01 136.61 9.29E+02 0.00 9.76E+01 -1.00 -1.00E+00 1.14 1.51
-71.66 4285.72 1.04E+06 396.80 2.85E+08 0.00 1.26E+06 4505.68 -0.00E+00 163.97 -0.00E+00 0.00 -0.00E+00 -1.00 -1.00E+00 0.23 0.00
-62.81 2991.46 -0.00E+00 271.20 -0.00E+00 0.00 -0.00E+00 3788.57 4.45E+04 342.04 -0.00E+00 0.00 2.82E+04 -1.00 -1.00E+00 0.00 0.63
-57.74 3070.66 2.53E+01 353.95 1.37E+03 0.00 7.39E+01 4775.18 5.28E+01 64.65 3.69E+01 96.99 5.55E+01 -1.00 -1.00E+00 1.72 1.31
-55.78 3977.96 2.93E+01 87.76 3.84E+01 64.22 3.73E+01 3950.74 2.74E+01 34.97 1.39E+01 66.48 3.47E+01 0.05 4.25E-01 1.85 1.95
-55.11 3962.73 1.16E+01 359.13 -0.00E+00 0.00 3.50E+00 4274.96 4.87E+00 222.99 -0.00E+00 0.00 2.77E+00 -1.00 -1.00E+00 4.68 1.45
-54.60 3960.21 9.09E+00 289.74 -0.00E+00 10.31 3.40E+00 3975.42 1.86E+01 43.00 2.53E+01 31.29 2.91E+01 0.09 4.99E-01 6.61 2.87
-54.25 3962.05 6.30E+00 424.24 1.20E+02 19.15 1.11E+01 3950.61 6.72E+00 290.98 -0.00E+00 0.00 1.32E+00 -Infinity Infinity 8.71 4.69
-53.89 3954.81 5.07E+00 614.53 -0.00E+00 15.92 1.95E+00 3955.54 9.18E+00 83.08 1.82E+01 42.92 1.32E+01 -0.01 1.72E-01 13.30 5.43
-53.53 3961.16 5.40E+00 525.09 1.05E+02 26.17 9.06E+00 3951.55 6.20E+00 186.76 9.34E+01 0.00 1.36E+01 -Infinity Infinity 13.51 8.38
-53.18 3952.24 6.13E+00 356.81 5.43E+01 42.35 8.85E+00 3963.15 7.32E+00 145.32 7.01E+01 0.00 1.47E+01 -Infinity Infinity 10.18 6.84
-52.82 3964.49 8.56E+00 281.20 9.68E+01 23.36 1.45E+01 3980.27 9.21E+00 87.20 2.36E+01 34.40 1.40E+01 0.09 3.74E-01 7.81 5.20
-52.25 3974.65 9.16E+00 548.41 -0.00E+00 0.00 2.86E+00 3954.93 1.16E+01 114.91 3.89E+01 34.47 1.78E+01 -1.00 -1.00E+00 4.87 3.82
-50.95 3977.48 2.22E+01 162.84 5.52E+01 63.94 2.86E+01 3973.95 1.92E+01 231.61 1.11E+03 0.00 5.98E+01 -Infinity Infinity 2.42 2.32
-48.47 3680.55 6.13E+01 139.66 2.14E+02 40.62 9.16E+01 2834.98 9.62E+08 400.10 1.10E+10 0.00 1.55E+07 -Infinity Infinity 0.75 1.05
-42.27 3028.66 6.82E+01 73.78 1.22E+02 41.67 1.00E+02 4567.32 -0.00E+00 139.53 -0.00E+00 0.00 -0.00E+00 -Infinity -NaN 0.68 0.00
-39.82 2997.72 5.01E+01 419.09 -0.00E+00 0.00 6.90E+00 3999.50 1.48E+01 156.53 3.43E+01 64.62 1.88E+01 -1.00 -1.00E+00 0.82 3.16
-37.07 3053.81 3.85E+01 347.09 -0.00E+00 0.00 4.66E+00 3973.26 2.47E+01 70.46 1.74E+01 91.19 2.86E+01 -1.00 -1.00E+00 0.94 2.17
-35.28 3089.00 -0.00E+00 298.27 -0.00E+00 0.00 -0.00E+00 3926.53 2.42E+01 72.25 1.48E+01 105.21 2.71E+01 -1.00 -1.00E+00 0.00 2.30
-33.72 3969.43 2.39E+01 327.74 -0.00E+00 0.00 4.88E+00 3206.46 -0.00E+00 81.44 -0.00E+00 0.00 -0.00E+00 -1.00 -1.00E+00 2.13 0.00
-32.65 3996.09 2.16E+01 248.39 6.05E+02 0.00 5.52E+01 3940.43 2.90E+01 39.31 9.78E+00 103.70 3.24E+01 -1.00 -1.00E+00 2.24 2.19
-31.93 3973.42 1.74E+01 357.25 -0.00E+00 0.00 3.88E+00 3963.85 1.10E+01 327.38 -0.00E+00 0.00 1.56E+00 -1.00 -1.00E+00 2.88 3.54
-31.01 3933.13 1.92E+01 399.05 -0.00E+00 0.00 4.28E+00 3958.86 1.24E+01 204.45 2.69E+02 0.00 3.04E+01 -1.00 -1.00E+00 2.26 3.72
-30.16 4281.87 4.25E+01 212.06 -0.00E+00 0.00 5.40E+00 3953.55 1.26E+01 234.91 6.51E+02 0.00 4.20E+01 -1.00 -1.00E+00 0.68 3.92
-29.29 2829.64 4.71E+01 199.53 -0.00E+00 0.00 8.09E+00 3948.80 1.30E+01 117.72 5.65E+01 24.58 2.09E+01 -1.00 -1.00E+00 1.19 4.26
-28.30 3946.72 2.58E+01 446.96 -0.00E+00 0.00 4.97E+00 3923.48 1.92E+01 98.95 2.38E+01 75.49 2.35E+01 -1.00 -1.00E+00 1.67 2.69
-26.70 2996.52 -0.00E+00 150.43 -0.00E+00 0.00 -0.00E+00 3940.97 2.38E+01 61.73 1.32E+01 99.61 2.69E+01 -1.00 -1.00E+00 0.00 2.45
-25.51 3912.59 3.24E+01 133.06 4.62E+01 85.18 3.81E+01 3903.50 2.50E+01 67.44 1.50E+01 100.64 2.83E+01 0.21 2.91E-01 1.85 2.22
-23.93 3901.36 2.38E+01 207.85 5.08E+01 88.91 2.78E+01 3960.45 1.36E+01 141.74 2.59E+01 69.50 1.67E+01 0.16 2.16E-01 2.89 3.89
-22.61 3978.73 5.02E+01 66.13 2.58E+01 113.87 5.56E+01 3957.97 1.92E+01 65.40 1.53E+01 76.42 2.31E+01 0.25 3.18E-01 1.37 3.07
-21.94 4011.88 2.73E+01 240.56 -0.00E+00 0.00 6.32E+00 4029.70 1.47E+01 86.90 1.59E+01 75.50 1.77E+01 -1.00 -1.00E+00 1.91 3.99
-21.19 2725.71 -0.00E+00 193.97 -0.00E+00 0.00 -0.00E+00 4019.80 8.91E+00 163.18 3.83E+01 37.68 1.31E+01 -1.00 -1.00E+00 0.00 5.85
-20.69 3410.87 -0.00E+00 104.13 -0.00E+00 0.00 -0.00E+00 4046.70 1.33E+01 71.13 1.39E+01 65.57 1.66E+01 -1.00 -1.00E+00 0.00 4.80
-20.33 4039.30 2.69E+01 137.49 2.64E+02 0.00 5.70E+01 4038.79 9.92E+00 99.27 1.76E+01 55.07 1.30E+01 -1.00 -1.00E+00 2.36 7.15
-19.85 4002.58 1.84E+01 204.16 8.37E+01 44.68 2.60E+01 4040.40 7.89E+00 187.62 3.50E+01 42.25 1.13E+01 0.37 3.40E-01 2.80 6.93
-19.26 4255.62 -0.00E+00 133.25 -0.00E+00 0.00 -0.00E+00 4028.80 1.08E+01 92.09 1.48E+01 64.56 1.35E+01 -1.00 -1.00E+00 0.00 5.84
-18.73 2777.35 -0.00E+00 197.93 -0.00E+00 0.00 -0.00E+00 4026.65 8.71E+00 190.08 5.71E+01 27.93 1.40E+01 -1.00 -1.00E+00 0.00 5.48
-18.08 3854.23 2.63E+01 152.86 1.12E+02 36.39 4.02E+01 4006.70 1.57E+01 90.15 2.13E+01 63.35 1.99E+01 0.44 6.00E-01 2.24 3.46
-17.19 4730.15 -0.00E+00 272.11 -0.00E+00 0.00 -0.00E+00 3948.14 1.16E+01 151.50 2.51E+01 66.80 1.45E+01 -1.00 -1.00E+00 0.00 4.98
-16.28 3894.67 3.04E+01 341.85 -0.00E+00 0.00 4.69E+00 3942.50 9.75E+00 156.26 2.79E+01 53.52 1.30E+01 -1.00 -1.00E+00 1.58 5.39
-15.69 3898.68 2.48E+01 160.40 -0.00E+00 0.00 8.33E+00 3951.13 1.25E+01 89.30 2.26E+01 48.82 1.70E+01 -1.00 -1.00E+00 2.41 5.29
-15.20 3929.62 1.96E+01 235.32 1.60E+02 28.23 3.20E+01 3940.43 7.56E+00 210.71 2.92E+01 53.28 1.00E+01 0.66 5.82E-01 2.79 7.36
-14.42 3907.44 1.79E+01 479.03 -0.00E+00 0.00 3.76E+00 3925.23 6.78E+00 244.70 3.39E+01 48.52 9.27E+00 -1.00 -1.00E+00 2.50 6.94
-13.70 3913.58 2.87E+01 156.09 1.19E+02 37.98 4.32E+01 3945.68 6.82E+00 244.08 2.97E+01 55.10 9.02E+00 0.79 6.01E-01 1.84 6.91
-13.19 3880.70 2.49E+01 176.19 -0.00E+00 0.00 8.18E+00 3902.63 1.19E+01 98.39 1.55E+01 71.02 1.45E+01 -1.00 -1.00E+00 2.50 3.96
-12.84 4275.25 -0.00E+00 159.22 -0.00E+00 0.00 -0.00E+00 3889.93 9.45E+00 132.01 2.57E+01 48.30 1.30E+01 -1.00 -1.00E+00 0.00 5.21
-12.48 3909.06 3.24E+01 136.41 -0.00E+00 0.00 1.08E+01 3925.95 8.11E+00 158.32 2.68E+01 47.53 1.11E+01 -1.00 -1.00E+00 1.88 6.64
-12.12 3888.36 2.59E+01 214.88 -0.00E+00 0.00 6.67E+00 3918.23 9.20E+00 155.64 4.89E+01 28.54 1.48E+01 -1.00 -1.00E+00 2.22 5.80
-11.76 3928.30 2.42E+01 148.86 1.14E+02 31.49 3.84E+01 3912.70 8.35E+00 158.57 2.81E+01 46.65 1.15E+01 0.63 6.40E-01 2.49 8.25
-11.41 3893.56 4.32E+01 72.73 3.96E+01 73.53 5.28E+01 3893.09 9.34E+00 134.62 1.54E+01 76.36 1.12E+01 0.72 4.00E-01 1.84 7.59
-11.05 3953.14 2.85E+01 179.93 -0.00E+00 0.00 8.50E+00 3905.92 1.01E+01 125.76 1.65E+01 72.39 1.23E+01 -1.00 -1.00E+00 2.18 7.88
-10.69 3906.97 1.97E+01 204.19 1.66E+02 22.08 3.41E+01 3911.60 9.29E+00 138.63 1.64E+01 73.63 1.12E+01 0.79 7.62E-01 3.86 7.63
-10.34 3880.86 1.92E+01 340.18 -0.00E+00 0.00 4.40E+00 3925.80 1.04E+01 125.74 1.46E+01 82.91 1.22E+01 -1.00 -1.00E+00 3.36 6.79
-9.98 3925.27 2.17E+01 154.01 4.70E+01 67.37 2.73E+01 3927.14 8.73E+00 152.44 1.90E+01 66.71 1.08E+01 0.42 2.37E-01 3.22 7.78
-9.62 3963.81 1.71E+01 224.38 1.14E+02 34.01 2.66E+01 3939.60 8.17E+00 167.45 2.10E+01 62.46 1.03E+01 0.57 4.15E-01 3.78 7.24
-9.27 3945.69 2.72E+01 126.23 3.88E+01 81.00 3.23E+01 3952.21 9.11E+00 153.22 1.27E+01 99.75 1.02E+01 0.61 2.26E-01 2.80 8.37
-8.91 3971.97 2.20E+01 160.53 4.10E+01 79.76 2.63E+01 3971.53 7.95E+00 178.13 1.41E+01 92.49 9.08E+00 0.54 1.89E-01 3.64 8.68
-8.55 3965.49 1.95E+01 189.03 6.17E+01 58.15 2.56E+01 3974.02 7.09E+00 204.72 1.54E+01 87.74 8.18E+00 0.65 2.44E-01 3.52 9.86
-8.19 3950.93 1.79E+01 214.28 7.39E+01 51.73 2.46E+01 3970.54 7.42E+00 201.83 1.42E+01 96.80 8.38E+00 0.68 2.59E-01 4.12 9.92
-7.84 3965.53 1.72E+01 221.97 4.16E+01 84.96 2.04E+01 3972.51 5.74E+00 267.98 1.90E+01 76.60 6.86E+00 0.47 1.41E-01 4.76 12.02
-7.48 3956.10 1.47E+01 269.12 4.85E+01 75.98 1.77E+01 3960.48 5.70E+00 277.18 1.88E+01 79.00 6.75E+00 0.46 1.37E-01 5.61 12.96
-7.12 3942.17 1.45E+01 283.38 6.80E+01 59.01 1.90E+01 3953.10 6.33E+00 257.17 1.57E+01 95.39 7.16E+00 0.60 1.80E-01 4.93 11.25
-6.77 3940.78 1.52E+01 278.62 7.10E+01 58.24 2.00E+01 3956.47 6.13E+00 269.95 1.79E+01 86.46 7.13E+00 0.59 1.91E-01 4.80 10.99
-6.41 3937.82 1.42E+01 304.60 7.17E+01 58.82 1.86E+01 3948.91 6.35E+00 265.97 1.90E+01 82.91 7.43E+00 0.52 1.79E-01 5.32 11.17
-6.05 3936.08 1.27E+01 361.38 9.99E+01 46.27 1.80E+01 3946.64 6.37E+00 269.58 1.98E+01 81.23 7.50E+00 0.55 2.13E-01 5.60 10.57
-5.70 3935.13 1.79E+01 245.29 5.16E+01 78.70 2.15E+01 3944.95 6.52E+00 268.08 1.92E+01 84.65 7.59E+00 0.50 1.58E-01 4.32 9.98
-5.34 3937.29 1.65E+01 270.59 5.37E+01 77.44 1.99E+01 3949.13 5.74E+00 312.06 2.52E+01 67.95 7.09E+00 0.44 1.52E-01 4.02 10.94
-4.98 3934.64 1.68E+01 273.82 6.28E+01 69.45 2.09E+01 3932.88 6.55E+00 279.90 2.03E+01 84.28 7.73E+00 0.53 1.72E-01 4.79 9.63
-4.62 3962.68 1.72E+01 278.51 5.73E+01 77.66 2.07E+01 3937.65 6.41E+00 299.43 1.90E+01 92.76 7.36E+00 0.54 1.53E-01 4.61 11.55
-4.27 3936.09 1.34E+01 376.52 6.98E+01 68.81 1.67E+01 3933.62 6.72E+00 305.18 1.63E+01 113.52 7.37E+00 0.56 1.38E-01 5.21 10.80
-3.91 3922.35 1.14E+01 466.02 6.75E+01 74.16 1.40E+01 3919.60 6.05E+00 359.94 1.72E+01 114.11 6.60E+00 0.51 1.08E-01 6.29 12.96
-3.55 3903.01 1.12E+01 505.50 7.37E+01 72.42 1.38E+01 3900.39 5.79E+00 402.84 1.74E+01 121.43 6.28E+00 0.56 1.08E-01 5.94 12.47
-3.20 3895.62 1.15E+01 527.06 5.43E+01 100.66 1.30E+01 3879.10 5.36E+00 461.18 1.87E+01 119.47 5.82E+00 0.45 7.69E-02 6.30 12.42
-2.84 3875.10 1.37E+01 487.05 4.62E+01 127.67 1.49E+01 3865.95 5.27E+00 512.51 1.76E+01 137.22 5.60E+00 0.49 6.93E-02 6.70 13.54
-2.48 3846.55 1.16E+01 606.46 5.19E+01 120.54 1.28E+01 3855.51 5.07E+00 567.67 1.91E+01 135.31 5.40E+00 0.45 6.34E-02 8.06 14.07
-2.13 3851.71 1.07E+01 701.43 5.71E+01 117.13 1.18E+01 3826.38 4.94E+00 638.49 1.91E+01 147.50 5.20E+00 0.49 5.98E-02 9.21 14.68
-1.77 3834.29 1.19E+01 691.49 5.61E+01 129.82 1.30E+01 3810.65 5.41E+00 643.97 1.88E+01 165.12 5.66E+00 0.51 5.92E-02 8.23 12.96
-1.41 3805.64 9.85E+00 878.48 7.15E+01 108.97 1.11E+01 3780.64 5.89E+00 659.33 1.89E+01 181.49 6.11E+00 0.53 5.96E-02 8.15 11.03
-1.05 3756.38 1.20E+01 818.11 6.42E+01 134.78 1.30E+01 3742.65 5.77E+00 751.67 1.97E+01 193.88 5.94E+00 0.55 5.68E-02 8.30 11.01
-0.70 3725.84 1.18E+01 900.71 6.76E+01 138.58 1.27E+01 3713.38 5.00E+00 945.47 2.12E+01 196.69 5.13E+00 0.61 5.37E-02 8.91 11.95
-0.34 3706.48 1.01E+01 1138.36 6.77E+01 149.12 1.08E+01 3689.67 4.26E+00 1148.81 2.39E+01 181.04 4.39E+00 0.52 4.30E-02 8.84 13.02
0.02 3682.59 9.66E+00 1230.39 6.92E+01 150.32 1.03E+01 3673.57 4.09E+00 1243.39 2.37E+01 189.50 4.20E+00 0.54 4.05E-02 10.59 15.74
0.37 3687.67 1.03E+01 1141.03 6.70E+01 153.51 1.10E+01 3677.45 4.38E+00 1140.10 2.36E+01 187.35 4.50E+00 0.52 4.24E-02 9.90 13.47
0.73 3663.92 1.34E+01 857.83 5.96E+01 166.86 1.41E+01 3654.47 4.74E+00 1011.25 2.19E+01 193.14 4.86E+00 0.57 4.96E-02 6.87 12.35
1.09 3608.81 1.45E+01 763.54 5.10E+01 187.48 1.51E+01 3634.74 6.14E+00 754.11 1.85E+01 219.34 6.23E+00 0.50 4.82E-02 6.88 12.28
1.44 3569.09 1.41E+01 671.63 5.36E+01 154.01 1.50E+01 3590.33 6.32E+00 659.53 1.74E+01 209.61 6.43E+00 0.56 5.74E-02 6.36 10.11
1.80 3552.79 1.21E+01 689.97 5.44E+01 135.29 1.31E+01 3544.70 5.09E+00 692.99 1.89E+01 164.83 5.29E+00 0.52 5.73E-02 6.80 14.26
2.16 3539.73 1.14E+01 663.56 5.38E+01 124.06 1.24E+01 3533.90 4.77E+00 659.80 1.90E+01 147.55 5.03E+00 0.51 5.93E-02 7.98 15.18
2.52 3524.13 1.10E+01 620.35 5.37E+01 114.11 1.23E+01 3520.69 4.30E+00 668.97 1.87E+01 138.22 4.57E+00 0.55 6.29E-02 7.11 16.88
2.87 3516.94 1.06E+01 592.62 5.55E+01 102.50 1.20E+01 3523.71 4.15E+00 627.96 1.98E+01 119.29 4.50E+00 0.52 6.86E-02 8.55 16.63
3.23 3491.64 1.14E+01 516.22 5.39E+01 98.50 1.30E+01 3515.38 4.84E+00 505.89 1.76E+01 125.47 5.22E+00 0.53 7.67E-02 7.57 16.32
3.59 3515.13 1.14E+01 483.09 5.18E+01 96.60 1.31E+01 3511.65 4.87E+00 465.90 1.78E+01 115.72 5.32E+00 0.50 7.94E-02 8.38 13.84
3.94 3495.33 1.07E+01 482.26 5.77E+01 83.07 1.27E+01 3505.85 4.99E+00 433.08 1.67E+01 116.85 5.43E+00 0.53 8.85E-02 7.18 16.01
4.30 3508.40 1.13E+01 435.32 5.94E+01 77.36 1.36E+01 3490.03 5.01E+00 406.53 1.67E+01 110.64 5.51E+00 0.56 1.01E-01 7.40 15.41
4.66 3486.28 1.10E+01 426.71 5.32E+01 82.21 1.31E+01 3477.02 5.05E+00 385.45 1.64E+01 108.82 5.58E+00 0.51 9.25E-02 6.92 14.15
5.01 3483.74 1.19E+01 378.50 4.53E+01 91.09 1.38E+01 3464.99 5.92E+00 316.00 1.46E+01 115.95 6.46E+00 0.46 8.96E-02 6.07 13.55
5.37 3470.79 1.17E+01 370.25 4.44E+01 89.95 1.36E+01 3450.65 6.08E+00 296.09 1.38E+01 117.74 6.63E+00 0.45 8.97E-02 6.74 12.62
5.73 3472.20 1.12E+01 373.72 5.28E+01 74.67 1.36E+01 3459.30 6.31E+00 276.45 1.29E+01 121.66 6.82E+00 0.51 1.05E-01 6.79 12.99
6.09 3474.43 9.77E+00 415.63 6.02E+01 64.91 1.23E+01 3446.67 6.07E+00 271.63 1.40E+01 107.12 6.71E+00 0.47 1.10E-01 7.41 13.26
6.44 3481.18 1.10E+01 355.28 5.33E+01 69.68 1.36E+01 3446.02 5.91E+00 271.00 1.38E+01 105.78 6.54E+00 0.50 1.13E-01 7.15 12.78
6.80 3477.79 1.07E+01 360.67 6.95E+01 55.37 1.44E+01 3447.43 6.21E+00 251.66 1.29E+01 109.69 6.81E+00 0.57 1.45E-01 6.68 11.08
7.16 3475.89 1.03E+01 365.31 6.27E+01 58.93 1.35E+01 3436.71 5.60E+00 266.73 1.49E+01 93.04 6.37E+00 0.49 1.30E-01 6.91 11.76
7.51 3481.07 1.16E+01 309.13 4.62E+01 73.86 1.42E+01 3446.12 5.43E+00 268.54 1.53E+01 88.97 6.24E+00 0.45 1.13E-01 5.69 14.13
7.87 3491.74 1.30E+01 270.95 3.65E+01 89.30 1.52E+01 3436.49 5.56E+00 256.14 1.60E+01 83.45 6.52E+00 0.38 1.04E-01 5.45 13.32
8.23 3475.96 1.42E+01 242.85 3.90E+01 82.28 1.69E+01 3424.81 5.52E+00 254.29 1.56E+01 84.49 6.44E+00 0.46 1.21E-01 5.03 12.32
8.58 3477.66 1.52E+01 223.10 4.26E+01 75.24 1.86E+01 3429.54 5.82E+00 238.29 1.64E+01 79.20 6.87E+00 0.48 1.44E-01 4.41 11.47
8.94 3465.05 1.99E+01 168.76 3.35E+01 92.09 2.32E+01 3430.18 6.22E+00 219.16 1.52E+01 83.63 7.26E+00 0.50 1.47E-01 3.71 11.26
9.30 3465.44 1.99E+01 164.23 4.04E+01 76.57 2.43E+01 3420.58 8.17E+00 166.38 1.14E+01 108.48 9.05E+00 0.59 1.81E-01 3.61 8.33
9.66 3476.44 1.95E+01 165.66 4.36E+01 70.44 2.43E+01 3438.95 7.80E+00 170.90 1.33E+01 92.60 8.82E+00 0.57 1.96E-01 3.44 8.90
10.01 3476.23 2.61E+01 120.36 3.89E+01 76.30 3.21E+01 3430.58 8.92E+00 147.46 1.25E+01 96.24 9.95E+00 0.62 2.37E-01 3.21 7.69
10.37 3519.45 3.23E+01 96.42 2.89E+01 96.56 3.71E+01 3446.51 1.14E+01 109.30 1.22E+01 93.88 1.31E+01 0.48 2.26E-01 2.55 6.15
10.73 3473.83 3.76E+01 84.69 2.21E+01 127.61 4.13E+01 3437.01 9.57E+00 127.41 1.61E+01 71.89 1.17E+01 0.36 2.02E-01 2.62 6.74
11.08 3445.82 2.85E+01 105.68 2.83E+01 96.55 3.27E+01 3459.08 1.05E+01 114.35 1.24E+01 88.62 1.21E+01 0.43 2.02E-01 3.18 6.36
11.44 3457.94 2.07E+01 142.38 3.72E+01 75.04 2.54E+01 3448.39 9.88E+00 118.84 1.31E+01 83.62 1.16E+01 0.40 2.01E-01 3.79 6.57
11.80 3431.72 3.44E+01 84.73 2.70E+01 98.13 3.95E+01 3439.82 1.02E+01 115.02 1.15E+01 93.80 1.17E+01 0.55 2.33E-01 2.38 6.84
12.15 3424.45 1.97E+01 155.63 6.63E+01 46.51 2.77E+01 3439.14 1.12E+01 102.67 1.17E+01 90.29 1.29E+01 0.54 3.28E-01 3.21 6.87
12.51 3467.53 2.84E+01 100.97 2.76E+01 94.98 3.28E+01 3452.00 1.20E+01 95.82 1.03E+01 101.42 1.35E+01 0.44 2.05E-01 2.69 6.34
12.87 3479.22 3.61E+01 78.25 2.76E+01 92.56 4.18E+01 3464.41 1.09E+01 103.59 1.28E+01 81.53 1.29E+01 0.50 2.64E-01 2.11 6.26
13.23 3482.98 3.73E+01 74.53 2.94E+01 86.23 4.41E+01 3480.34 2.18E+01 54.39 7.90E+00 130.82 2.35E+01 0.48 2.98E-01 2.07 3.73
13.58 3512.65 2.81E+01 98.28 3.79E+01 69.06 3.53E+01 3497.83 1.47E+01 74.36 1.19E+01 84.60 1.73E+01 0.40 3.00E-01 2.49 4.91
13.94 3512.86 2.28E+01 145.46 1.28E+02 24.84 3.87E+01 3512.23 1.98E+01 56.35 8.60E+00 115.45 2.17E+01 0.69 7.84E-01 2.89 3.72
14.30 3514.76 4.94E+01 63.26 1.56E+01 169.29 5.19E+01 3509.13 2.46E+01 46.88 7.06E+00 143.04 2.60E+01 0.23 1.99E-01 2.12 3.32
14.65 3578.93 3.67E+01 79.24 1.80E+01 139.84 3.96E+01 4595.03 9.71E+01 11.58 2.50E+01 50.21 1.62E+02 -0.85 1.69E+00 2.96 0.52
15.01 3510.40 3.63E+01 76.29 1.98E+01 122.15 3.97E+01 3521.41 2.35E+01 46.55 7.78E+00 126.09 2.55E+01 0.23 2.14E-01 2.34 3.41
15.37 4412.76 -0.00E+00 155.27 -0.00E+00 0.00 -0.00E+00 3546.56 3.79E+01 30.14 6.48E+00 162.00 4.05E+01 -1.00 -1.00E+00 0.00 2.27
15.72 3551.47 4.06E+01 64.68 2.26E+01 102.94 4.61E+01 3513.74 1.69E+01 61.99 8.80E+00 106.94 1.89E+01 0.43 2.65E-01 1.84 4.60
16.23 3716.84 -0.00E+00 260.47 -0.00E+00 0.00 -0.00E+00 3489.86 1.73E+01 87.95 1.03E+01 128.89 1.88E+01 -1.00 -1.00E+00 0.00 4.32
16.80 3696.11 3.50E+01 177.07 -0.00E+00 0.00 6.43E+00 3518.28 2.33E+01 45.71 7.09E+00 131.41 2.49E+01 -1.00 -1.00E+00 1.43 3.47
17.32 3538.14 2.42E+01 146.74 5.17E+01 66.26 3.11E+01 3502.17 1.35E+01 104.65 1.39E+01 92.04 1.56E+01 0.43 2.72E-01 2.15 4.34
18.02 3494.02 2.27E+01 316.92 -0.00E+00 0.00 5.06E+00 3507.59 1.23E+01 114.00 1.63E+01 79.45 1.47E+01 -1.00 -1.00E+00 2.10 4.74
18.58 3515.04 4.03E+01 62.48 2.21E+01 101.50 4.59E+01 3526.55 1.77E+01 55.94 1.03E+01 87.60 2.06E+01 0.32 2.81E-01 1.79 3.47
18.94 3488.11 4.66E+01 53.66 2.16E+01 104.58 5.33E+01 3509.92 2.15E+01 48.25 6.95E+00 132.84 2.31E+01 0.49 2.98E-01 1.80 3.32
19.29 4604.41 -0.00E+00 99.95 -0.00E+00 0.00 -0.00E+00 3498.32 1.44E+01 67.60 1.28E+01 71.55 1.76E+01 -1.00 -1.00E+00 0.00 4.30
20.17 4392.68 4.74E+01 275.37 -0.00E+00 0.00 5.66E+00 3517.30 1.01E+01 164.17 2.40E+01 65.97 1.27E+01 -1.00 -1.00E+00 0.67 4.54
20.93 3445.18 4.81E+01 71.11 5.98E+01 56.56 6.46E+01 3501.90 1.40E+01 94.79 1.52E+01 80.80 1.66E+01 0.71 6.26E-01 1.24 3.92
21.50 3924.71 -0.00E+00 261.00 -0.00E+00 0.00 -0.00E+00 3545.04 1.63E+01 80.47 1.41E+01 85.30 1.91E+01 -1.00 -1.00E+00 0.00 3.62
23.21 3482.94 -0.00E+00 395.23 -0.00E+00 0.00 -0.00E+00 3502.68 9.07E+00 236.12 4.72E+01 45.60 1.28E+01 -1.00 -1.00E+00 0.00 4.88
24.43 4465.77 -0.00E+00 246.02 -0.00E+00 0.00 -0.00E+00 3463.42 8.64E+00 249.25 1.27E+02 3.67 1.69E+01 -1.00 -1.00E+00 0.00 5.15
25.25 3068.03 -0.00E+00 310.63 -0.00E+00 0.00 -0.00E+00 3473.10 8.82E+00 281.79 2.15E+02 0.00 1.99E+01 -1.00 -1.00E+00 0.00 4.79
26.24 3831.63 -0.00E+00 202.44 -0.00E+00 0.00 -0.00E+00 3460.25 1.39E+01 105.27 5.09E+01 27.70 2.25E+01 -1.00 -1.00E+00 0.00 3.65
27.40 3167.18 -0.00E+00 12.98 -0.00E+00 0.00 -0.00E+00 3482.40 1.46E+01 116.74 1.95E+01 81.19 1.75E+01 -1.00 -1.00E+00 0.00 3.85
28.41 4317.22 -0.00E+00 164.11 -0.00E+00 0.00 -0.00E+00 3424.82 1.86E+01 64.81 1.87E+01 62.13 2.39E+01 -1.00 -1.00E+00 0.00 3.45
29.51 4609.48 3.07E+01 309.02 -0.00E+00 0.00 5.88E+00 3481.38 1.69E+01 85.99 1.87E+01 72.75 2.07E+01 -1.00 -1.00E+00 1.48 3.70
30.25 3395.25 3.01E+01 101.84 3.03E+01 92.76 3.49E+01 3478.32 2.23E+01 54.40 2.15E+01 55.38 2.98E+01 -0.06 3.57E-01 2.21 2.56
31.19 3410.89 2.17E+01 188.15 9.80E+01 42.32 3.17E+01 3474.04 1.31E+01 114.67 2.56E+01 57.43 1.73E+01 0.35 4.28E-01 2.49 3.99
31.95 3381.25 2.52E+01 170.67 2.49E+02 7.69 4.95E+01 3456.93 3.98E+01 31.71 7.93E+00 139.90 4.29E+01 0.96 2.87E+00 1.73 1.84
32.67 4120.28 -0.00E+00 174.55 -0.00E+00 0.00 -0.00E+00 3454.78 1.82E+01 64.74 1.72E+01 65.68 2.31E+01 -1.00 -1.00E+00 0.00 2.97
33.85 4382.90 -0.00E+00 292.73 -0.00E+00 0.00 -0.00E+00 3451.19 1.37E+01 129.25 4.55E+01 39.52 2.04E+01 -1.00 -1.00E+00 0.00 2.98
35.01 4600.45 3.28E+01 290.17 -0.00E+00 0.00 6.84E+00 3483.49 1.73E+01 92.88 2.40E+01 63.79 2.20E+01 -1.00 -1.00E+00 1.71 2.65
38.50 3469.37 2.16E+01 586.83 -0.00E+00 0.00 5.32E+00 3490.81 1.87E+01 143.54 4.65E+01 56.50 2.49E+01 -1.00 -1.00E+00 1.86 2.41
40.78 3497.96 1.94E+01 292.52 -0.00E+00 0.00 5.29E+00 3412.68 1.31E+01 345.89 -0.00E+00 0.00 1.94E+00 -1.00 -1.00E+00 2.23 3.07
41.59 3421.30 1.24E+01 341.15 3.06E+02 0.00 2.65E+01 3421.45 1.22E+01 167.17 2.59E+02 0.00 3.23E+01 -1.00 -1.00E+00 3.80 3.33
42.37 3427.93 1.11E+01 370.64 -0.00E+00 0.00 3.75E+00 3450.88 1.69E+01 69.28 3.22E+01 36.91 2.56E+01 -1.00 -1.00E+00 5.09 2.81
45.06 3400.35 1.14E+01 420.47 -0.00E+00 4.27 4.02E+00 4232.86 -0.00E+00 106.33 -0.00E+00 0.00 -0.00E+00 -Infinity -NaN 3.89 0.00
45.90 3415.86 1.21E+01 288.67 1.54E+02 20.53 2.16E+01 3404.94 3.00E+01 34.45 1.38E+01 70.72 3.73E+01 0.05 5.87E-01 4.42 1.92
46.88 3410.69 1.52E+01 327.78 3.57E+02 0.00 3.24E+01 3389.75 5.76E+01 23.06 7.66E+00 151.64 6.14E+01 -1.00 -1.00E+00 2.63 1.21
48.33 3436.79 1.18E+01 515.11 -0.00E+00 0.00 3.97E+00 3461.21 5.03E+01 33.03 1.10E+01 128.65 5.40E+01 -1.00 -1.00E+00 4.09 1.26
49.73 3423.46 1.51E+01 389.96 -0.00E+00 0.00 4.52E+00 3424.20 1.08E+01 411.93 -0.00E+00 0.00 1.73E+00 -1.00 -1.00E+00 3.06 2.69
51.56 4213.62 3.30E+01 337.22 -0.00E+00 0.00 5.99E+00 3440.33 3.25E+00 330.06 -0.00E+00 0.00 6.75E+00 -1.00 -1.00E+00 1.32 1.65
53.80 4373.17 5.94E+01 242.81 -0.00E+00 0.00 7.85E+00 3464.31 2.12E+01 305.30 -0.00E+00 0.00 1.91E+01 -1.00 -1.00E+00 1.05 1.08
56.64 4116.99 -0.00E+00 461.65 -0.00E+00 0.00 -0.00E+00 3447.59 1.32E+01 484.84 -0.00E+00 0.00 1.73E+00 -1.00 -1.00E+00 0.00 2.14
58.79 3380.34 1.61E+01 375.61 -0.00E+00 0.00 4.51E+00 3553.00 7.65E+01 18.80 8.07E+00 159.96 8.19E+01 -1.00 -1.00E+00 2.59 0.88
60.89 4417.43 3.44E+01 166.52 1.05E+02 54.64 4.69E+01 4424.40 -0.00E+00 92.31 -0.00E+00 0.00 -0.00E+00 -Infinity -NaN 1.27 0.00
64.66 3426.58 1.92E+01 417.14 7.86E+02 0.00 4.61E+01 3416.83 1.27E+08 272.15 1.43E+10 0.00 3.79E+06 -1.00 -1.00E+00 2.41 1.40
66.36 4058.31 -0.00E+00 210.30 -0.00E+00 0.00 -0.00E+00 3452.09 5.01E+01 25.94 1.43E+01 82.73 5.94E+01 -1.00 -1.00E+00 0.00 1.07
67.96 3492.06 3.38E+01 327.38 -0.00E+00 0.00 5.97E+00 3425.32 3.43E+01 51.08 3.33E+01 53.34 4.75E+01 -1.00 -1.00E+00 1.22 1.32
70.56 4523.92 2.29E+01 354.26 -0.00E+00 0.00 4.95E+00 3698.71 3.97E+01 49.84 9.04E+01 17.50 7.04E+01 -1.00 -1.00E+00 1.85 1.13
72.63 3436.87 3.36E+01 142.51 6.91E+01 68.23 4.32E+01 4564.63 -0.00E+00 169.75 -0.00E+00 0.00 -0.00E+00 -Infinity -NaN 1.56 0.00
77.49 4133.03 2.09E+01 403.10 -0.00E+00 0.00 4.09E+00 3501.21 -0.00E+00 17.84 6.34E+00 220.02 9.35E+01 -1.00 -1.00E+00 2.21 0.80
78.89 4233.06 3.09E+01 123.32 3.32E+01 103.07 3.52E+01 3373.70 4.86E+09 218.92 7.61E+09 0.00 3.13E+07 -Infinity Infinity 2.02 1.54
80.08 4091.92 2.14E+01 278.50 -0.00E+00 0.00 5.60E+00 3805.34 7.38E+08 237.22 1.86E+09 0.00 2.08E+07 -1.00 -1.00E+00 2.06 1.83
80.90 4209.89 1.95E+01 270.99 -0.00E+00 0.00 4.60E+00 4264.54 -0.00E+00 68.13 -0.00E+00 0.00 -0.00E+00 -1.00 -1.00E+00 2.35 0.00
81.82 3352.41 3.13E+01 278.81 -0.00E+00 0.00 5.07E+00 3187.26 6.69E+01 18.91 8.19E+00 137.47 7.31E+01 -1.00 -1.00E+00 1.09 0.84
82.87 3140.22 -0.00E+00 196.45 -0.00E+00 0.00 -0.00E+00 3783.43 4.01E+07 245.79 4.05E+09 0.00 6.00E+06 -1.00 -1.00E+00 0.00 1.72
83.88 2933.56 3.05E+01 245.35 -0.00E+00 0.00 5.78E+00 3598.59 -0.00E+00 86.21 -0.00E+00 0.00 -0.00E+00 -1.00 -1.00E+00 1.66 0.00
85.25 3322.11 2.37E+01 239.33 -0.00E+00 0.00 7.27E+00 3396.56 5.29E+06 299.28 3.49E+08 0.00 7.22E+06 -1.00 -1.00E+00 2.44 1.84
86.96 3263.23 3.89E+01 282.47 -0.00E+00 0.00 6.08E+00 3404.99 2.29E+01 175.15 1.12E+03 0.00 8.98E+01 -1.00 -1.00E+00 1.12 1.84
