######################INFO#######################
#GALAXY: /media/06A0AA5BA0AA514B/obs/work/for_Zasov/n5440/n5440pa320bin.fts
#ERRGAL: /media/06A0AA5BA0AA514B/obs/work/for_Zasov/n5440/n5440pa320errbin.fts
#POSSLIT: /media/06A0AA5BA0AA514B/obs/work/for_Zasov/n5440/n5440pa320LocSlit.pos
#outres: 
/media/06A0AA5BA0AA514B/obs/work/for_Zasov/n5440/resNGC5440pa320_stars.txt
#DirLSFmap: /media/06A0AA5BA0AA514B/obs/work/for_Zasov/n5440/sunsky320/
#Model File: /media/Stuff/IDL_libs/ULySS//models/PHR_Elodie31.fits
#Heleocentric correction (km/s)=      -14.112755
#---------------------
#vel0=      3900.00
#sig0=      100.000
#h30=      0.00000
#h40=      0.00000
#Kfix=       0       0       0       0
#age0=   10000
#Z0=      0.00000
#fixparssp=       0       0       1
#lamrange=       4800.6670       5549.9747
#lamran=       4739.0171       5549.9747
#################################################
  r,"      pix_bin     vel,km/s   e_vel,km/s  sig,km/s  e_sig,km/s  h3,km/s  e_h3,km/s   h4,km/s   e_h4,km/s   age,Myr   e_age,Myr  [Fe/H],dex  e_[Fe/H]   md     ad     S/N
    -15.3500           0     3612.62      6.86      110.67      9.66     -0.0666    0.0512      0.0960    0.0499      0.0000    0.0000      0.0000    0.0000     5154.39   1110.19      -0.326     0.089     10     -1    25.68
    -10.3500           1     3609.61      6.59      123.67      9.48     -0.0032    0.0448      0.0755    0.0461      0.0000    0.0000      0.0000    0.0000    15106.48   6827.63      -0.458     0.066     10     -1    29.67
     -8.3900           2     3602.23      6.75      143.77     10.39     -0.0468    0.0385      0.1253    0.0453      0.0000    0.0000      0.0000    0.0000    12742.96   3789.97      -0.288     0.079     10     -1    30.68
     -7.1400           3     3604.70      6.59      166.02      9.22     -0.0406    0.0339      0.0579    0.0376      0.0000    0.0000      0.0000    0.0000    18723.48   7318.37      -0.289     0.049     10     -1    33.25
     -6.2500           4     3589.85      6.71      160.06      9.33     -0.0322    0.0357      0.0470    0.0397      0.0000    0.0000      0.0000    0.0000    16448.42   6812.83      -0.299     0.049     10     -1    32.33
     -5.5300           5     3590.04      6.34      176.24      8.51     -0.0381    0.0305      0.0299    0.0347      0.0000    0.0000      0.0000    0.0000    18752.79   6871.58      -0.276     0.042     10     -1    35.50
     -4.8200           6     3592.39      5.40      173.65      8.04     -0.0308    0.0268      0.0882    0.0306      0.0000    0.0000      0.0000    0.0000    15750.69   4748.52      -0.136     0.052     10     -1    39.41
     -4.2800           7     3575.64      7.25      187.87     11.01     -0.0071    0.0335      0.1018    0.0370      0.0000    0.0000      0.0000    0.0000    18630.51   6422.36      -0.086     0.062     10     -1    33.64
     -3.9300           8     3581.86      6.89      177.15      9.75     -0.0650    0.0324      0.0720    0.0376      0.0000    0.0000      0.0000    0.0000    18740.53   3656.74      -0.188     0.096     10     -1    35.27
     -3.5700           9     3563.26      6.12      179.00      7.81     -0.0370    0.0291      0.0143    0.0330      0.0000    0.0000      0.0000    0.0000    18746.80   6017.25      -0.186     0.045     10     -1    36.75
     -3.2100          10     3584.58      6.00      180.41      8.21     -0.0509    0.0279      0.0531    0.0317      0.0000    0.0000      0.0000    0.0000    18189.23   6021.99      -0.168     0.057     10     -1    41.01
     -2.8600          11     3566.14      5.56      188.28      7.67     -0.0179    0.0260      0.0547    0.0279      0.0000    0.0000      0.0000    0.0000    19061.75   4823.90      -0.142     0.055     10     -1    41.26
     -2.5000          12     3559.85      5.24      203.02      6.55     -0.0047    0.0228      0.0181    0.0238      0.0000    0.0000      0.0000    0.0000    18702.30   4399.73      -0.113     0.044     10     -1    44.27
     -2.1400          13     3551.54      4.55      201.34      5.83      0.0207    0.0196      0.0323    0.0213      0.0000    0.0000      0.0000    0.0000    19999.99      0.00      -0.041     0.031     10     -1    48.00
     -1.7800          14     3547.36      4.14      213.01      5.32      0.0001    0.0172      0.0301    0.0183      0.0000    0.0000      0.0000    0.0000    19999.99      0.00      -0.007     0.028     10     -1    53.41
     -1.4300          15     3539.76      3.47      207.88      4.75     -0.0331    0.0148      0.0466    0.0160      0.0000    0.0000      0.0000    0.0000    19999.99      0.00       0.037     0.022     10     -1    59.35
     -1.0700          16     3533.18      3.22      209.96      4.51      0.0138    0.0140      0.0541    0.0149      0.0000    0.0000      0.0000    0.0000    19999.99      0.00       0.006     0.020     10     -1    64.02
     -0.7100          17     3541.42      3.14      220.98      4.18      0.0113    0.0129      0.0424    0.0136      0.0000    0.0000      0.0000    0.0000    19999.99      0.00       0.035     0.019     10     -1    71.50
     -0.3600          18     3538.21      2.88      209.65      3.75      0.0176    0.0125      0.0224    0.0132      0.0000    0.0000      0.0000    0.0000    19999.99      0.00       0.015     0.018     10     -1    76.62
      0.0000          19     3536.88      3.05      215.49      3.95      0.0323    0.0125      0.0289    0.0140      0.0000    0.0000      0.0000    0.0000    19999.99      0.00       0.015     0.018     10     -1    73.21
      0.3600          20     3546.82      3.33      218.05      4.34     -0.0032    0.0133      0.0375    0.0146      0.0000    0.0000      0.0000    0.0000    19999.99      0.00      -0.002     0.021     10     -1    69.75
      0.7100          21     3554.78      3.62      211.71      4.80     -0.0162    0.0149      0.0382    0.0164      0.0000    0.0000      0.0000    0.0000    19999.99      0.00      -0.048     0.025     10     -1    66.69
      1.0700          22     3558.50      4.06      210.76      4.99     -0.0269    0.0173      0.0185    0.0180      0.0000    0.0000      0.0000    0.0000    19207.72   3497.79      -0.072     0.033     10     -1    62.06
      1.4300          23     3565.60      4.38      200.44      5.54     -0.0345    0.0191      0.0097    0.0214      0.0000    0.0000      0.0000    0.0000    18815.09   3995.84      -0.151     0.032     10     -1    58.42
      1.7800          24     3576.90      4.79      202.77      6.15     -0.0307    0.0207      0.0285    0.0224      0.0000    0.0000      0.0000    0.0000    19233.54   3959.78      -0.111     0.047     10     -1    52.24
      2.1400          25     3580.11      5.25      193.73      7.24     -0.0505    0.0231      0.0643    0.0258      0.0000    0.0000      0.0000    0.0000    16483.85   5028.60      -0.104     0.050     10     -1    48.77
      2.5000          26     3598.11      5.39      182.13      7.29     -0.0406    0.0255      0.0414    0.0284      0.0000    0.0000      0.0000    0.0000    16417.55   5682.48      -0.149     0.050     10     -1    45.42
      2.8600          27     3592.86      5.71      169.68      7.81     -0.0434    0.0287      0.0407    0.0327      0.0000    0.0000      0.0000    0.0000    16552.97   7392.24      -0.226     0.044     10     -1    42.48
      3.2100          28     3592.37      6.20      177.06      8.03     -0.0088    0.0307      0.0218    0.0322      0.0000    0.0000      0.0000    0.0000    15889.24   4599.76      -0.201     0.058     10     -1    39.34
      3.5700          29     3582.90      7.27      190.07     10.52      0.0082    0.0336      0.0744    0.0357      0.0000    0.0000      0.0000    0.0000    17015.54  10240.39      -0.180     0.053     10     -1    36.87
      4.1100          30     3596.57      5.32      159.56      8.07     -0.0369    0.0286      0.0913    0.0336      0.0000    0.0000      0.0000    0.0000    18710.29   5723.33      -0.254     0.039     10     -1    43.01
      4.8200          31     3601.49      6.33      163.88      9.18     -0.0164    0.0332      0.0703    0.0368      0.0000    0.0000      0.0000    0.0000    18223.16   6602.24      -0.301     0.067     10     -1    37.78
      5.5300          32     3611.22      6.96      157.24     10.77     -0.0232    0.0376      0.1201    0.0428      0.0000    0.0000      0.0000    0.0000    18944.18   5819.24      -0.258     0.085     10     -1    31.97
      6.4300          33     3612.96      6.23      136.09      8.99     -0.0143    0.0392      0.0674    0.0424      0.0000    0.0000      0.0000    0.0000    18642.07   7084.42      -0.358     0.043     10     -1    34.14
      7.6800          34     3609.79      6.84      149.36     10.27     -0.0240    0.0397      0.0620    0.0452      0.0000    0.0000      0.0000    0.0000    13517.25   4751.74      -0.368     0.078     10     -1    31.36
      9.4600          35     3617.07      6.79      128.51     10.22     -0.0244    0.0438      0.1513    0.0503      0.0000    0.0000      0.0000    0.0000    14645.63   6253.47      -0.424     0.041     10     -1    31.88
     12.3200          36     3607.65      6.67      113.66      9.79     -0.0243    0.0466      0.1244    0.0518      0.0000    0.0000      0.0000    0.0000    11245.62   3179.18      -0.431     0.086     10     -1    27.89
     75.8600          37     3626.74     14.19      104.18     16.05     -0.0088    0.1128      0.0104    0.0682      0.0000    0.0000      0.0000    0.0000    19999.99     -0.00      -1.925     0.119     10     -1    16.75
