######################INFO#######################
#GALAXY: /media/06A0AA5BA0AA514B/obs/work/for_Zasov/n5440/n5440pa230bin.fts
#ERRGAL: /media/06A0AA5BA0AA514B/obs/work/for_Zasov/n5440/n5440pa230errbin.fts
#POSSLIT: /media/06A0AA5BA0AA514B/obs/work/for_Zasov/n5440/n5440pa230LocSlit.pos
#outres: 
/media/06A0AA5BA0AA514B/obs/work/for_Zasov/n5440/resNGC5440pa230_stars.txt
#DirLSFmap: /media/06A0AA5BA0AA514B/obs/work/for_Zasov/n5440/sunsky230/
#Model File: /media/Stuff/IDL_libs/ULySS//models/PHR_Elodie31.fits
#Heleocentric correction (km/s)=      -13.267548
#---------------------
#vel0=      3900.00
#sig0=      100.000
#h30=      0.00000
#h40=      0.00000
#Kfix=       0       0       0       0
#age0=   10000
#Z0=      0.00000
#fixparssp=       0       0       1
#lamrange=       4801.3770       5550.0513
#lamran=       4739.7180       5550.0513
#################################################
  r,"      pix_bin     vel,km/s   e_vel,km/s  sig,km/s  e_sig,km/s  h3,km/s  e_h3,km/s   h4,km/s   e_h4,km/s   age,Myr   e_age,Myr  [Fe/H],dex  e_[Fe/H]   md     ad     S/N
    -38.2000           0     3982.44      5.19       78.00      8.42     -0.1146    0.0485      0.0623    0.0745      0.0000    0.0000      0.0000    0.0000     7949.83   1999.03      -0.316     0.076     10     -1    24.95
    -31.5900           1     3967.52      5.44       84.67      8.44     -0.1205    0.0486      0.1003    0.0682      0.0000    0.0000      0.0000    0.0000    10473.70   2288.92      -0.354     0.069     10     -1    26.59
    -26.9500           2     3958.57      5.78      107.57      8.58     -0.0762    0.0440      0.0479    0.0535      0.0000    0.0000      0.0000    0.0000    19733.01   2358.29      -0.372     0.093     10     -1    27.64
    -23.2000           3     3928.23      6.02      117.14      7.94      0.0036    0.0439      0.0180    0.0448      0.0000    0.0000      0.0000    0.0000    17032.76   5890.12      -0.394     0.044     10     -1    27.31
    -20.3500           4     3931.57      5.90      132.76      8.07     -0.0263    0.0360      0.0041    0.0461      0.0000    0.0000      0.0000    0.0000    18334.89   7963.57      -0.384     0.056     10     -1    29.35
    -18.2100           5     3934.44      6.08      126.89      9.16     -0.0612    0.0412      0.0716    0.0477      0.0000    0.0000      0.0000    0.0000    12818.74   3236.54      -0.280     0.072     10     -1    28.06
    -16.6000           6     3914.21      6.35      133.98      9.11     -0.0254    0.0414      0.0316    0.0477      0.0000    0.0000      0.0000    0.0000    12456.23   3620.83      -0.340     0.076     10     -1    29.08
    -15.1700           7     3920.83      5.87      123.15      7.99     -0.0932    0.0373      0.0151    0.0484      0.0000    0.0000      0.0000    0.0000    18535.78   2361.14      -0.426     0.076     10     -1    30.67
    -13.9200           8     3915.55      6.23      137.95      8.69     -0.0450    0.0374      0.0294    0.0452      0.0000    0.0000      0.0000    0.0000    17905.48   8333.41      -0.333     0.057     10     -1    29.61
    -12.8500           9     3919.94      5.79      124.62      8.31     -0.1053    0.0369      0.0632    0.0479      0.0000    0.0000      0.0000    0.0000    17595.21   4781.87      -0.371     0.059     10     -1    32.27
    -11.7800          10     3918.56      5.63      141.69      7.89     -0.0885    0.0323      0.0516    0.0401      0.0000    0.0000      0.0000    0.0000    18831.65   5397.81      -0.310     0.059     10     -1    35.62
    -10.8900          11     3908.36      6.70      149.39      8.43      0.0008    0.0409      0.0021    0.0393      0.0000    0.0000      0.0000    0.0000    15360.72   6385.93      -0.379     0.072     10     -1    30.80
    -10.1700          12     3914.72      6.20      135.34      8.82     -0.0834    0.0370      0.0479    0.0466      0.0000    0.0000      0.0000    0.0000    15245.39   5266.38      -0.384     0.047     10     -1    32.72
     -9.4600          13     3907.80      5.71      149.31      7.65     -0.0229    0.0325      0.0024    0.0388      0.0000    0.0000      0.0000    0.0000    15277.54   4011.38      -0.330     0.070     10     -1    34.35
     -8.7500          14     3899.08      5.54      150.16      8.13     -0.0559    0.0313      0.0686    0.0373      0.0000    0.0000      0.0000    0.0000    18138.15   6543.90      -0.292     0.055     10     -1    36.78
     -8.0300          15     3890.16      4.87      146.45      7.09     -0.0166    0.0290      0.0624    0.0330      0.0000    0.0000      0.0000    0.0000    18719.00   5434.34      -0.261     0.044     10     -1    39.03
     -7.5000          16     3899.96      6.27      157.73      8.58     -0.0573    0.0342      0.0237    0.0403      0.0000    0.0000      0.0000    0.0000    19999.99      0.00      -0.168     0.041     10     -1    33.96
     -7.1400          17     3892.94      6.27      161.18      8.63     -0.0326    0.0339      0.0422    0.0378      0.0000    0.0000      0.0000    0.0000    18918.46   6290.91      -0.180     0.060     10     -1    34.36
     -6.7800          18     3894.01      6.22      160.80      8.74     -0.0680    0.0328      0.0630    0.0388      0.0000    0.0000      0.0000    0.0000    19243.82   5134.37      -0.195     0.078     10     -1    35.77
     -6.4300          19     3889.80      5.95      165.79      8.47     -0.0400    0.0313      0.0576    0.0355      0.0000    0.0000      0.0000    0.0000    18881.19   6109.06      -0.156     0.049     10     -1    37.74
     -6.0700          20     3896.05      5.94      165.39      8.03     -0.0626    0.0306      0.0332    0.0356      0.0000    0.0000      0.0000    0.0000    18279.54   5848.12      -0.225     0.061     10     -1    38.73
     -5.7100          21     3876.54      6.12      184.97      8.25     -0.0648    0.0284      0.0485    0.0325      0.0000    0.0000      0.0000    0.0000    18992.24   5562.67      -0.154     0.058     10     -1    38.30
     -5.3500          22     3886.01      5.75      191.06      7.22     -0.0266    0.0263      0.0094    0.0294      0.0000    0.0000      0.0000    0.0000    18635.67   5004.82      -0.171     0.051     10     -1    39.62
     -5.0000          23     3886.53      5.63      188.06      7.24     -0.0781    0.0257      0.0281    0.0290      0.0000    0.0000      0.0000    0.0000    18789.37   5137.52      -0.173     0.041     10     -1    43.45
     -4.6400          24     3884.53      5.19      179.17      6.81     -0.0938    0.0243      0.0428    0.0282      0.0000    0.0000      0.0000    0.0000    18665.12   4473.73      -0.177     0.044     10     -1    44.90
     -4.2800          25     3877.70      4.87      178.69      6.33     -0.1101    0.0229      0.0424    0.0262      0.0000    0.0000      0.0000    0.0000    19147.64   4547.58      -0.154     0.034     10     -1    47.36
     -3.9300          26     3878.65      4.47      191.66      5.44     -0.0992    0.0198      0.0221    0.0220      0.0000    0.0000      0.0000    0.0000    19999.99      0.00      -0.070     0.028     10     -1    49.54
     -3.5700          27     3872.04      4.22      195.68      5.30     -0.0895    0.0183      0.0368    0.0207      0.0000    0.0000      0.0000    0.0000    19999.99      0.00      -0.071     0.027     10     -1    53.49
     -3.2100          28     3870.38      4.17      188.92      5.33     -0.1160    0.0183      0.0546    0.0211      0.0000    0.0000      0.0000    0.0000    18663.70   3460.39      -0.122     0.030     10     -1    56.21
     -2.8600          29     3864.88      3.61      181.81      4.99     -0.0895    0.0171      0.0650    0.0198      0.0000    0.0000      0.0000    0.0000    18877.90   3118.65      -0.117     0.035     10     -1    56.81
     -2.5000          30     3853.80      3.61      206.51      4.37     -0.1026    0.0144      0.0354    0.0164      0.0000    0.0000      0.0000    0.0000    19999.99      0.00      -0.033     0.023     10     -1    61.65
     -2.1400          31     3840.41      3.27      205.74      4.01     -0.1005    0.0135      0.0283    0.0151      0.0000    0.0000      0.0000    0.0000    19999.99      0.00      -0.038     0.021     10     -1    63.48
     -1.7800          32     3824.57      3.01      210.64      3.76     -0.0785    0.0122      0.0392    0.0137      0.0000    0.0000      0.0000    0.0000    19999.99      0.00      -0.008     0.020     10     -1    66.54
     -1.4300          33     3804.51      2.90      220.66      3.56     -0.0883    0.0108      0.0371    0.0127      0.0000    0.0000      0.0000    0.0000    19999.99      0.00       0.021     0.016     10     -1    69.69
     -1.0700          34     3783.00      2.73      229.07      3.44     -0.0556    0.0101      0.0238    0.0118      0.0000    0.0000      0.0000    0.0000    19999.99      0.00       0.036     0.016     10     -1    73.52
     -0.7100          35     3748.93      2.74      241.38      3.24     -0.0503    0.0097      0.0120    0.0116      0.0000    0.0000      0.0000    0.0000    19999.99      0.00       0.039     0.015     10     -1    77.27
     -0.3600          36     3720.91      2.69      234.33      3.50      0.0011    0.0100      0.0391    0.0110      0.0000    0.0000      0.0000    0.0000    19999.99      0.00       0.029     0.015     10     -1    80.72
      0.0000          37     3694.62      2.89      240.16      3.14     -0.0483    0.0106     -0.0186    0.0116      0.0000    0.0000      0.0000    0.0000    19999.99      0.00      -0.007     0.018     10     -1    79.70
      0.3600          38     3662.44      2.69      223.32      3.45      0.0025    0.0104      0.0311    0.0116      0.0000    0.0000      0.0000    0.0000    19999.99      0.00       0.036     0.016     10     -1    79.74
      0.7100          39     3641.40      3.08      218.58      3.79     -0.0201    0.0128      0.0200    0.0137      0.0000    0.0000      0.0000    0.0000    19999.99      0.00      -0.038     0.021     10     -1    75.95
      1.0700          40     3627.87      3.12      203.36      4.18      0.0084    0.0134      0.0445    0.0149      0.0000    0.0000      0.0000    0.0000    19999.99      0.00      -0.043     0.021     10     -1    73.40
      1.4300          41     3615.21      3.38      205.82      4.39      0.0173    0.0144      0.0306    0.0157      0.0000    0.0000      0.0000    0.0000    19999.99      0.00      -0.027     0.024     10     -1    66.98
      1.7800          42     3601.99      3.66      196.27      4.99      0.0145    0.0167      0.0339    0.0180      0.0000    0.0000      0.0000    0.0000    19416.23   3207.32      -0.078     0.034     10     -1    65.56
      2.1400          43     3585.04      3.99      190.76      5.54      0.0168    0.0185      0.0498    0.0203      0.0000    0.0000      0.0000    0.0000    18909.61   3752.02      -0.107     0.030     10     -1    62.35
      2.5000          44     3579.96      4.31      188.94      5.80      0.0422    0.0197      0.0442    0.0222      0.0000    0.0000      0.0000    0.0000    19028.10   3999.93      -0.104     0.035     10     -1    56.81
      2.8600          45     3580.24      4.56      183.49      6.62      0.0314    0.0215      0.0745    0.0248      0.0000    0.0000      0.0000    0.0000    18989.21   4371.19      -0.093     0.036     10     -1    54.22
      3.2100          46     3568.60      4.84      187.91      7.13      0.0281    0.0225      0.0772    0.0258      0.0000    0.0000      0.0000    0.0000    19999.99      0.00      -0.069     0.033     10     -1    49.54
      3.5700          47     3573.79      5.26      185.26      6.63      0.0134    0.0255      0.0151    0.0267      0.0000    0.0000      0.0000    0.0000    18837.44   4823.52      -0.174     0.048     10     -1    47.88
      3.9300          48     3575.06      5.49      182.72      7.11      0.0176    0.0265      0.0209    0.0286      0.0000    0.0000      0.0000    0.0000    18774.68   5255.67      -0.191     0.043     10     -1    45.03
      4.2800          49     3561.33      5.64      167.05      7.32      0.0889    0.0279      0.0188    0.0328      0.0000    0.0000      0.0000    0.0000    16373.28   7877.32      -0.185     0.043     10     -1    43.07
      4.6400          50     3567.11      5.96      173.42      7.92      0.0169    0.0301      0.0322    0.0323      0.0000    0.0000      0.0000    0.0000    18520.60   5320.25      -0.177     0.060     10     -1    39.42
      5.0000          51     3546.71      6.25      179.89      8.99      0.0273    0.0304      0.0655    0.0340      0.0000    0.0000      0.0000    0.0000    18468.50   5718.81      -0.084     0.058     10     -1    39.48
      5.3500          52     3557.83      6.51      168.60      9.31      0.0190    0.0337      0.0601    0.0369      0.0000    0.0000      0.0000    0.0000    18486.10   5876.67      -0.161     0.066     10     -1    36.90
      5.8900          53     3563.15      5.08      166.96      5.93     -0.0735    0.0260     -0.0247    0.0285      0.0000    0.0000      0.0000    0.0000    18044.26   5403.36      -0.273     0.053     10     -1    43.07
      6.6000          54     3584.14      6.28      139.68      7.97     -0.1980    0.0348      0.1526    0.0448      0.0000    0.0000      0.0000    0.0000    18132.02   7218.19      -0.384     0.053     10     -1    38.54
      7.3200          55     3538.16      5.80      160.83      7.48      0.0261    0.0302     -0.0069    0.0363      0.0000    0.0000      0.0000    0.0000    15871.11   4728.07      -0.309     0.045     10     -1    35.80
      8.0300          56     3540.69      6.30      157.78      8.77      0.0335    0.0342      0.0394    0.0393      0.0000    0.0000      0.0000    0.0000    18653.02   7328.10      -0.294     0.043     10     -1    34.49
      8.7500          57     3532.84      6.60      157.36      9.20     -0.0074    0.0369      0.0554    0.0381      0.0000    0.0000      0.0000    0.0000    18677.61   7309.53      -0.275     0.050     10     -1    32.78
      9.6400          58     3534.39      5.43      144.30      8.29      0.0088    0.0326      0.0897    0.0376      0.0000    0.0000      0.0000    0.0000    18713.23   5983.70      -0.238     0.039     10     -1    36.70
     10.7100          59     3522.36      6.02      134.47      8.52      0.0327    0.0374      0.0466    0.0425      0.0000    0.0000      0.0000    0.0000    15378.23   5021.49      -0.311     0.072     10     -1    32.50
     11.9600          60     3531.55      5.72      132.20      8.08     -0.0338    0.0361      0.0407    0.0420      0.0000    0.0000      0.0000    0.0000    18862.69   4067.99      -0.368     0.063     10     -1    33.33
     13.3900          61     3518.04      5.86      121.75      8.50      0.0319    0.0396      0.0653    0.0449      0.0000    0.0000      0.0000    0.0000    16182.40   4636.57      -0.353     0.073     10     -1    30.85
     14.9900          62     3510.38      6.03      115.13      8.80      0.0272    0.0431      0.0781    0.0480      0.0000    0.0000      0.0000    0.0000    15606.88   7401.17      -0.396     0.039     10     -1    31.16
     16.9600          63     3517.99      5.57      127.91      7.78      0.0265    0.0360      0.0263    0.0424      0.0000    0.0000      0.0000    0.0000    15012.09   4829.64      -0.308     0.043     10     -1    29.95
     19.1000          64     3520.97      6.11      113.91      8.59     -0.0002    0.0447      0.0618    0.0470      0.0000    0.0000      0.0000    0.0000    14200.14   4443.42      -0.369     0.074     10     -1    28.67
     21.6000          65     3509.05      6.41      135.65      9.41     -0.0126    0.0401      0.0835    0.0429      0.0000    0.0000      0.0000    0.0000    13258.75   4810.22      -0.308     0.065     10     -1    28.17
     24.8100          66     3505.18      5.89      119.07      8.34      0.0204    0.0406      0.0570    0.0451      0.0000    0.0000      0.0000    0.0000    19999.99     -0.00      -0.272     0.037     10     -1    28.30
     28.7400          67     3475.20      5.61      101.37      8.43      0.0491    0.0439      0.0833    0.0534      0.0000    0.0000      0.0000    0.0000    11068.31   2514.98      -0.285     0.074     10     -1    27.67
     33.7400          68     3475.17      4.90       78.93      7.92      0.0749    0.0467      0.0381    0.0685      0.0000    0.0000      0.0000    0.0000     8558.27   1789.75      -0.212     0.076     10     -1    25.84
     44.6200          69     3463.82      5.14       74.77      7.85      0.0560    0.0520      0.0570    0.0680      0.0000    0.0000      0.0000    0.0000    19999.99   2032.30      -0.333     0.083     10     -1    22.58
