      r,"      v_Hbeta      e_V         max_Hb     e_max        sig_Hb     e_sig       v_OIII      e_v        max_OIII_1    e_max       sig_OIII    e_sig   [OIII]/Hbeta  e_oiii_hb     S/N(HB)    S/N(OIII)
    -31.62     3649.08    3.65E+01      273.83   -0.00E+00        0.00    8.84E+00     3272.44    2.31E+01      141.69    4.22E+02        0.00    6.13E+01       -1.00   -1.00E+00        1.38        1.60
    -29.45     4748.78    1.03E+03      269.79   -0.00E+00       36.87    5.80E+02     3772.63    1.52E+08      195.10    4.27E+08        0.00    2.72E+07   -Infinity    Infinity        2.49        1.81
    -28.11     3666.48    1.09E+01      593.25   -0.00E+00        0.00    3.06E+00     3674.30    3.31E+01       41.56    2.01E+01       65.28    4.19E+01       -1.00   -1.00E+00        4.34        1.44
    -26.87     3672.94    9.99E+00      425.53   -0.00E+00        0.00    2.81E+00     3672.48    7.28E+00      392.42   -0.00E+00        0.00    1.18E+00       -1.00   -1.00E+00        5.11        4.72
    -25.71     3636.93    1.22E+01      480.84    2.78E+02       16.65    2.22E+01     3658.43    1.24E+01      497.77    1.77E+03        0.00    4.04E+01   -Infinity    Infinity        4.20        3.89
    -23.63     3691.23    8.21E+01       34.53    1.33E+01      184.30    8.63E+01     3638.56    1.29E+01       75.35    2.08E+01       46.59    1.79E+01        0.17    3.34E-01        1.12        4.38
    -22.93     3700.62   -0.00E+00      235.03   -0.00E+00        0.00   -0.00E+00     3649.36    7.94E+00      269.94    2.64E+02        0.00    2.07E+01       -1.00   -1.00E+00        0.00        5.82
    -21.05     3699.70    2.32E+01      280.08    1.60E+02       40.97    3.41E+01     4043.21   -0.00E+00      172.48   -0.00E+00        0.00   -0.00E+00   -Infinity        -NaN        1.82        0.00
    -17.30     3585.31    2.65E+01      158.77    7.62E+01       53.78    3.58E+01     3658.29    4.54E+01       35.02    1.21E+01      116.53    5.00E+01        0.11    4.29E-01        2.31        1.35
    -15.93     4767.37    4.11E+03      389.62   -0.00E+00       28.71    2.22E+03     3208.41   -0.00E+00       83.86   -0.00E+00        0.00   -0.00E+00   -Infinity        -NaN        1.73        0.00
    -14.99     3598.95    1.78E+01      375.95    1.06E+02       60.76    2.32E+01     3662.59    1.41E+01      203.61    8.59E+01       33.20    2.19E+01       -0.10    3.97E-01        2.91        2.90
     -9.80     3641.52    2.48E+01      661.74   -0.00E+00        0.00    4.22E+00     3673.67    1.57E+01      157.33    2.87E+01       78.37    1.84E+01       -1.00   -1.00E+00        1.69        3.22
     -8.71     3732.10   -0.00E+00      186.20   -0.00E+00        0.00   -0.00E+00     3627.07    1.56E+01      117.80    7.81E+01       20.11    2.69E+01       -1.00   -1.00E+00        0.00        3.06
     -7.92     4692.10    3.09E+02      100.12    1.09E+02       61.94    2.41E+02     3617.58    1.30E+01      124.89    3.04E+01       52.27    1.75E+01        0.46    1.76E+00        1.44        4.34
     -7.39     4409.02    6.38E+01       49.11    4.18E+01       70.60    7.97E+01     3649.91    1.30E+01      101.74    3.87E+01       34.01    1.99E+01        0.43    6.85E-01        1.08        4.60
     -6.89     4707.90   -0.00E+00      197.34   -0.00E+00        0.00   -0.00E+00     3630.32    1.52E+01      114.52    2.25E+01       72.45    1.86E+01       -1.00   -1.00E+00        0.00        4.03
     -6.31     3478.13    2.64E+01      261.76   -0.00E+00        0.00    5.88E+00     3622.32    1.59E+01       81.67    1.70E+01       72.07    1.95E+01       -1.00   -1.00E+00        1.95        3.93
     -5.96     4034.46   -0.00E+00      164.48   -0.00E+00        0.00   -0.00E+00     3646.60    1.42E+01       97.39    2.46E+01       55.16    1.89E+01       -1.00   -1.00E+00        0.00        4.46
     -5.60     3585.25    2.93E+01      284.06   -0.00E+00        0.00    5.95E+00     3653.35    2.02E+01       74.40    9.75E+00      136.69    2.17E+01       -1.00   -1.00E+00        1.87        4.12
     -5.24     3642.20    3.01E+01      151.51    1.66E+02       25.80    4.97E+01     3574.76    1.98E+01       78.30    1.03E+01      133.71    2.13E+01        0.86    9.67E-01        2.17        4.00
     -4.89     3619.31    3.39E+01      114.05    4.85E+01       74.35    4.17E+01     3601.29    1.31E+01      116.01    1.61E+01       86.75    1.53E+01        0.51    3.21E-01        1.92        4.77
     -4.53     3692.21    7.65E+01       60.92    2.32E+01      172.24    8.03E+01     3593.94    1.39E+01      120.23    1.19E+01      125.17    1.51E+01        0.59    2.70E-01        1.28        5.83
     -4.17     3576.81    2.22E+01      308.87   -0.00E+00        0.00    6.57E+00     3588.98    1.50E+01      124.02    1.03E+01      158.34    1.57E+01       -1.00   -1.00E+00        2.57        5.89
     -3.82     3610.84    1.88E+01      260.53    1.27E+02       39.03    2.81E+01     3603.37    1.12E+01      164.10    1.36E+01      120.40    1.22E+01        0.72    3.81E-01        2.56        6.68
     -3.46     3634.47    3.14E+01      152.09    4.18E+01      102.77    3.60E+01     3577.87    1.04E+01      185.72    1.48E+01      117.41    1.14E+01        0.58    2.01E-01        2.52        6.89
     -3.10     3587.85    3.04E+01      179.07    3.28E+01      144.88    3.28E+01     3575.57    1.02E+01      213.02    1.29E+01      149.44    1.08E+01        0.52    1.33E-01        2.99        7.90
     -2.74     3571.09    2.40E+01      233.03    4.06E+01      121.32    2.64E+01     3564.68    9.73E+00      241.11    1.35E+01      153.62    1.02E+01        0.55    1.27E-01        3.86        9.62
     -2.39     3550.44    2.27E+01      293.01    3.52E+01      162.84    2.39E+01     3548.20    9.34E+00      288.40    1.30E+01      180.67    9.63E+00        0.47    8.78E-02        3.52        9.06
     -2.03     3507.17    1.85E+01      397.83    4.15E+01      154.33    1.96E+01     3528.21    7.71E+00      384.69    1.53E+01      170.50    8.00E+00        0.46    7.62E-02        4.48        9.49
     -1.67     3520.64    1.38E+01      592.80    5.27E+01      136.25    1.49E+01     3527.30    5.88E+00      588.58    1.74E+01      175.89    6.08E+00        0.54    6.43E-02        7.14       12.46
     -1.32     3504.27    1.09E+01      861.77    5.96E+01      139.16    1.18E+01     3521.90    5.33E+00      775.69    1.85E+01      196.31    5.45E+00        0.54    5.00E-02        8.03       13.90
     -0.96     3507.93    1.01E+01     1007.37    7.11E+01      126.09    1.10E+01     3525.59    4.86E+00      940.03    2.09E+01      192.58    4.99E+00        0.59    5.09E-02        7.30       12.33
     -0.60     3517.15    9.99E+00     1110.39    6.58E+01      147.64    1.07E+01     3549.80    4.28E+00     1124.38    2.28E+01      186.47    4.39E+00        0.54    4.28E-02        8.86       13.81
     -0.25     3523.32    9.31E+00     1178.81    6.74E+01      143.99    1.00E+01     3548.94    4.26E+00     1148.98    2.24E+01      193.07    4.37E+00        0.55    4.12E-02        7.77       15.04
      0.11     3553.27    9.06E+00     1145.79    6.54E+01      139.87    9.74E+00     3571.34    4.43E+00     1040.63    2.21E+01      184.04    4.56E+00        0.51    4.16E-02        8.14       14.58
      0.47     3573.63    8.67E+00     1071.72    6.92E+01      119.67    9.54E+00     3583.18    4.29E+00      974.27    2.12E+01      176.06    4.46E+00        0.56    4.69E-02       11.80       14.83
      0.83     3600.41    1.02E+01      848.42    5.89E+01      129.29    1.10E+01     3603.11    4.33E+00      854.84    2.06E+01      160.95    4.54E+00        0.53    5.04E-02        9.10       13.47
      1.18     3618.08    1.10E+01      695.57    5.72E+01      119.39    1.22E+01     3606.29    4.46E+00      738.39    1.96E+01      150.76    4.69E+00        0.56    5.96E-02        8.90       15.46
      1.54     3617.01    1.21E+01      586.47    4.92E+01      127.68    1.32E+01     3616.31    5.07E+00      579.94    1.87E+01      141.54    5.39E+00        0.47    6.18E-02        8.19       12.19
      1.90     3627.14    1.43E+01      441.46    5.07E+01      111.77    1.60E+01     3630.56    5.59E+00      481.76    1.69E+01      143.34    5.92E+00        0.58    8.31E-02        5.07       13.35
      2.25     3633.05    2.84E+01      228.20    3.25E+01      171.68    2.98E+01     3647.95    6.91E+00      358.68    1.53E+01      145.01    7.30E+00        0.56    1.02E-01        3.19       10.43
      2.61     3607.05    1.89E+01      277.11    5.83E+01       82.84    2.25E+01     3645.73    8.42E+00      280.99    1.28E+01      163.49    8.81E+00        0.73    1.52E-01        4.25        9.71
      2.97     3609.93    2.64E+01      184.40    4.99E+01       89.05    3.10E+01     3652.22    9.82E+00      223.95    1.18E+01      164.80    1.03E+01        0.78    1.95E-01        3.00        8.81
      3.32     3640.91    3.62E+01      126.28    4.61E+01       90.13    4.25E+01     3632.74    9.21E+00      207.99    1.39E+01      123.70    1.00E+01        0.79    2.63E-01        2.30        7.93
      3.68     3599.89    4.19E+01      102.44    5.14E+01       76.88    5.09E+01     3634.83    9.00E+00      191.64    1.92E+01       83.44    1.06E+01        0.74    3.67E-01        1.65        8.11
      4.04     4213.60   -0.00E+00      174.39   -0.00E+00        0.00   -0.00E+00     3633.51    1.19E+01      136.61    1.52E+01       97.65    1.36E+01       -1.00   -1.00E+00        0.00        5.63
      4.40     3603.88    3.51E+01      119.20    1.05E+02       40.10    5.21E+01     3620.83    1.13E+01      150.86    4.80E+01       35.58    1.71E+01        0.48    7.27E-01        1.80        5.20
      4.75     3528.68    2.61E+01      150.98    9.91E+01       45.33    3.95E+01     3617.03    3.12E+01       51.41    8.73E+00      160.59    3.28E+01        0.51    4.87E-01        2.07        2.78
      5.11     4579.34    5.63E+01      175.74   -0.00E+00        0.00    9.30E+00     3625.88    3.31E+01       45.96    8.34E+00      159.22    3.49E+01       -1.00   -1.00E+00        0.97        2.66
      5.47     3669.70   -0.00E+00      209.52   -0.00E+00        0.00   -0.00E+00     3635.00    3.80E+01       37.36    8.44E+00      147.21    4.04E+01       -1.00   -1.00E+00        0.00        2.21
      6.16     3880.07   -0.00E+00      266.81   -0.00E+00        0.00   -0.00E+00     3621.61    1.18E+01      216.77    1.01E+02       23.06    2.00E+01       -1.00   -1.00E+00        0.00        4.03
      7.28     3612.59    3.42E+01      390.34   -0.00E+00        0.00    5.42E+00     3614.19    2.48E+01       76.81    2.79E+01       65.08    3.15E+01       -1.00   -1.00E+00        1.34        2.14
     11.21     3664.61   -0.00E+00      367.64   -0.00E+00        0.00   -0.00E+00     3611.26    1.66E+01      175.33    4.31E+01       64.46    2.11E+01       -1.00   -1.00E+00        0.00        3.13
     13.53     3643.68    2.39E+01      468.63   -0.00E+00        0.00    7.31E+00     3599.35    3.77E+01       77.99    1.87E+01      137.49    4.06E+01       -1.00   -1.00E+00        1.81        1.65
     15.58     3623.97    2.07E+01      454.10   -0.00E+00        0.00    4.32E+00     3643.33    2.24E+01      542.03   -0.00E+00        0.00    1.52E+01       -1.00   -1.00E+00        2.22        3.60
     17.03     3615.28    2.02E+01      182.27    9.31E+01       40.10    3.00E+01     3630.62    1.23E+01      214.75    3.96E+02        0.00    3.50E+01   -Infinity    Infinity        2.89        3.58
     18.45     3670.49    1.43E+01      407.04   -0.00E+00        0.00    4.62E+00     3614.89    1.79E+01       91.82    4.83E+01       33.95    2.75E+01       -1.00   -1.00E+00        3.23        2.83
     19.25     3567.95    1.78E+01      354.12   -0.00E+00        0.00    3.35E+00     3668.82    4.14E+00      215.44   -0.00E+00        0.00    4.53E+00       -1.00   -1.00E+00        2.14        1.60
     20.10     3676.00    2.67E+01      120.17    3.72E+01       79.99    3.21E+01     3683.47    3.77E+01       32.07    1.72E+01       66.40    4.72E+01       -0.22    4.45E-01        2.31        1.27
     21.06     4368.93    4.73E+01      190.35   -0.00E+00        0.00    6.70E+00     3662.51    2.67E+01       38.28    2.08E+01       48.54    3.67E+01       -1.00   -1.00E+00        0.95        1.86
     21.69     3548.65    2.77E+01       99.13    6.91E+01       40.56    4.14E+01     3120.11    4.70E+01       22.44    9.61E+00      115.26    5.19E+01        0.24    6.01E-01        1.73        1.34
     23.94     3530.54    5.33E+01      104.85    2.42E+01      192.07    5.50E+01     3314.49    5.69E+01       39.82    1.06E+02       16.30    1.02E+02       -1.06    2.96E+00        1.53        0.73
     25.55     4034.46   -0.00E+00      385.87   -0.00E+00        0.00   -0.00E+00     3694.96    1.05E+01      449.00   -0.00E+00        0.00    1.60E+00       -1.00   -1.00E+00        0.00        2.42
     27.49     4674.08    8.38E+01      304.88   -0.00E+00        0.00    7.01E+00     3649.51    1.55E+01      276.83   -0.00E+00        0.00    4.44E+00       -1.00   -1.00E+00        0.99        1.84
     28.38     3623.81    1.90E+01      251.97   -0.00E+00        0.00    4.47E+00     3630.26    9.76E+00      264.59    7.10E+02        0.00    3.69E+01       -1.00   -1.00E+00        2.68        4.39
     29.42     3637.56    1.20E+01      415.31   -0.00E+00        0.00    3.48E+00     3585.33    1.74E+01      102.51    1.49E+02        0.00    3.89E+01       -1.00   -1.00E+00        4.43        2.61
     31.49     2708.95    2.90E+01      359.51   -0.00E+00        0.00    8.93E+00     3704.66    7.56E+01       24.08    7.95E+00      198.94    7.79E+01       -1.00   -1.00E+00        1.47        1.03
     32.55     4591.83    5.85E+01      191.36   -0.00E+00        0.00    7.81E+00     3918.97    6.04E+00      156.84   -0.00E+00        0.00    4.36E+00       -1.00   -1.00E+00        0.96        1.09
     34.26     3512.55    4.80E+01       94.06    3.41E+01      114.90    5.38E+01     3251.88    4.40E+01      138.02    9.66E+02        0.00    8.25E+01   -Infinity    Infinity        1.27        0.96
