#SVE points (r, sigmaR, sigmaZ, sigmaPhi, sigmaMajRestored)
25.1  103.214461412  51.6072307058  83.8840616798  64.6082029
25.2  103.033221572  51.5166107859  83.7211556442  64.487463607
25.3  102.853744214  51.4268721069  83.5597573928  64.3678637038
25.4  102.676022588  51.3380112939  83.3998605079  64.2493985223
25.5  102.500049869  51.2500249347  83.2414585182  64.1320633512
25.6  102.325819162  51.162909581  83.0845448997  64.0158534369
25.7  102.153323497  51.0766617487  82.9291130771  63.9007639842
25.8  101.982555837  50.9912779186  82.7751564245  63.7867901571
25.9  101.813509074  50.9067545369  82.6226682663  63.6739270799
26.0  101.646176032  50.823088016  82.4716418789  63.5621698372
26.1  101.48054947  50.7402747352  82.322070491  63.4515134757
26.2  101.316622082  50.6583110409  82.1739472851  63.3419530041
26.3  101.154386495  50.5771932475  82.0272653981  63.2334833944
26.4  100.993835276  50.4969176379  81.8820179226  63.1260995823
26.5  100.834960928  50.4174804642  81.7381979079  63.0197964682
26.6  100.677755896  50.3388779482  81.5957983607  62.9145689179
26.7  100.522212564  50.2611062819  81.4548122462  62.8104117632
26.8  100.368323257  50.1841616283  81.3152324893  62.7073198029
26.9  100.216080243  50.1080401217  81.1770519753  62.6052878032
27.0  100.065475737  50.0327378686  81.0402635507  62.5043104986
27.1  99.916501896  49.958250948  80.9048600246  62.4043825928
27.2  99.7691508238  49.8845754119  80.7708341694  62.3054987589
27.3  99.6234145725  49.8117072862  80.6381787214  62.2076536408
27.4  99.4792851422  49.7396425711  80.5068863823  62.1108418532
27.5  99.3367544828  49.6683772414  80.3769498197  62.0150579828
27.6  99.1958144949  49.5979072475  80.2483616683  61.9202965887
27.7  99.0564570309  49.5282285155  80.1211145305  61.8265522033
27.8  98.9186738961  49.459336948  79.9952009774  61.7338193329
27.9  98.7824568497  49.3912284248  79.8706135497  61.6420924582
28.0  98.647797606  49.323898803  79.7473447587  61.5513660354
28.1  98.5146878354  49.2573439177  79.625387087  61.4616344961
28.2  98.3831191655  49.1915595828  79.5047329893  61.3728922491
28.3  98.2530831819  49.126541591  79.3853748934  61.2851336797
28.4  98.1245714295  49.0622857148  79.2673052012  61.1983531517
28.5  97.9975754136  48.9987877068  79.150516289  61.1125450069
28.6  97.8720866004  48.9360433002  79.035000509  61.0277035665
28.7  97.7480964187  48.8740482094  78.9207501894  60.9438231314
28.8  97.6255962605  48.8127981303  78.8077576361  60.8608979827
28.9  97.5045774819  48.752288741  78.6960151326  60.7789223829
29.0  97.3850314045  48.6925157022  78.5855149415  60.6978905757
29.1  97.2669493158  48.6334746579  78.4762493048  60.6177967873
29.2  97.150322471  48.5751612355  78.3682104451  60.5386352267
29.3  97.035142093  48.5175710465  78.2613905661  60.4604000864
29.4  96.9213993741  48.460699687  78.1557818534  60.3830855428
29.5  96.8090854766  48.4045427383  78.0513764754  60.306685757
29.6  96.6981915339  48.3490957669  77.9481665841  60.2311948754
29.7  96.5887086512  48.2943543256  77.8461443155  60.1566070301
29.8  96.4806279069  48.2403139535  77.7453017909  60.0829163396
29.9  96.3739403529  48.1869701765  77.6456311172  60.0101169096
30.0  96.268637016  48.134318508  77.5471243876  59.9382028329
30.0  96.268637016  48.134318508  77.5471243876  59.9382028329
30.1  96.1647088986  48.0823544493  77.4497736827  59.8671681906
30.2  96.0621469797  48.0310734898  77.3535710711  59.7970070526
30.3  95.9609422156  47.9804711078  77.2585086098  59.7277134778
30.4  95.861085541  47.9305427705  77.1645783454  59.6592815148
30.5  95.7625678699  47.881283935  77.0717723144  59.5917052027
30.6  95.6653800963  47.8326900481  76.980082544  59.5249785713
30.7  95.5695130949  47.7847565475  76.889501053  59.4590956417
30.8  95.4749577226  47.7374788613  76.8000198522  59.394050427
30.9  95.3817048188  47.6908524094  76.7116309452  59.3298369327
31.0  95.2897452062  47.6448726031  76.624326329  59.2664491572
31.1  95.1990696919  47.599534846  76.538097995  59.2038810923
31.2  95.1096690685  47.5548345342  76.4529379291  59.142126724
31.3  95.0215341141  47.510767057  76.3688381128  59.0811800325
31.4  94.9346555938  47.4673277969  76.2857905236  59.021034993
31.5  94.8490242605  47.4245121302  76.2037871357  58.9616855764
31.6  94.7646308551  47.3823154275  76.1228199207  58.9031257492
31.7  94.681466108  47.340733054  76.0428808483  58.8453494747
31.8  94.5995207395  47.2997603697  75.9639618866  58.7883507129
31.9  94.5187854607  47.2593927304  75.886055003  58.7321234212
32.0  94.4392509743  47.2196254871  75.8091521647  58.6766615551
32.1  94.3609079751  47.1804539876  75.7332453394  58.6219590682
32.2  94.2837471513  47.1418735756  75.6583264958  58.568009913
32.3  94.2077591846  47.1038795923  75.5843876041  58.5148080414
32.4  94.1329347517  47.0664673758  75.5114206369  58.4623474049
32.5  94.0592645241  47.0296322621  75.4394175694  58.4106219552
32.6  93.9867391699  46.993369585  75.3683703802  58.3596256447
32.7  93.9153493536  46.9576746768  75.2982710519  58.3093524268
32.8  93.8450857374  46.9225428687  75.2291115715  58.2597962564
32.9  93.7759389816  46.8879694908  75.1608839311  58.2109510904
33.0  93.7078997457  46.8539498728  75.0935801282  58.1628108883
33.1  93.6409586885  46.8204793442  75.0271921667  58.1153696119
33.2  93.5751064694  46.7875532347  74.9617120569  58.0686212267
33.3  93.5103337487  46.7551668743  74.8971318166  58.0225597017
33.4  93.4466311884  46.7233155942  74.833443471  57.9771790098
33.5  93.3839894531  46.6919947265  74.7706390537  57.9324731286
33.6  93.3223992101  46.6611996051  74.7087106072  57.8884360405
33.7  93.2618511309  46.6309255654  74.647650183  57.8450617331
33.8  93.2023358908  46.6011679454  74.5874498427  57.8023441998
33.9  93.1438441707  46.5719220854  74.5281016578  57.76027744
34.0  93.0863666569  46.5431833285  74.4695977109  57.7188554596
34.1  93.029894042  46.514947021  74.4119300956  57.6780722713
34.2  92.9744170257  46.4872085128  74.3550909176  57.637921895
34.3  92.9199263151  46.4599631575  74.2990722944  57.5983983582
34.4  92.8664126257  46.4332063128  74.2438663565  57.5594956966
34.5  92.8138666817  46.4069333409  74.1894652474  57.5212079538
34.6  92.7622792168  46.3811396084  74.1358611243  57.4835291826
34.7  92.7116409747  46.3558204874  74.0830461585  57.4464534446
34.8  92.6619427098  46.3309713549  74.0310125357  57.4099748107
34.9  92.6131751876  46.3065875938  73.9797524567  57.3740873619
35.0  92.5653291854  46.2826645927  73.9292581377  57.3387851891
35.1  92.5183954931  46.2591977465  73.8795218108  57.3040623938
35.2  92.4723649133  46.2361824566  73.8305357242  57.2699130882
35.3  92.4272282623  46.2136141312  73.782292143  57.2363313957
35.4  92.3829763704  46.1914881852  73.7347833493  57.2033114513
35.5  92.3396000827  46.1698000413  73.6880016429  57.1708474016
35.6  92.2970902592  46.1485451296  73.6419393415  57.1389334056
35.7  92.255437776  46.127718888  73.596588781  57.1075636346
35.8  92.2146335251  46.1073167626  73.5519423162  57.0767322726
35.9  92.1746684156  46.0873342078  73.5079923212  57.0464335169
36.0  92.1355333739  46.0677666869  73.4647311894  57.0166615781
36.1  92.0972193441  46.048609672  73.4221513341  56.9874106807
36.2  92.0597172888  46.0298586444  73.3802451893  56.9586750629
36.3  92.0230181894  46.0115090947  73.3390052093  56.9304489774
36.4  91.9871130468  45.9935565234  73.2984238696  56.9027266917
36.5  91.9519928817  45.9759964409  73.2584936672  56.8755024878
36.6  91.9176487352  45.9588243676  73.2192071208  56.8487706634
36.7  91.8840716693  45.9420358346  73.1805567712  56.8225255312
36.8  91.8512527672  45.9256263836  73.1425351818  56.7967614201
36.9  91.8191831341  45.909591567  73.1051349389  56.7714726747
37.0  91.7878538974  45.8939269487  73.0683486518  56.7466536563
37.1  91.7572562073  45.8786281037  73.0321689536  56.7222987424
37.2  91.7273812372  45.8636906186  72.9965885009  56.6984023276
37.3  91.6982201842  45.8491100921  72.9615999749  56.6749588236
37.4  91.6697642694  45.8348821347  72.9271960809  56.6519626596
37.5  91.6420047385  45.8210023693  72.8933695495  56.6294082823
37.6  91.6149328625  45.8074664312  72.860113136  56.6072901562
37.7  91.5885399373  45.7942699687  72.8274196215  56.5856027643
37.8  91.5628172852  45.7814086426  72.7952818127  56.5643406078
37.9  91.5377562544  45.7688781272  72.7636925424  56.5434982065
38.0  91.5133482199  45.75667411  72.7326446698  56.5230700993
38.1  91.489584584  45.744792292  72.7021310808  56.5030508439
38.2  91.4664567763  45.7332283881  72.6721446881  56.4834350178
38.3  91.4439562543  45.7219781272  72.6426784319  56.4642172178
38.4  91.422074504  45.711037252  72.6137252797  56.4453920605
38.5  91.4008030401  45.70040152  72.5852782268  56.4269541827
38.6  91.3801334062  45.6900667031  72.5573302967  56.4088982415
38.7  91.3600571755  45.6800285877  72.5298745412  56.3912189144
38.8  91.340565951  45.6702829755  72.5029040406  56.3739108996
38.9  91.3216513661  45.6608256831  72.4764119042  56.3569689163
39.0  91.3033050846  45.6516525423  72.4503912703  56.3403877046
39.1  91.2855188012  45.6427594006  72.4248353067  56.3241620264
39.2  91.2682842421  45.6341421211  72.3997372106  56.3082866646
39.3  91.2515931651  45.6257965826  72.3750902093  56.2927564241
39.4  91.2354373599  45.6177186799  72.35088756  56.2775661319
39.5  91.2198086485  45.6099043243  72.3271225504  56.2627106368
39.6  91.2046988859  45.602349443  72.3037884987  56.2481848102
39.7  91.1900999597  45.5950499799  72.2808787537  56.2339835457
39.8  91.1760037912  45.5880018956  72.2583866956  56.2201017598
39.9  91.162402335  45.5812011675  72.2363057354  56.2065343919
40.0  91.14928758  45.57464379  72.2146293159  56.1932764044
40.1  91.1366515492  45.5683257746  72.1933509114  56.1803227827
40.2  91.1244863002  45.5622431501  72.1724640281  56.1676685361
40.3  91.1127839256  45.5563919628  72.1519622042  56.1553086969
40.4  91.1015365531  45.5507682766  72.1318390103  56.1432383215
40.5  91.0907363459  45.545368173  72.1120880493  56.1314524901
40.6  91.0803755031  45.5401877515  72.0927029569  56.1199463069
40.7  91.0704462596  45.5352231298  72.0736774016  56.1087149004
40.8  91.0609408869  45.5304704434  72.0550050849  56.0977534235
40.9  91.051851693  45.5259258465  72.0366797416  56.0870570534
41.0  91.0431710228  45.5215855114  72.0186951399  56.0766209922
41.1  91.0348912583  45.5174456291  72.0010450813  56.0664404667
41.2  91.027004819  45.5135024095  71.9837234014  56.0565107288
41.3  91.0195041621  45.509752081  71.9667239694  56.0468270552
41.4  91.0123817825  45.5061908912  71.9500406889  56.0373847483
41.5  91.0056302135  45.5028151068  71.9336674973  56.0281791354
41.6  90.9992420268  45.4996210134  71.9175983668  56.0192055696
41.7  90.9932098326  45.4966049163  71.9018273038  56.0104594296
41.8  90.9875262802  45.4937631401  71.8863483495  56.0019361197
41.9  90.9821840577  45.4910920289  71.8711555801  55.9936310703
42.0  90.9771758929  45.4885879464  71.8562431065  55.9855397377
42.1  90.9724945529  45.4862472765  71.8416050749  55.9776576044
42.2  90.9681328448  45.4840664224  71.8272356666  55.969980179
42.3  90.9640836154  45.4820418077  71.8131290984  55.9625029966
42.4  90.9603397521  45.4801698761  71.7992796224  55.9552216188
42.5  90.9568941824  45.4784470912  71.7856815266  55.9481316336
42.6  90.9537398745  45.4768699372  71.7723291347  55.9412286558
42.7  90.9508698374  45.4754349187  71.759216806  55.9345083271
42.8  90.9482771212  45.4741385606  71.7463389361  55.9279663159
42.9  90.945954817  45.4729774085  71.7336899566  55.9215983177
43.0  90.9438960575  45.4719480287  71.7212643351  55.915400055
43.1  90.9420940167  45.4710470084  71.7090565759  55.9093672775
43.2  90.9405419106  45.4702709553  71.6970612193  55.9034957624
43.3  90.9392329968  45.4696164984  71.6852728425  55.8977813138
43.4  90.9381605753  45.4690802876  71.673686059  55.8922197638
43.5  90.937317988  45.468658994  71.6622955192  55.8868069715
43.6  90.9366986195  45.4683493097  71.6510959101  55.8815388239
43.7  90.9362958967  45.4681479483  71.6400819557  55.8764112357
43.8  90.9361032893  45.4680516447  71.6292484171  55.8714201493
43.9  90.93611431  45.468057155  71.6185900921  55.8665615348
44.0  90.9363225141  45.4681612571  71.6081018159  55.8618313906
44.1  90.9367215006  45.4683607503  71.5977784608  55.8572257426
44.2  90.9373049112  45.4686524556  71.5876149364  55.8527406452
44.3  90.9380664313  45.4690332157  71.5776061896  55.8483721805
44.4  90.9389997899  45.4694998949  71.5677472046  55.8441164591
44.5  90.9400987595  45.4700493797  71.5580330032  55.8399696197
44.6  90.9413571564  45.4706785782  71.5484586448  55.8359278292
44.7  90.9427688409  45.4713844204  71.5390192261  55.8319872831
44.8  90.9443277171  45.4721638586  71.5297098818  55.828144205
44.9  90.9460277336  45.4730138668  71.5205257839  55.8243948473
45.0  90.9478628828  45.4739314414  71.5114621424  55.8207354905
45.1  90.9498272018  45.4749136009  71.502514205  55.817162444
45.2  90.9519147718  45.4759573859  71.4936772572  55.8136720457
45.3  90.9541197189  45.4770598594  71.4849466225  55.8102606619
45.4  90.9564362134  45.4782181067  71.476317662  55.806924688
45.5  90.9588584707  45.4794292354  71.4677857751  55.8036605477
45.6  90.9613807508  45.4806903754  71.4593463988  55.8004646938
45.7  90.9639973586  45.4819986793  71.4509950084  55.7973336076
45.8  90.9667026439  45.483351322  71.4427271172  55.7942637994
45.9  90.9694910018  45.4847455009  71.4345382763  55.7912518083
46.0  90.9723568721  45.4861784361  71.426424075  55.7882942022
46.1  90.9752947401  45.4876473701  71.4183801409  55.7853875781
46.2  90.9782991362  45.4891495681  71.4104021394  55.7825285616
46.3  90.9813646361  45.4906823181  71.4024857741  55.7797138077
46.4  90.984485861  45.4922429305  71.3946267868  55.7769399999
46.5  90.9876574772  45.4938287386  71.3868209575  55.7742038509
46.6  90.9908741968  45.4954370984  71.3790641041  55.7715021025
46.7  90.9941307773  45.4970653886  71.3713520829  55.7688315253
46.8  90.9974220216  45.4987110108  71.3636807882  55.7661889191
46.9  91.0007427784  45.5003713892  71.3560461525  55.7635711127
47.0  91.004087942  45.502043971  71.3484441464  55.7609749638
47.1  91.0074524523  45.5037262262  71.3408707787  55.7583973593
47.2  91.010831295  45.5054156475  71.3333220964  55.755835215
47.3  91.0142195014  45.5071097507  71.3257941844  55.7532854761
47.4  91.0176121487  45.5088060744  71.3182831659  55.7507451164
47.5  91.0210043599  45.5105021799  71.3107852021  55.7482111391
47.6  91.0243913036  45.5121956518  71.3032964923  55.7456805763
47.7  91.0277681944  45.5138840972  71.2958132738  55.7431504891
47.8  91.0311302927  45.5155651463  71.2883318221  55.7406179677
47.9  91.0344729047  45.5172364524  71.2808484504  55.7380801315
48.0  91.0377913826  45.5188956913  71.2733595103  55.7355341286
48.1  91.0410811242  45.5205405621  71.2658613909  55.7329771363
48.2  91.0443375734  45.5221687867  71.2583505196  55.7304063609
48.3  91.0475562197  45.5237781099  71.2508233614  55.7278190376
48.4  91.0507325988  45.5253662994  71.2432764194  55.7252124305
48.5  91.053862292  45.526931146  71.2357062342  55.722583833
48.6  91.0569409263  45.5284704632  71.2281093845  55.7199305669
48.7  91.059964175  45.5299820875  71.2204824866  55.7172499832
48.8  91.0629277567  45.5314638784  71.2128221944  55.7145394618
48.9  91.0658274361  45.532913718  71.2051251995  55.7117964113
49.0  91.0686590235  45.5343295118  71.1973882311  55.7090182693
49.1  91.0714183751  45.5357091875  71.189608056  55.7062025019
49.2  91.0741013926  45.5370506963  71.1817814785  55.7033466043
49.3  91.0767040237  45.5383520118  71.1739053401  55.7004481001
49.4  91.0792222613  45.5396111307  71.16597652  55.697504542
49.5  91.0816521444  45.5408260722  71.1579919345  55.6945135109
49.6  91.0839897573  45.5419948787  71.1499485373  55.6914726166
49.7  91.0862312299  45.5431156149  71.1418433191  55.6883794974
49.8  91.0883727375  45.5441863688  71.133673308  55.6852318202
49.9  91.0904105011  45.5452052505  71.125435569  55.6820272804
50.0  91.0923407868  45.5461703934  71.1171272041  55.6787636016
50.1  91.0941599063  45.5470799531  71.1087453522  55.6754385362
50.2  91.0958642164  45.5479321082  71.1002871893  55.6720498648
50.3  91.0974501194  45.5487250597  71.0917499279  55.6685953961
50.4  91.0989140625  45.5494570312  71.0831308173  55.6650729675
50.5  91.1002525381  45.550126269  71.0744271436  55.6614804442
50.6  91.1014620838  45.5507310419  71.0656362291  55.6578157198
50.7  91.102539282  45.551269641  71.0567554329  55.654076716
50.8  91.1034807602  45.5517403801  71.0477821504  55.6502613825
50.9  91.1042831906  45.5521415953  71.0387138133  55.646367697
51.0  91.1049432903  45.5524716451  71.0295478894  55.6423936651
51.1  91.105457821  45.5527289105  71.0202818829  55.6383373203
51.2  91.1058235892  45.5529117946  71.0109133337  55.6341967241
51.3  91.1060374456  45.5530187228  71.001439818  55.6299699654
51.4  91.1060962858  45.5530481429  70.9918589476  55.6256551612
51.5  91.1059970494  45.5529985247  70.9821683703  55.6212504558
51.6  91.1057367206  45.5528683603  70.9723657693  55.6167540212
51.7  91.1053123275  45.5526561638  70.9624488636  55.612164057
51.8  91.1047209426  45.5523604713  70.9524154076  55.60747879
51.9  91.1039596822  45.5519798411  70.9422631911  55.6026964746
52.0  91.1030257066  45.5515128533  70.9319900391  55.5978153922
52.1  91.1019162199  45.55095811  70.9215938118  55.5928338518
52.2  91.10062847  45.550314235  70.9110724046  55.5877501891
52.3  91.0991597483  45.5495798741  70.9004237476  55.5825627673
52.4  91.0975073897  45.5487536948  70.889645806  55.5772699762
52.5  91.0956687726  45.5478343863  70.8787365795  55.5718702328
52.6  91.0936413188  45.5468206594  70.8676941028  55.5663619809
52.7  91.0914224929  45.5457112465  70.8565164446  55.5607436908
52.8  91.089009803  45.5445049015  70.8452017085  55.5550138598
52.9  91.0864007999  45.5432003999  70.8337480321  55.5491710116
53.0  91.0835930773  45.5417965386  70.8221535872  55.5432136965
53.1  91.0805842716  45.5402921358  70.8104165798  55.5371404912
53.2  91.0773720619  45.5386860309  70.7985352496  55.5309499986
53.3  91.0739541696  45.5369770848  70.7865078704  55.5246408481
53.4  91.0703283586  45.5351641793  70.7743327494  55.5182116951
53.5  91.066492435  45.5332462175  70.7620082275  55.5116612211
53.6  91.0624442469  45.5312221235  70.7495326792  55.5049881337
53.7  91.0581816844  45.5290908422  70.736904512  55.4981911662
53.8  91.0537026795  45.5268513397  70.7241221668  55.4912690778
53.9  91.0490052058  45.5245026029  70.7111841175  55.4842206535
54.0  91.0440872784  45.5220436392  70.698088871  55.4770447037
54.1  91.0389469541  45.5194734771  70.6848349669  55.4697400646
54.2  91.0335823307  45.5167911654  70.6714209775  55.4623055976
54.3  91.0279915472  45.5139957736  70.6578455076  55.4547401896
54.4  91.0221727837  45.5110863918  70.6441071946  55.4470427525
54.5  91.0161242609  45.5080621305  70.6302047078  55.4392122235
54.6  91.0098442405  45.5049221203  70.6161367489  55.4312475649
54.7  91.0033310246  45.5016655123  70.6019020515  55.4231477637
54.8  90.9965829557  45.4982914779  70.5874993812  55.4149118319
54.9  90.9895984166  45.4947992083  70.5729275349  55.4065388062
55.0  90.98237583  45.491187915  70.5581853416  55.398027748
55.1  90.9749136589  45.4874568294  70.5432716614  55.3893777429
55.2  90.9672104057  45.4836052029  70.5281853856  55.3805879013
55.3  90.9592646127  45.4796323063  70.5129254369  55.3716573577
55.4  90.9510748615  45.4755374307  70.4974907688  55.3625852708
55.5  90.942639773  45.4713198865  70.4818803657  55.3533708235
55.6  90.9339580075  45.4669790037  70.4660932428  55.3440132225
55.7  90.9250282638  45.4625141319  70.4501284456  55.3345116986
55.8  90.9158492799  45.45792464  70.4339850502  55.3248655061
55.9  90.9064198323  45.4532099162  70.4176621629  55.3150739231
56.0  90.8967387359  45.448369368  70.4011589201  55.3051362513
56.1  90.886804844  45.443402422  70.3844744881  55.2950518157
56.2  90.876617048  45.438308524  70.3676080629  55.2848199646
56.3  90.8661742773  45.4330871386  70.3505588704  55.2744400695
56.4  90.8554754988  45.4277377494  70.3333261657  55.2639115252
56.5  90.8445197173  45.4222598586  70.3159092333  55.2532337491
56.6  90.8333059749  45.4166529875  70.298307387  55.2424061817
56.7  90.821833351  45.4109166755  70.2805199694  55.2314282861
56.8  90.810100962  45.405050481  70.2625463521  55.2202995481
56.9  90.7981079612  45.3990539806  70.2443859352  55.2090194759
57.0  90.7858535386  45.3929267693  70.2260381476  55.1975876002
57.1  90.7733369205  45.3866684603  70.2075024464  55.1860034737
57.2  90.76055737  45.380278685  70.1887783168  55.1742666715
57.3  90.7475141858  45.3737570929  70.1698652722  55.1623767906
57.4  90.7342067029  45.3671033514  70.1507628538  55.1503334498
57.5  90.7206342919  45.3603171459  70.1314706306  55.1381362898
57.6  90.706796359  45.3533981795  70.111988199  55.1257849728
57.7  90.6926923458  45.3463461729  70.0923151829  55.1132791825
57.8  90.6783217291  45.3391608645  70.0724512333  55.1006186242
57.9  90.6636840206  45.3318420103  70.0523960283  55.0878030243
58.0  90.6487787668  45.3243893834  70.0321492729  55.0748321302
58.1  90.6336055488  45.3168027744  70.0117106988  55.0617057106
58.2  90.6181639822  45.3090819911  69.9910800642  55.0484235549
58.3  90.6024537167  45.3012268583  69.9702571537  55.0349854731
58.4  90.5864744359  45.293237218  69.9492417781  55.0213912963
58.5  90.5702258574  45.2851129287  69.928033774  55.0076408755
58.6  90.5537077323  45.2768538661  69.9066330043  54.9937340824
58.7  90.5369198449  45.2684599225  69.8850393572  54.979670809
58.8  90.5198620131  45.2599310065  69.8632527465  54.9654509671
58.9  90.5025340874  45.2512670437  69.8412731115  54.9510744888
59.0  90.4849359511  45.2424679756  69.8191004163  54.9365413257
59.1  90.4670675204  45.2335337602  69.7967346504  54.9218514493
59.2  90.4489287435  45.2244643718  69.7741758277  54.9070048508
59.3  90.430519601  45.2152598005  69.7514239871  54.8920015404
59.4  90.4118401051  45.2059200525  69.7284791917  54.8768415481
59.5  90.3928903001  45.19644515  69.7053415289  54.8615249228
59.6  90.3736702616  45.1868351308  69.6820111104  54.8460517324
59.7  90.3541800965  45.1770900482  69.6584880715  54.8304220638
59.8  90.3344199429  45.1672099715  69.6347725715  54.8146360226
59.9  90.3143899698  45.1571949849  69.6108647931  54.798693733
60.0  90.2940903767  45.1470451883  69.5867649424  54.7825953379
60.0  90.2940903767  45.1470451883  69.5867649424  54.7825953379
60.1  90.2735213936  45.1367606968  69.5624732489  54.7663409982
60.2  90.2526832807  45.1263416404  69.5379899649  54.7499308933
60.3  90.2315763283  45.1157881642  69.5133153655  54.7333652206
60.4  90.2102008565  45.1051004283  69.4884497487  54.7166441953
60.5  90.1885572149  45.0942786075  69.4633934348  54.6997680505
60.6  90.1666457824  45.0833228912  69.4381467663  54.6827370371
60.7  90.1444669671  45.0722334835  69.4127101081  54.6655514233
60.8  90.122021206  45.061010603  69.3870838467  54.6482114947
60.9  90.0993089648  45.0496544824  69.3612683907  54.6307175543
61.0  90.0763307377  45.0381653688  69.3352641699  54.6130699221
61.1  90.053087047  45.0265435235  69.3090716357  54.595268935
61.2  90.0295784432  45.0147892216  69.2826912606  54.5773149467
61.3  90.0058055044  45.0029027522  69.2561235383  54.5592083277
61.4  89.9817688364  44.9908844182  69.229368983  54.5409494651
61.5  89.9574690724  44.9787345362  69.2024281297  54.5225387621
61.6  89.9329068725  44.9664534363  69.175301534  54.5039766384
61.7  89.9080829239  44.954041462  69.1479897715  54.4852635298
61.8  89.8829979403  44.9414989702  69.120493438  54.4663998878
61.9  89.857652662  44.928826331  69.0928131492  54.4473861801
62.0  89.8320478553  44.9160239276  69.0649495406  54.4282228898
62.1  89.8061843126  44.9030921563  69.036903267  54.4089105156
62.2  89.780062852  44.890031426  69.0086750028  54.3894495717
62.3  89.7536843173  44.8768421586  68.9802654412  54.3698405874
62.4  89.7270495772  44.8635247886  68.9516752947  54.3500841072
62.5  89.7001595259  44.8500797629  68.9229052945  54.3301806905
62.6  89.673015082  44.836507541  68.8939561902  54.3101309115
62.7  89.645617189  44.8228085945  68.8648287499  54.2899353593
62.8  89.6179668145  44.8089834073  68.8355237601  54.2695946371
62.9  89.5900649506  44.7950324753  68.806042025  54.2491093628
63.0  89.5619126129  44.7809563065  68.7763843667  54.2284801685
63.1  89.5335108409  44.7667554205  68.7465516253  54.2077077003
63.2  89.5048606974  44.7524303487  68.7165446578  54.1867926182
63.3  89.4759632684  44.7379816342  68.6863643389  54.1657355962
63.4  89.446819663  44.7234098315  68.6560115602  54.1445373218
63.5  89.4174310128  44.7087155064  68.6254872303  54.1231984961
63.6  89.387798472  44.693899236  68.5947922742  54.1017198333
63.7  89.3579232171  44.6789616085  68.5639276338  54.0801020612
63.8  89.3278064465  44.6639032233  68.5328942671  54.0583459204
63.9  89.2974493805  44.6487246902  68.5016931483  54.0364521646
64.0  89.2668532608  44.6334266304  68.4703252676  54.01442156
64.1  89.2360193506  44.6180096753  68.4387916308  53.9922548858
64.2  89.204948934  44.602474467  68.4070932594  53.9699529333
64.3  89.173643316  44.586821658  68.3752311902  53.9475165065
64.4  89.1421038221  44.5710519111  68.3432064752  53.9249464214
64.5  89.1103317983  44.5551658992  68.3110201815  53.902243506
64.6  89.0783286107  44.5391643054  68.278673391  53.8794086003
64.7  89.0460956453  44.5230478226  68.2461672  53.856442556
64.8  89.0136343075  44.5068171537  68.2135027196  53.8333462364
64.9  88.9809460224  44.4904730112  68.1806810747  53.8101205163
65.0  88.9480322342  44.4740161171  68.1477034047  53.7867662817
65.1  88.914894406  44.457447203  68.1145708626  53.76328443
65.2  88.8815340196  44.4407670098  68.0812846151  53.7396758694
65.3  88.8479525751  44.4239762876  68.0478458426  53.715941519
65.4  88.8141515912  44.4070757956  68.0142557384  53.6920823086
65.5  88.7801326041  44.3900663021  67.9805155094  53.6680991788
65.6  88.7458971682  44.3729485841  67.9466263751  53.6439930804
65.7  88.7114468551  44.3557234276  67.9125895677  53.6197649745
65.8  88.6767832538  44.3383916269  67.8784063323  53.5954158324
65.9  88.6419079701  44.3209539851  67.844077926  53.5709466355
66.0  88.606822627  44.3034113135  67.8096056182  53.5463583748
66.1  88.5715288637  44.2857644318  67.7749906903  53.5216520512
66.2  88.5360283358  44.2680141679  67.7402344356  53.496828675
66.3  88.500322715  44.2501613575  67.7053381589  53.4718892661
66.4  88.4644136888  44.2322068444  67.6703031764  53.4468348535
66.5  88.4283029604  44.2141514802  67.6351308156  53.4216664753
66.6  88.3919922483  44.1959961241  67.5998224151  53.3963851788
66.7  88.355483286  44.177741643  67.5643793242  53.3709920199
66.8  88.318777822  44.159388911  67.528802903  53.3454880631
66.9  88.2818776195  44.1409388097  67.4930945222  53.3198743818
67.0  88.2447844559  44.1223922279  67.4572555627  53.2941520574
67.1  88.207500123  44.1037500615  67.4212874154  53.2683221798
67.2  88.1700264264  44.0850132132  67.3851914813  53.2423858469
67.3  88.1323651854  44.0661825927  67.3489691713  53.2163441645
67.4  88.0945182329  44.0472591164  67.3126219055  53.1901982464
67.5  88.0564874147  44.0282437073  67.2761511136  53.1639492138
67.6  88.0182745899  44.009137295  67.2395582346  53.1375981957
67.7  87.9798816303  43.9899408151  67.2028447163  53.1111463283
67.8  87.94131042  43.97065521  67.1660120156  53.084594755
67.9  87.9025628555  43.9512814278  67.1290615977  53.0579446264
68.0  87.8636408456  43.9318204228  67.0919949366  53.0311971
68.1  87.8245463104  43.9122731552  67.0548135145  53.0043533402
68.2  87.7852811819  43.892640591  67.0175188215  52.9774145179
68.3  87.7458474035  43.8729237017  66.980112356  52.9503818106
68.4  87.7062469294  43.8531234647  66.9425956237  52.9232564023
68.5  87.6664817249  43.8332408625  66.9049701384  52.8960394829
68.6  87.6265537659  43.8132768829  66.8672374208  52.8687322488
68.7  87.5864650385  43.7932325193  66.829398999  52.841335902
68.8  87.5462175393  43.7731087697  66.7914564081  52.8138516506
68.9  87.5058132747  43.7529066373  66.7534111902  52.7862807081
69.0  87.4652542605  43.7326271303  66.7152648938  52.7586242937
69.1  87.4245425225  43.7122712612  66.6770190741  52.730883632
69.2  87.3836800952  43.6918400476  66.6386752924  52.7030599527
69.3  87.3426690226  43.6713345113  66.6002351163  52.6751544908
69.4  87.3015113571  43.6507556786  66.5617001194  52.6471684861
69.5  87.2602091598  43.6301045799  66.5230718809  52.6191031833
69.6  87.2187645002  43.6093822501  66.4843519857  52.5909598317
69.7  87.1771794556  43.5885897278  66.4455420241  52.5627396854
69.8  87.1354561114  43.5677280557  66.4066435917  52.5344440026
69.9  87.0935965605  43.5467982803  66.3676582891  52.5060740459
70.0  87.0516029034  43.5258014517  66.3285877218  52.4776310822
70.1  87.0094772475  43.5047386237  66.2894335002  52.4491163821
70.2  86.9672217072  43.4836108536  66.250197239  52.4205312202
70.3  86.9248384038  43.4624192019  66.2108805573  52.391876875
70.4  86.8823294649  43.4411647324  66.1714850787  52.3631546282
70.5  86.8396970243  43.4198485122  66.1320124305  52.3343657653
70.6  86.7969432222  43.3984716111  66.0924642441  52.305511575
70.7  86.7540702042  43.3770351021  66.0528421544  52.2765933491
70.8  86.7110801217  43.3555400608  66.0131477999  52.2476123825
70.9  86.6679751314  43.3339875657  65.9733828226  52.2185699731
71.0  86.6247573951  43.3123786976  65.9335488674  52.1894674214
71.1  86.5814290797  43.2907145399  65.8936475825  52.1603060307
71.2  86.5379923566  43.2689961783  65.8536806186  52.1310871067
71.3  86.4944494018  43.2472247009  65.8136496295  52.1018119576
71.4  86.4508023954  43.2254011977  65.7735562712  52.0724818937
71.5  86.4070535217  43.2035267608  65.7334022021  52.0430982276
71.6  86.3632049687  43.1816024844  65.6931890829  52.0136622736
71.7  86.3192589281  43.1596294641  65.6529185762  51.9841753481
71.8  86.2752175949  43.1376087975  65.6125923464  51.9546387692
71.9  86.2310831673  43.1155415837  65.5722120598  51.9250538564
72.0  86.1868578464  43.0934289232  65.531779384  51.8954219308
72.1  86.142543836  43.071271918  65.491295988  51.8657443148
72.2  86.0981433425  43.0490716712  65.4507635421  51.8360223321
72.3  86.0536585746  43.0268292873  65.4101837176  51.8062573073
72.4  86.0090917429  43.0045458714  65.3695581866  51.7764505661
72.5  85.9644450601  42.9822225301  65.3288886219  51.7466034348
72.6  85.9197207405  42.9598603702  65.2881766969  51.7167172405
72.7  85.8749209997  42.9374604999  65.2474240855  51.6867933111
72.8  85.8300480547  42.9150240273  65.2066324616  51.6568329745
72.9  85.7851041234  42.8925520617  65.1658034994  51.6268375593
73.0  85.7400914246  42.8700457123  65.1249388729  51.596808394
73.1  85.6950121777  42.8475060888  65.0840402558  51.5667468073
73.2  85.6498686024  42.8249343012  65.0431093215  51.5366541278
73.3  85.6046629186  42.8023314593  65.002147743  51.5065316839
73.4  85.5593973464  42.7796986732  64.9611571923  51.4763808037
73.5  85.5140741053  42.7570370527  64.9201393407  51.446202815
73.6  85.4686954147  42.7343477074  64.8790958584  51.4159990447
73.7  85.4232634932  42.7116317466  64.8380284147  51.3857708194
73.8  85.3777805586  42.6888902793  64.7969386771  51.3555194647
73.9  85.3322488277  42.6661244138  64.7558283122  51.3252463053
74.0  85.2866705159  42.643335258  64.7146989846  51.2949526649
74.1  85.2410478374  42.6205239187  64.6735523572  51.264639866
74.2  85.1953830045  42.5976915022  64.6323900911  51.2343092298
74.3  85.1496782278  42.5748391139  64.5912138452  51.2039620761
74.4  85.1039357159  42.5519678579  64.5500252764  51.1735997234
74.5  85.058157675  42.5290788375  64.5088260389  51.1432234883
74.6  85.012346309  42.5061731545  64.4676177847  51.1128346857
74.7  84.9665038192  42.4832519096  64.426402163  51.0824346287
74.8  84.9206324039  42.460316202  64.3851808203  51.0520246284
74.9  84.8747342586  42.4373671293  64.3439554002  51.0216059939
75.0  84.8288115753  42.4144057876  64.302727543  50.9911800318
75.1  84.7828665429  42.3914332714  64.261498886  50.9607480468
75.2  84.7369013464  42.3684506732  64.2202710631  50.9303113408
75.3  84.6909181674  42.3454590837  64.1790457045  50.8998712133
75.4  84.6449191831  42.3224595915  64.1378244372  50.8694289611
75.5  84.5989065668  42.2994532834  64.0966088839  50.8389858782
75.6  84.5528824874  42.2764412437  64.0554006637  50.808543256
75.7  84.5068491092  42.2534245546  64.0142013916  50.7781023824
75.8  84.4608085919  42.2304042959  63.9730126783  50.7476645426
75.9  84.4147630901  42.207381545  63.9318361303  50.7172310184
76.0  84.3687147534  42.1843573767  63.8906733496  50.6868030884
76.1  84.3226657263  42.1613328631  63.8495259336  50.6563820277
76.2  84.2766181475  42.1383090738  63.8083954749  50.6259691078
76.3  84.2305741504  42.1152870752  63.7672835613  50.5955655967
76.4  84.1845358623  42.0922679312  63.7261917756  50.5651727585
76.5  84.1385054048  42.0692527024  63.6851216956  50.5347918536
76.6  84.092484893  42.0462424465  63.6440748935  50.5044241384
76.7  84.0464764359  42.0232382179  63.6030529366  50.4740708651
76.8  84.0004821358  42.0002410679  63.5620573863  50.4437332818
76.9  83.9545040886  41.9772520443  63.5210897984  50.4134126326
77.0  83.9085443829  41.9542721914  63.4801517232  50.3831101568
77.1  83.8626051006  41.9313025503  63.4392447049  50.3528270895
77.2  83.8166883162  41.9083441581  63.3983702816  50.3225646612
77.3  83.770796097  41.8853980485  63.3575299855  50.2923240977
77.4  83.7249305025  41.8624652513  63.3167253424  50.2621066199
77.5  83.6790935847  41.8395467923  63.2759578718  50.231913444
77.6  83.6332873876  41.8166436938  63.2352290865  50.2017457813
77.7  83.5875139471  41.7937569736  63.1945404929  50.1716048379
77.8  83.5417752911  41.7708876455  63.1538935905  50.1414918146
77.9  83.4960734388  41.7480367194  63.1132898721  50.1114079072
78.0  83.4504104011  41.7252052006  63.0727308233  50.0813543062
78.1  83.4047881802  41.7023940901  63.0322179228  50.0513321963
78.2  83.3592087692  41.6796043846  62.991752642  50.0213427569
78.3  83.3136741525  41.6568370762  62.951336445  49.9913871618
78.4  83.268186305  41.6340931525  62.9109707884  49.9614665791
78.5  83.2227471925  41.6113735963  62.8706571213  49.9315821708
78.6  83.1773587713  41.5886793856  62.8303968852  49.9017350933
78.7  83.1320229878  41.5660114939  62.7901915135  49.8719264969
78.8  83.0867417789  41.5433708894  62.7500424322  49.8421575257
78.9  83.0415170714  41.5207585357  62.709951059  49.8124293179
79.0  82.9963507819  41.498175391  62.6699188034  49.7827430051
79.1  82.9512448171  41.4756224085  62.629947067  49.7530997128
79.2  82.9062010729  41.4531005364  62.5900372428  49.72350056
79.3  82.8612214348  41.4306107174  62.5501907156  49.6939466592
79.4  82.8163077777  41.4081538889  62.5104088615  49.664439116
79.5  82.7714619656  41.3857309828  62.4706930479  49.6349790298
79.6  82.7266858514  41.3633429257  62.4310446338  49.6055674929
79.7  82.6819812771  41.3409906385  62.391464969  49.5762055909
79.8  82.6373500732  41.3186750366  62.3519553945  49.5468944022
79.9  82.5927940589  41.2963970295  62.3125172424  49.5176349984
80.0  82.548315042  41.274157521  62.2731518353  49.4884284441
80.1  82.5039148183  41.2519574091  62.233860487  49.4592757964
80.2  82.459595172  41.229797586  62.1946445017  49.4301781054
80.3  82.4153578754  41.2076789377  62.1555051742  49.4011364137
80.4  82.3712046886  41.1856023443  62.1164437898  49.3721517566
80.5  82.3271373594  41.1635686797  62.0774616242  49.3432251618
80.6  82.2831576234  41.1415788117  62.0385599433  49.3143576496
80.7  82.2392672036  41.1196336018  61.9997400034  49.2855502324
80.8  82.1954678105  41.0977339053  61.9610030507  49.2568039151
80.9  82.1517611419  41.0758805709  61.9223503215  49.2281196946
81.0  82.1081488825  41.0540744413  61.8837830419  49.1994985602
81.1  82.0646327043  41.0323163522  61.8453024282  49.170941493
81.2  82.021214266  41.010607133  61.806909686  49.1424494663
81.3  81.977895213  40.9889476065  61.7686060108  49.1140234452
81.4  81.9346771777  40.9673385888  61.7303925877  49.0856643866
81.5  81.8915617786  40.9457808893  61.6922705912  49.0573732392
81.6  81.8485506208  40.9242753104  61.6542411852  49.0291509437
81.7  81.8056452958  40.9028226479  61.6163055231  49.0009984319
81.8  81.762847381  40.8814236905  61.5784647474  48.9729166277
81.9  81.7201584401  40.8600792201  61.5407199898  48.9449064462
82.0  81.6775800227  40.8387900114  61.503072371  48.9169687941
82.1  81.6351136642  40.8175568321  61.4655230008  48.8891045693
82.2  81.5927608856  40.7963804428  61.4280729781  48.8613146612
82.3  81.5505231937  40.7752615969  61.3907233904  48.8335999505
82.4  81.5084020807  40.7542010404  61.353475314  48.8059613088
82.5  81.4663990243  40.7331995122  61.316329814  48.7783995991
82.6  81.4245154874  40.7122577437  61.2792879443  48.7509156754
82.7  81.3827529182  40.6913764591  61.242350747  48.7235103827
82.8  81.3411127497  40.6705563748  61.2055192529  48.6961845569
82.9  81.2995964002  40.6497982001  61.1687944812  48.6689390249
83.0  81.2582052729  40.6291026364  61.1321774395  48.6417746045
83.1  81.2169407555  40.6084703777  61.0956691236  48.6146921039
83.2  81.1758042206  40.5879021103  61.0592705176  48.5876923226
83.3  81.1347970253  40.5673985127  61.0229825937  48.5607760503
83.4  81.0939205114  40.5469602557  60.9868063122  48.5339440675
83.5  81.0531760049  40.5265880025  60.9507426214  48.5071971453
83.6  81.0125648162  40.5062824081  60.9147924576  48.4805360453
83.7  80.9720882398  40.4860441199  60.8789567451  48.4539615194
83.8  80.9317475545  40.4658737772  60.8432363957  48.4274743103
83.9  80.891544023  40.4457720115  60.8076323094  48.4010751505
84.0  80.8514788922  40.4257394461  60.7721453737  48.3747647634
84.1  80.8115533927  40.4057766963  60.7367764638  48.3485438622
84.2  80.7717687388  40.3858843694  60.7015264424  48.3224131506
84.3  80.7321261288  40.3660630644  60.66639616  48.2963733224
84.4  80.6926267442  40.3463133721  60.6313864544  48.2704250614
84.5  80.6532717506  40.3266358753  60.5964981509  48.2445690417
84.6  80.6140622966  40.3070311483  60.5617320622  48.2188059273
84.7  80.5749995145  40.2874997572  60.5270889883  48.1931363721
84.8  80.5360845197  40.2680422599  60.4925697166  48.1675610203
84.9  80.4973184111  40.2486592055  60.4581750217  48.1420805056
85.0  80.4587022704  40.2293511352  60.4239056652  48.1166954518
85.1  80.4202371629  40.2101185814  60.3897623962  48.0914064725
85.2  80.3819241364  40.1909620682  60.3557459506  48.0662141711
85.3  80.3437642222  40.1718821111  60.3218570515  48.0411191407
85.4  80.3057584341  40.152879217  60.288096409  48.0161219641
85.5  80.2679077689  40.1339538844  60.2544647201  47.991223214
85.6  80.2302132061  40.115106603  60.2209626689  47.9664234525
85.7  80.192675708  40.096337854  60.1875909262  47.9417232313
85.8  80.1552962195  40.0776481097  60.1543501497  47.9171230918
85.9  80.1180756681  40.059037834  60.121240984  47.892623565
86.0  80.0810149638  40.0405074819  60.0882640604  47.8682251712
86.1  80.0441149991  40.0220574995  60.0554199968  47.8439284204
86.2  80.0073766489  40.0036883244  60.0227093981  47.8197338119
86.3  79.9708007705  39.9854003852  59.9901328556  47.7956418345
86.4  79.9343882035  39.9671941017  59.9576909474  47.7716529663
86.5  79.8981397696  39.9490698848  59.9253842381  47.7477676749
86.6  79.8620562731  39.9310281365  59.893213279  47.7239864172
86.7  79.8261385  39.91306925  59.8611786077  47.7003096393
86.8  79.7903872188  39.8951936094  59.8292807486  47.6767377767
86.9  79.7548031798  39.8774015899  59.7975202124  47.653271254
87.0  79.7193871154  39.8596935577  59.7658974963  47.6299104854
87.1  79.6841397401  39.8420698701  59.7344130839  47.6066558739
87.2  79.6490617502  39.8245308751  59.7030674453  47.5835078119
87.3  79.614153824  39.807076912  59.6718610368  47.560466681
87.4  79.5794166216  39.7897083108  59.6407943014  47.5375328519
87.5  79.5448507849  39.7724253925  59.6098676679  47.5147066843
87.6  79.5104569377  39.7552284689  59.5790815521  47.4919885272
87.7  79.4762356855  39.7381178427  59.5484363554  47.4693787187
87.8  79.4421876154  39.7210938077  59.517932466  47.4468775859
87.9  79.4083132965  39.7041566482  59.4875702582  47.4244854449
88.0  79.3746132792  39.6873066396  59.4573500924  47.4022026009
88.1  79.3410880958  39.6705440479  59.4272723154  47.3800293483
88.2  79.3077382602  39.6538691301  59.3973372602  47.3579659704
88.3  79.2745642677  39.6372821338  59.3675452459  47.3360127393
88.4  79.2415665953  39.6207832976  59.337896578  47.3141699164
88.5  79.2087457015  39.6043728507  59.3083915479  47.2924377519
88.6  79.1761020263  39.5880510132  59.2790304335  47.2708164852
88.7  79.1436359913  39.5718179957  59.2498134985  47.2493063443
88.8  79.1113479994  39.5556739997  59.220740993  47.2279075465
88.9  79.0792384352  39.5396192176  59.1918131533  47.206620298
89.0  79.0473076644  39.5236538322  59.1630302015  47.1854447937
89.1  79.0155560346  39.5077780173  59.1343923463  47.1643812176
89.2  78.9839838743  39.4919919371  59.1058997822  47.1434297427
89.3  78.9525914938  39.4762957469  59.0775526898  47.1225905309
89.4  78.9213791847  39.4606895923  59.0493512362  47.101863733
89.5  78.8903472199  39.4451736099  59.0212955743  47.0812494886
89.6  78.8594958537  39.4297479269  58.9933858432  47.0607479264
89.7  78.828825322  39.414412661  58.9656221682  47.0403591639
89.8  78.7983358417  39.3991679208  58.9380046606  47.0200833076
89.9  78.7680276114  39.3840138057  58.910533418  46.999920453
90.0  78.7379008109  39.3689504054  58.8832085241  46.9798706843
90.0  78.7379008109  39.3689504054  58.8832085241  46.9798706843
90.1  78.7079556014  39.3539778007  58.8560300488  46.9599340748
90.2  78.6781921256  39.3390960628  58.8289980479  46.9401106867
90.3  78.6486105073  39.3243052537  58.8021125636  46.920400571
90.4  78.6192108521  39.309605426  58.7753736244  46.9008037679
90.5  78.5899932465  39.2949966232  58.7487812445  46.8813203063
90.6  78.5609577588  39.2804788794  58.7223354249  46.8619502042
90.7  78.5321044384  39.2660522192  58.6960361524  46.8426934685
90.8  78.5034333165  39.2517166582  58.6698834001  46.823550095
90.9  78.4749444052  39.2374722026  58.6438771274  46.8045200687
91.0  78.4466376986  39.2233188493  58.6180172798  46.7856033634
91.1  78.4185131719  39.2092565859  58.5923037894  46.7667999419
91.2  78.3905707817  39.1952853909  58.5667365743  46.7481097561
91.3  78.3628104665  39.1814052332  58.5413155389  46.7295327468
91.4  78.3352321459  39.1676160729  58.516040574  46.7110688441
91.5  78.3078357212  39.1539178606  58.4909115568  46.6927179668
91.6  78.2806210754  39.1403105377  58.4659283507  46.674480023
91.7  78.2535880727  39.1267940363  58.4410908057  46.6563549098
91.8  78.2267365592  39.1133682796  58.416398758  46.6383425135
91.9  78.2000663625  39.1000331813  58.3918520304  46.6204427093
92.0  78.173577292  39.086788646  58.3674504321  46.6026553618
92.1  78.1472691386  39.0736345693  58.3431937586  46.5849803246
92.2  78.1211416749  39.0605708375  58.3190817924  46.5674174405
92.3  78.0951946555  39.0475973277  58.2951143019  46.5499665415
92.4  78.0694278164  39.0347139082  58.2712910426  46.5326274488
92.5  78.0438408758  39.0219204379  58.2476117564  46.515399973
92.6  78.0184335334  39.0092167667  58.2240761717  46.4982839136
92.7  77.993205471  38.9966027355  58.2006840039  46.4812790598
92.8  77.9681563523  38.9840781761  58.1774349547  46.4643851898
92.9  77.9432858228  38.9716429114  58.1543287129  46.4476020713
93.0  77.9185935103  38.9592967551  58.1313649539  46.4309294615
93.1  77.8940790243  38.9470395121  58.1085433398  46.4143671066
93.2  77.8697419566  38.9348709783  58.0858635197  46.3979147425
93.3  77.8455818811  38.9227909406  58.0633251296  46.3815720946
93.4  77.8215983539  38.910799177  58.0409277923  46.3653388777
93.5  77.7977909134  38.8988954567  58.0186711177  46.3492147959
93.6  77.7741590799  38.88707954  57.9965547025  46.3331995432
93.7  77.7507023566  38.8753511783  57.9745781308  46.317292803
93.8  77.7274202287  38.8637101143  57.9527409733  46.3014942482
93.9  77.7043121638  38.8521560819  57.9310427883  46.2858035416
94.0  77.6813776123  38.8406888062  57.909483121  46.2702203355
94.1  77.658616007  38.8293080035  57.888061504  46.2547442719
94.2  77.6360267631  38.8180133815  57.8667774569  46.2393749826
94.3  77.6136092787  38.8068046393  57.8456304869  46.2241120891
94.4  77.5913629346  38.7956814673  57.8246200886  46.208955203
94.5  77.5692870943  38.7846435472  57.8037457437  46.1939039255
94.6  77.5473811043  38.7736905521  57.7830069216  46.1789578477
94.7  77.5256442938  38.7628221469  57.7624030793  46.1641165507
94.8  77.5040759752  38.7520379876  57.7419336612  46.1493796056
94.9  77.4826754437  38.7413377219  57.7215980994  46.1347465736
95.0  77.4614419779  38.730720989  57.7013958137  46.1202170057
95.1  77.4403748394  38.7201874197  57.6813262116  46.1057904433
95.2  77.419473273  38.7097366365  57.6613886885  46.0914664179
95.3  77.398736507  38.6993682535  57.6415826275  46.077244451
95.4  77.3781637531  38.6890818765  57.6219073997  46.0631240545
95.5  77.3577542062  38.6788771031  57.6023623642  46.0491047305
95.6  77.3375070451  38.6687535226  57.5829468681  46.0351859717
95.7  77.3174214321  38.658710716  57.5636602467  46.0213672607
95.8  77.297496513  38.6487482565  57.5445018232  46.0076480711
95.9  77.2777314178  38.6388657089  57.5254709093  45.9940278665
96.0  77.25812526  38.62906263  57.5065668048  45.9805061013
96.1  77.2389102308  38.6194551154  57.4879622866  45.9711830738
96.2  77.2061225796  38.6030612898  57.4592650063  45.9498944861
96.3  77.1733488467  38.5866744234  57.4305879948  45.9286188019
96.4  77.1405890261  38.5702945131  57.4019312288  45.9073560077
96.5  77.107843112  38.553921556  57.3732946848  45.8861060897
96.6  77.0751110983  38.5375555492  57.3446783396  45.8648690344
96.7  77.0423929793  38.5211964897  57.3160821699  45.8436448283
96.8  77.0096887491  38.5048443745  57.2875061524  45.8224334577
96.9  76.9769984016  38.4884992008  57.2589502639  45.8012349092
97.0  76.9443219311  38.4721609656  57.2304144813  45.7800491693
97.1  76.9116593317  38.4558296658  57.2018987813  45.7588762244
97.2  76.8790105974  38.4395052987  57.1734031409  45.7377160612
97.3  76.8463757223  38.4231878612  57.144927537  45.7165686662
97.4  76.8137547007  38.4068773504  57.1164719466  45.6954340259
97.5  76.7811475266  38.3905737633  57.0880363466  45.6743121271
97.6  76.7485541941  38.3742770971  57.0596207142  45.6532029562
97.7  76.7159746974  38.3579873487  57.0312250262  45.6321065
97.8  76.6834090306  38.3417045153  57.00284926  45.6110227452
97.9  76.6508571877  38.3254285939  56.9744933925  45.5899516784
98.0  76.618319163  38.3091595815  56.946157401  45.5688932864
98.1  76.5857949506  38.2928974753  56.9178412627  45.5478475559
98.2  76.5532845447  38.2766422723  56.8895449548  45.5268144736
98.3  76.5207879392  38.2603939696  56.8612684545  45.5057940264
98.4  76.4883051285  38.2441525642  56.8330117392  45.4847862011
98.5  76.4558361066  38.2279180533  56.8047747863  45.4637909844
98.6  76.4233808677  38.2116904338  56.7765575731  45.4428083633
98.7  76.3909394059  38.195469703  56.748360077  45.4218383246
98.8  76.3585117154  38.1792558577  56.7201822755  45.4008808552
98.9  76.3260977904  38.1630488952  56.692024146  45.379935942
99.0  76.293697625  38.1468488125  56.6638856661  45.359003572
99.1  76.2613112133  38.1306556066  56.6357668133  45.338083732
99.2  76.2289385495  38.1144692748  56.6076675651  45.3171764092
99.3  76.1965796279  38.0982898139  56.5795878993  45.2962815904
99.4  76.1642344424  38.0821172212  56.5515277935  45.2753992628
99.5  76.1319029874  38.0659514937  56.5234872253  45.2545294132
99.6  76.099585257  38.0497926285  56.4954661725  45.2336720289
99.7  76.0672812454  38.0336406227  56.4674646128  45.2128270969
99.8  76.0349909467  38.0174954733  56.439482524  45.1919946043
99.9  76.0027143551  38.0013571775  56.4115198839  45.1711745383
100.0  75.9704514648  37.9852257324  56.3835766704  45.1503668859
100.1  75.93820227  37.969101135  56.3556528614  45.1295716343
100.2  75.9059667649  37.9529833824  56.3277484347  45.1087887708
100.3  75.8737449436  37.9368724718  56.2998633684  45.0880182825
100.4  75.8415368004  37.9207684002  56.2719976404  45.0672601567
100.5  75.8093423294  37.9046711647  56.2441512288  45.0465143807
100.6  75.7771615249  37.8885807624  56.2163241116  45.0257809416
100.7  75.744994381  37.8724971905  56.1885162669  45.0050598269
100.8  75.712840892  37.856420446  56.1607276727  44.9843510238
100.9  75.680701052  37.840350526  56.1329583074  44.9636545196
120.0  69.7855614728  34.8927807364  51.1576076416  41.2222998364
150.0  61.4393880979  30.719694049  44.4572434482  36.0784291381
180.0  54.0913955578  27.0456977789  38.8134847253  31.6558552936
210.0  47.622203996  23.811101998  33.9887202505  27.8173787327
240.0  41.9267110795  20.9633555398  29.8217868551  24.4663915215
270.0  36.9123844434  18.4561922217  26.1983789081  21.5306215072
300.0  32.4977583554  16.2488791777  23.0335145248  18.9531523582
330.0  28.6111101748  14.3055550874  20.2611899674  16.6873846219
360.0  25.1892951041  12.5946475521  17.8282343233  14.6941213137
390.0  22.1767203008  11.0883601504  15.6905943727  12.9398037052
420.0  19.5244416831  9.76222084156  13.8110232057  11.3953784237
450.0  17.1893687555  8.59468437774  12.1575845496  10.0355198004
480.0  15.1335645345  7.56678226726  10.7026377707  8.83805991913
510.0  13.3236292024  6.66181460118  9.42211269762  7.78354661153

#SVE monte-carlo points sigmaR (r, sigmaR_med, sigmaR_std)
25.2  103.034326287  0.0
28.7  97.7838998044  0.0
32.1  94.424800667  0.0
35.6  92.386055787  0.0
39.1  91.396830621  0.0
42.6  91.0852398702  0.0
46.1  91.1249734242  0.0
49.6  91.2497479347  0.0
53.1  91.2601423688  0.0
56.6  91.0242212737  0.0
60.0  90.4936250284  0.0
63.5  89.6233925776  0.0
67.0  88.4548515234  0.0
70.5  87.0518153691  0.0
74.0  85.4991290727  0.0
77.5  83.8905628626  0.0
81.0  82.3176807892  0.0
84.5  80.8602645472  0.0
88.0  79.5787488198  0.0
91.4  78.5364800028  0.0
94.9  77.680946951  0.0
98.4  76.6922106231  0.0
390.0  22.3078092512  0.0

#SVE monte-carlo points sigmaZ (r, sigmaZ_med, sigmaZ_std)
25.6  51.1656347656  0.0
29.1  48.6531504318  0.0
32.5  47.0630959815  0.0
36.0  46.1135876708  0.0
39.5  45.6667655656  0.0
43.0  45.5387877593  0.0
46.5  45.5696415639  0.0
50.0  45.6298975086  0.0
53.5  45.6237372644  0.0
57.0  45.4889533351  0.0
60.4  45.2052968385  0.0
63.9  44.7519967318  0.0
67.4  44.152458895  0.0
70.9  43.4401059893  0.0
74.4  42.6581705943  0.0
77.9  41.8536811737  0.0
81.4  41.0719716907  0.0
84.9  40.3519980961  0.0
88.4  39.7226826478  0.0
91.8  39.2138216101  0.0
95.3  38.79833482  0.0
98.8  38.2812052882  0.0
510.0  6.71011046545  0.0

#SVE monte-carlo points sigmaPhi (r, sigmaPhi_med, sigmaPhi_std)
26.1  82.3095393607  0.0
29.6  77.8968041175  0.0
33.0  75.0099888193  0.0
36.5  73.1454723489  0.0
40.0  72.0748844998  0.0
43.5  71.4980730392  0.0
47.0  71.1619615782  0.0
50.5  70.8681075719  0.0
54.0  70.4746324019  0.0
57.5  69.8938075689  0.0
60.9  69.1127154233  0.0
64.4  68.0863980884  0.0
67.9  66.8668005315  0.0
71.4  65.5083178787  0.0
74.9  64.0777955777  0.0
78.4  62.6454814761  0.0
81.9  61.2770329601  0.0
85.4  60.0269302878  0.0
88.9  58.9335544041  0.0
92.3  58.0398318513  0.0
95.8  57.2923238049  0.0
99.3  56.3399692321  0.0
