-10 -10 -0.0706683
-10 -9.5 -0.0537973
-10 -9 -0.0749138
-10 -8.5 -0.0672542
-10 -8 -0.0699206
-10 -7.5 -0.0683672
-10 -7 -0.0725025
-10 -6.5 -0.0832131
-10 -6 -0.0838464
-10 -5.5 -0.0923474
-10 -5 -0.0905173
-10 -4.5 -0.0917949
-10 -4 -0.0931214
-10 -3.5 -0.100808
-10 -3 -0.105696
-10 -2.5 -0.106678
-10 -2 -0.103007
-10 -1.5 -0.100742
-10 -1 -0.0989227
-10 -0.5 -0.102965
-10 0 -0.105546
-10 0.5 -0.105153
-10 1 -0.0977327
-10 1.5 -0.10251
-10 2 -0.104058
-10 2.5 -0.0990267
-10 3 -0.0964056
-10 3.5 -0.0807162
-10 4 -0.0946186
-10 4.5 -0.0843722
-10 5 -0.0928524
-10 5.5 -0.0901719
-10 6 -0.0809065
-10 6.5 -0.087638
-10 7 -0.0741909
-10 7.5 -0.0779157
-10 8 -0.0746529
-10 8.5 -0.0808991
-10 9 -0.0596659
-10 9.5 -0.0673957
-9.5 -10 -0.0573984
-9.5 -9.5 -0.066409
-9.5 -9 -0.0731224
-9.5 -8.5 -0.0685193
-9.5 -8 -0.0699441
-9.5 -7.5 -0.0712311
-9.5 -7 -0.0765585
-9.5 -6.5 -0.0724472
-9.5 -6 -0.0870296
-9.5 -5.5 -0.0863428
-9.5 -5 -0.0902517
-9.5 -4.5 -0.0928242
-9.5 -4 -0.0914201
-9.5 -3.5 -0.0935479
-9.5 -3 -0.0924747
-9.5 -2.5 -0.101681
-9.5 -2 -0.0931928
-9.5 -1.5 -0.0997829
-9.5 -1 -0.10491
-9.5 -0.5 -0.102437
-9.5 0 -0.0922256
-9.5 0.5 -0.105416
-9.5 1 -0.095501
-9.5 1.5 -0.103666
-9.5 2 -0.092903
-9.5 2.5 -0.102784
-9.5 3 -0.0954824
-9.5 3.5 -0.098632
-9.5 4 -0.09109
-9.5 4.5 -0.0909405
-9.5 5 -0.0840853
-9.5 5.5 -0.0923928
-9.5 6 -0.0818309
-9.5 6.5 -0.0786906
-9.5 7 -0.0805619
-9.5 7.5 -0.0729773
-9.5 8 -0.0733878
-9.5 8.5 -0.0686128
-9.5 9 0
-9.5 9.5 -0.0689168
-9 -10 -0.0628939
-9 -9.5 -0.0576898
-9 -9 -0.0636825
-9 -8.5 -0.0722354
-9 -8 -0.0729721
-9 -7.5 -0.0698118
-9 -7 -0.0774502
-9 -6.5 -0.081603
-9 -6 -0.0805992
-9 -5.5 -0.0841193
-9 -5 -0.0861749
-9 -4.5 -0.0909277
-9 -4 -0.0881839
-9 -3.5 -0.0947143
-9 -3 -0.101122
-9 -2.5 -0.0979363
-9 -2 -0.107719
-9 -1.5 -0.102357
-9 -1 -0.106325
-9 -0.5 -0.0969287
-9 0 -0.105783
-9 0.5 -0.101996
-9 1 -0.0998233
-9 1.5 -0.105424
-9 2 -0.101937
-9 2.5 -0.0978179
-9 3 -0.0936085
-9 3.5 -0.0922162
-9 4 -0.0977493
-9 4.5 -0.0892723
-9 5 -0.0847041
-9 5.5 -0.0828331
-9 6 -0.0903206
-9 6.5 -0.0792469
-9 7 -0.0706884
-9 7.5 -0.0742982
-9 8 -0.0608881
-9 8.5 -0.0681753
-9 9 -0.0741158
-9 9.5 -0.0716858
-8.5 -10 -0.05446
-8.5 -9.5 -0.0705803
-8.5 -9 -0.0608373
-8.5 -8.5 -0.0678751
-8.5 -8 -0.0647473
-8.5 -7.5 -0.0700315
-8.5 -7 -0.0724647
-8.5 -6.5 -0.0812927
-8.5 -6 -0.0822098
-8.5 -5.5 -0.0810871
-8.5 -5 -0.0836881
-8.5 -4.5 -0.0931543
-8.5 -4 -0.0879471
-8.5 -3.5 -0.100105
-8.5 -3 -0.0950236
-8.5 -2.5 -0.0994949
-8.5 -2 -0.100512
-8.5 -1.5 -0.102922
-8.5 -1 -0.106447
-8.5 -0.5 -0.107209
-8.5 0 -0.106026
-8.5 0.5 -0.106002
-8.5 1 -0.105525
-8.5 1.5 -0.103229
-8.5 2 -0.103236
-8.5 2.5 -0.100061
-8.5 3 -0.0982441
-8.5 3.5 -0.0906664
-8.5 4 -0.0945556
-8.5 4.5 -0.095506
-8.5 5 -0.0887514
-8.5 5.5 -0.0787406
-8.5 6 -0.0807809
-8.5 6.5 -0.0816525
-8.5 7 -0.0771411
-8.5 7.5 -0.0713252
-8.5 8 -0.0738004
-8.5 8.5 -0.0720098
-8.5 9 -0.0657748
-8.5 9.5 -0.0616874
-8 -10 0
-8 -9.5 -0.0539742
-8 -9 -0.0672308
-8 -8.5 -0.0611858
-8 -8 -0.0729534
-8 -7.5 -0.0764715
-8 -7 -0.0799959
-8 -6.5 -0.0744466
-8 -6 -0.0791564
-8 -5.5 -0.0834579
-8 -5 -0.0907834
-8 -4.5 -0.0910882
-8 -4 -0.0891879
-8 -3.5 -0.0973156
-8 -3 -0.0949268
-8 -2.5 -0.095206
-8 -2 -0.0994505
-8 -1.5 -0.101939
-8 -1 -0.0999662
-8 -0.5 -0.0967755
-8 0 -0.105927
-8 0.5 -0.105483
-8 1 -0.0998097
-8 1.5 -0.0994505
-8 2 -0.0966338
-8 2.5 -0.0896696
-8 3 -0.0973046
-8 3.5 -0.0935286
-8 4 -0.0787767
-8 4.5 -0.0826308
-8 5 -0.0887771
-8 5.5 -0.0807852
-8 6 -0.0691554
-8 6.5 -0.0722885
-8 7 -0.0676294
-8 7.5 -0.0727191
-8 8 -0.0663325
-8 8.5 -0.0588121
-8 9 -0.0626349
-8 9.5 -0.0625817
-7.5 -10 -0.0544568
-7.5 -9.5 -0.0607711
-7.5 -9 -0.0601314
-7.5 -8.5 -0.0656444
-7.5 -8 -0.0682467
-7.5 -7.5 -0.0731793
-7.5 -7 -0.0695504
-7.5 -6.5 -0.0709974
-7.5 -6 -0.0757001
-7.5 -5.5 -0.0809573
-7.5 -5 -0.0791834
-7.5 -4.5 -0.0849898
-7.5 -4 -0.0896917
-7.5 -3.5 -0.0915473
-7.5 -3 -0.0954597
-7.5 -2.5 -0.0890939
-7.5 -2 -0.101109
-7.5 -1.5 -0.101099
-7.5 -1 -0.106031
-7.5 -0.5 -0.100909
-7.5 0 -0.104498
-7.5 0.5 -0.106014
-7.5 1 -0.102641
-7.5 1.5 -0.103579
-7.5 2 -0.0977855
-7.5 2.5 -0.0996271
-7.5 3 -0.0883101
-7.5 3.5 -0.0957418
-7.5 4 -0.0850496
-7.5 4.5 -0.0834949
-7.5 5 -0.0812963
-7.5 5.5 -0.0762317
-7.5 6 -0.0748893
-7.5 6.5 -0.0665674
-7.5 7 -0.0689599
-7.5 7.5 -0.0713553
-7.5 8 -0.0724719
-7.5 8.5 -0.0665491
-7.5 9 -0.0654656
-7.5 9.5 -0.0526868
-7 -10 -0.0445404
-7 -9.5 -0.0565169
-7 -9 -0.0502402
-7 -8.5 -0.0643401
-7 -8 -0.0606791
-7 -7.5 -0.0704087
-7 -7 -0.0658392
-7 -6.5 -0.0689917
-7 -6 -0.0744646
-7 -5.5 -0.0772624
-7 -5 -0.0791644
-7 -4.5 -0.0823832
-7 -4 -0.079388
-7 -3.5 -0.0907967
-7 -3 -0.0954837
-7 -2.5 -0.093261
-7 -2 -0.0963816
-7 -1.5 -0.101871
-7 -1 -0.0988094
-7 -0.5 -0.101638
-7 0 -0.101029
-7 0.5 -0.101587
-7 1 -0.100048
-7 1.5 -0.102077
-7 2 -0.0972851
-7 2.5 -0.0935127
-7 3 -0.0946057
-7 3.5 -0.0863029
-7 4 -0.0860281
-7 4.5 -0.0851702
-7 5 -0.0833456
-7 5.5 -0.0778066
-7 6 -0.0706562
-7 6.5 -0.0742057
-7 7 -0.0699032
-7 7.5 -0.0653254
-7 8 -0.0632603
-7 8.5 -0.0595034
-7 9 -0.0565662
-7 9.5 -0.0550984
-6.5 -10 -0.0532969
-6.5 -9.5 -0.0473627
-6.5 -9 -0.0549474
-6.5 -8.5 -0.0542374
-6.5 -8 -0.0573008
-6.5 -7.5 -0.0591455
-6.5 -7 -0.0757838
-6.5 -6.5 -0.0663331
-6.5 -6 -0.0709901
-6.5 -5.5 -0.0704808
-6.5 -5 -0.0764523
-6.5 -4.5 -0.0816824
-6.5 -4 -0.0889929
-6.5 -3.5 -0.0847769
-6.5 -3 -0.0871305
-6.5 -2.5 -0.0958186
-6.5 -2 -0.0927368
-6.5 -1.5 -0.101653
-6.5 -1 -0.106875
-6.5 -0.5 -0.104111
-6.5 0 -0.0987618
-6.5 0.5 -0.098308
-6.5 1 -0.100684
-6.5 1.5 -0.0973747
-6.5 2 -0.0989165
-6.5 2.5 -0.0982774
-6.5 3 -0.0877439
-6.5 3.5 -0.0848828
-6.5 4 -0.08555
-6.5 4.5 -0.0805542
-6.5 5 -0.0801213
-6.5 5.5 -0.0805575
-6.5 6 -0.0728036
-6.5 6.5 -0.063663
-6.5 7 -0.0667536
-6.5 7.5 -0.0655288
-6.5 8 -0.0649438
-6.5 8.5 -0.0598136
-6.5 9 -0.0513426
-6.5 9.5 0
-6 -10 -0.0420726
-6 -9.5 -0.0472672
-6 -9 -0.0501052
-6 -8.5 -0.0456562
-6 -8 -0.0554595
-6 -7.5 -0.0599189
-6 -7 -0.0580412
-6 -6.5 -0.0641945
-6 -6 -0.065318
-6 -5.5 -0.0704574
-6 -5 -0.0701954
-6 -4.5 -0.0794237
-6 -4 -0.0905361
-6 -3.5 -0.0860803
-6 -3 -0.0885838
-6 -2.5 -0.0957493
-6 -2 -0.0894587
-6 -1.5 -0.0937999
-6 -1 -0.0968368
-6 -0.5 -0.100672
-6 0 -0.101882
-6 0.5 -0.102733
-6 1 -0.0961057
-6 1.5 -0.0934541
-6 2 -0.094109
-6 2.5 -0.089552
-6 3 -0.0926275
-6 3.5 -0.0838958
-6 4 -0.0823572
-6 4.5 -0.0763246
-6 5 -0.0718895
-6 5.5 -0.0692827
-6 6 -0.0648129
-6 6.5 -0.057683
-6 7 -0.0580611
-6 7.5 -0.0554954
-6 8 -0.0504084
-6 8.5 -0.0455547
-6 9 -0.0573041
-6 9.5 -0.0493971
-5.5 -10 -0.0445305
-5.5 -9.5 -0.0401037
-5.5 -9 -0.0405956
-5.5 -8.5 -0.0501012
-5.5 -8 -0.0557643
-5.5 -7.5 -0.0500347
-5.5 -7 -0.0641352
-5.5 -6.5 -0.0603399
-5.5 -6 -0.072011
-5.5 -5.5 -0.0690762
-5.5 -5 -0.0683314
-5.5 -4.5 -0.0771667
-5.5 -4 -0.0774583
-5.5 -3.5 -0.0777752
-5.5 -3 -0.0866902
-5.5 -2.5 -0.0918617
-5.5 -2 -0.0905083
-5.5 -1.5 -0.0949363
-5.5 -1 -0.0979552
-5.5 -0.5 -0.0954306
-5.5 0 -0.101737
-5.5 0.5 -0.100243
-5.5 1 -0.0900044
-5.5 1.5 -0.0939694
-5.5 2 -0.0862353
-5.5 2.5 -0.0912867
-5.5 3 -0.0854544
-5.5 3.5 -0.0823504
-5.5 4 -0.076387
-5.5 4.5 -0.0765383
-5.5 5 -0.0738727
-5.5 5.5 -0.0671164
-5.5 6 -0.0553224
-5.5 6.5 -0.0615712
-5.5 7 -0.0579696
-5.5 7.5 -0.0558552
-5.5 8 -0.0526359
-5.5 8.5 -0.0531651
-5.5 9 -0.0473902
-5.5 9.5 -0.0524712
-5 -10 -0.0435597
-5 -9.5 -0.0475631
-5 -9 -0.0406935
-5 -8.5 -0.0409097
-5 -8 -0.0495381
-5 -7.5 -0.0503865
-5 -7 -0.0507946
-5 -6.5 -0.0614246
-5 -6 -0.0608492
-5 -5.5 -0.0666765
-5 -5 -0.0652401
-5 -4.5 -0.0697909
-5 -4 -0.0764885
-5 -3.5 -0.0848472
-5 -3 -0.080178
-5 -2.5 -0.0879798
-5 -2 -0.086846
-5 -1.5 -0.0924222
-5 -1 -0.0913308
-5 -0.5 -0.0980947
-5 0 -0.0967309
-5 0.5 -0.102453
-5 1 -0.0983641
-5 1.5 -0.0941295
-5 2 -0.0918114
-5 2.5 -0.0809906
-5 3 -0.0835959
-5 3.5 -0.0750862
-5 4 -0.0760619
-5 4.5 -0.0659574
-5 5 -0.0702127
-5 5.5 -0.0670365
-5 6 -0.0612248
-5 6.5 -0.0583852
-5 7 -0.0533752
-5 7.5 -0.048311
-5 8 -0.0493415
-5 8.5 -0.0497783
-5 9 -0.0443853
-5 9.5 -0.050034
-4.5 -10 -0.0350809
-4.5 -9.5 -0.0388767
-4.5 -9 -0.0320038
-4.5 -8.5 -0.0449271
-4.5 -8 -0.0383584
-4.5 -7.5 -0.0459681
-4.5 -7 -0.0450199
-4.5 -6.5 -0.0545449
-4.5 -6 -0.0602752
-4.5 -5.5 -0.0593408
-4.5 -5 -0.0645463
-4.5 -4.5 -0.0698444
-4.5 -4 -0.0678801
-4.5 -3.5 -0.0735865
-4.5 -3 -0.0822048
-4.5 -2.5 -0.0869623
-4.5 -2 -0.0862358
-4.5 -1.5 -0.0901362
-4.5 -1 -0.0935565
-4.5 -0.5 -0.0980211
-4.5 0 -0.0972297
-4.5 0.5 -0.0933995
-4.5 1 -0.0904325
-4.5 1.5 -0.0955387
-4.5 2 -0.0781596
-4.5 2.5 -0.0811495
-4.5 3 -0.0812436
-4.5 3.5 -0.0759821
-4.5 4 -0.0687732
-4.5 4.5 -0.0591114
-4.5 5 -0.0668805
-4.5 5.5 -0.0570888
-4.5 6 -0.0567368
-4.5 6.5 -0.056489
-4.5 7 -0.0502495
-4.5 7.5 -0.0557939
-4.5 8 -0.0440852
-4.5 8.5 -0.0375181
-4.5 9 -0.0449765
-4.5 9.5 -0.0402906
-4 -10 -0.0312709
-4 -9.5 -0.040523
-4 -9 -0.0419048
-4 -8.5 -0.036853
-4 -8 -0.0365948
-4 -7.5 -0.0392007
-4 -7 -0.04386
-4 -6.5 -0.0521745
-4 -6 -0.0501673
-4 -5.5 -0.0585314
-4 -5 -0.0569873
-4 -4.5 -0.0587757
-4 -4 -0.0648804
-4 -3.5 -0.070329
-4 -3 -0.0756839
-4 -2.5 -0.0846927
-4 -2 -0.0788068
-4 -1.5 -0.0879135
-4 -1 -0.0877109
-4 -0.5 -0.0843941
-4 0 -0.0925705
-4 0.5 -0.0865635
-4 1 -0.0886841
-4 1.5 -0.0871184
-4 2 -0.0860039
-4 2.5 -0.0802194
-4 3 -0.0717958
-4 3.5 -0.0728891
-4 4 -0.0620722
-4 4.5 -0.0633862
-4 5 -0.0592775
-4 5.5 -0.0583842
-4 6 -0.0458803
-4 6.5 -0.0491705
-4 7 -0.0465307
-4 7.5 -0.0404416
-4 8 -0.0378304
-4 8.5 -0.0434441
-4 9 -0.0353842
-4 9.5 -0.0308469
-3.5 -10 -0.0250322
-3.5 -9.5 -0.0313659
-3.5 -9 -0.0361857
-3.5 -8.5 -0.0381369
-3.5 -8 -0.0385592
-3.5 -7.5 -0.0374001
-3.5 -7 -0.0393808
-3.5 -6.5 -0.0506305
-3.5 -6 -0.0456043
-3.5 -5.5 -0.0515887
-3.5 -5 -0.0544549
-3.5 -4.5 -0.0572359
-3.5 -4 -0.0576356
-3.5 -3.5 -0.0631155
-3.5 -3 -0.0695931
-3.5 -2.5 -0.0763213
-3.5 -2 -0.0807512
-3.5 -1.5 -0.0853328
-3.5 -1 -0.0850116
-3.5 -0.5 -0.0897045
-3.5 0 -0.0876318
-3.5 0.5 -0.0830146
-3.5 1 -0.0878159
-3.5 1.5 -0.0808854
-3.5 2 -0.0829274
-3.5 2.5 -0.0737455
-3.5 3 -0.0657119
-3.5 3.5 -0.0611687
-3.5 4 -0.0605872
-3.5 4.5 -0.0530929
-3.5 5 -0.050572
-3.5 5.5 -0.0485845
-3.5 6 -0.049282
-3.5 6.5 -0.0409968
-3.5 7 -0.0366306
-3.5 7.5 -0.0343917
-3.5 8 -0.0348467
-3.5 8.5 -0.038768
-3.5 9 -0.0273665
-3.5 9.5 -0.0331299
-3 -10 -0.0326652
-3 -9.5 -0.0267692
-3 -9 -0.0245095
-3 -8.5 -0.026461
-3 -8 -0.0315167
-3 -7.5 -0.0304868
-3 -7 -0.0391183
-3 -6.5 -0.0379245
-3 -6 -0.0423492
-3 -5.5 -0.0421914
-3 -5 -0.0419378
-3 -4.5 -0.053166
-3 -4 -0.0494988
-3 -3.5 -0.0626014
-3 -3 -0.0659962
-3 -2.5 -0.0622186
-3 -2 -0.0724617
-3 -1.5 -0.0777028
-3 -1 -0.0901268
-3 -0.5 -0.0889485
-3 0 -0.0894287
-3 0.5 -0.0865034
-3 1 -0.0823498
-3 1.5 -0.0726747
-3 2 -0.0653931
-3 2.5 -0.0687823
-3 3 -0.0614133
-3 3.5 -0.0536152
-3 4 -0.052392
-3 4.5 -0.0462302
-3 5 -0.0477188
-3 5.5 -0.0460185
-3 6 -0.0416322
-3 6.5 -0.0395285
-3 7 -0.036368
-3 7.5 -0.039683
-3 8 -0.0298752
-3 8.5 -0.0324014
-3 9 -0.0330006
-3 9.5 -0.0261568
-2.5 -10 -0.0139673
-2.5 -9.5 -0.0250698
-2.5 -9 -0.0191681
-2.5 -8.5 -0.0224249
-2.5 -8 -0.0236202
-2.5 -7.5 -0.0268032
-2.5 -7 -0.0273194
-2.5 -6.5 -0.036802
-2.5 -6 -0.0361553
-2.5 -5.5 -0.0347998
-2.5 -5 -0.0387279
-2.5 -4.5 -0.0480047
-2.5 -4 -0.0411704
-2.5 -3.5 -0.0489081
-2.5 -3 -0.0521836
-2.5 -2.5 -0.0614763
-2.5 -2 -0.067518
-2.5 -1.5 -0.0718465
-2.5 -1 -0.0785032
-2.5 -0.5 -0.0833383
-2.5 0 -0.0870995
-2.5 0.5 -0.076512
-2.5 1 -0.0716876
-2.5 1.5 -0.0703946
-2.5 2 -0.0666792
-2.5 2.5 -0.0574667
-2.5 3 -0.0562865
-2.5 3.5 -0.0517549
-2.5 4 -0.0532582
-2.5 4.5 -0.0458808
-2.5 5 -0.035944
-2.5 5.5 -0.0345583
-2.5 6 -0.0387142
-2.5 6.5 -0.0313364
-2.5 7 -0.0352371
-2.5 7.5 -0.0310726
-2.5 8 -0.0290572
-2.5 8.5 -0.0289162
-2.5 9 -0.018225
-2.5 9.5 -0.0275399
-2 -10 -0.0173498
-2 -9.5 -0.0206245
-2 -9 -0.0197976
-2 -8.5 -0.019268
-2 -8 -0.0244537
-2 -7.5 -0.0247009
-2 -7 -0.0257693
-2 -6.5 -0.0250312
-2 -6 -0.0303176
-2 -5.5 -0.0367868
-2 -5 -0.0343198
-2 -4.5 -0.0405976
-2 -4 -0.03745
-2 -3.5 -0.0441203
-2 -3 -0.046047
-2 -2.5 -0.0495346
-2 -2 -0.0574961
-2 -1.5 -0.0664603
-2 -1 -0.0707071
-2 -0.5 -0.0784292
-2 0 -0.0809086
-2 0.5 -0.0802966
-2 1 -0.0736733
-2 1.5 -0.0664063
-2 2 -0.0591393
-2 2.5 -0.0476916
-2 3 -0.0475267
-2 3.5 -0.0377075
-2 4 -0.03706
-2 4.5 -0.0400151
-2 5 -0.0318922
-2 5.5 -0.0253609
-2 6 -0.0300297
-2 6.5 -0.0256213
-2 7 -0.0247648
-2 7.5 -0.0267346
-2 8 -0.020292
-2 8.5 -0.0282156
-2 9 -0.0164929
-2 9.5 -0.0181066
-1.5 -10 -0.0315658
-1.5 -9.5 -0.0122116
-1.5 -9 -0.0181486
-1.5 -8.5 -0.0128936
-1.5 -8 -0.0155912
-1.5 -7.5 -0.0151
-1.5 -7 -0.0188399
-1.5 -6.5 -0.0191624
-1.5 -6 -0.0202027
-1.5 -5.5 -0.0266761
-1.5 -5 -0.0296739
-1.5 -4.5 -0.0288947
-1.5 -4 -0.0282618
-1.5 -3.5 -0.0285338
-1.5 -3 -0.0328729
-1.5 -2.5 -0.0414396
-1.5 -2 -0.0418894
-1.5 -1.5 -0.0536503
-1.5 -1 -0.0649695
-1.5 -0.5 -0.07585
-1.5 0 -0.0807183
-1.5 0.5 -0.0817453
-1.5 1 -0.0654058
-1.5 1.5 -0.0471634
-1.5 2 -0.0456174
-1.5 2.5 -0.0387231
-1.5 3 -0.0360965
-1.5 3.5 -0.0355807
-1.5 4 -0.026046
-1.5 4.5 -0.021143
-1.5 5 -0.023771
-1.5 5.5 -0.0173821
-1.5 6 -0.0268558
-1.5 6.5 -0.0224285
-1.5 7 -0.0233527
-1.5 7.5 -0.0175573
-1.5 8 -0.0135554
-1.5 8.5 -0.0146262
-1.5 9 -0.0148044
-1.5 9.5 -0.00728961
-1 -10 -0.0086024
-1 -9.5 -0.0211522
-1 -9 -0.010218
-1 -8.5 -0.0161689
-1 -8 -0.0061464
-1 -7.5 -0.00489492
-1 -7 -0.00560847
-1 -6.5 -0.0132429
-1 -6 -0.0150092
-1 -5.5 -0.0113462
-1 -5 -0.0205102
-1 -4.5 -0.0233728
-1 -4 -0.018464
-1 -3.5 -0.0226912
-1 -3 -0.0250613
-1 -2.5 -0.0319346
-1 -2 -0.0383041
-1 -1.5 -0.0403201
-1 -1 -0.0516679
-1 -0.5 -0.0663443
-1 0 -0.0781594
-1 0.5 -0.0617337
-1 1 -0.0523043
-1 1.5 -0.0387267
-1 2 -0.0354441
-1 2.5 -0.0256055
-1 3 -0.0219585
-1 3.5 -0.016902
-1 4 -0.0255905
-1 4.5 -0.0268218
-1 5 -0.014742
-1 5.5 -0.0120266
-1 6 -0.0175326
-1 6.5 -0.0120109
-1 7 -0.0111788
-1 7.5 -0.0120049
-1 8 -0.0100711
-1 8.5 -0.0091404
-1 9 -0.011477
-1 9.5 -0.0158285
-0.5 -10 -0.0113295
-0.5 -9.5 -0.00523558
-0.5 -9 -0.00870683
-0.5 -8.5 -0.00318078
-0.5 -8 0.003163
-0.5 -7.5 -0.00760493
-0.5 -7 -0.0106959
-0.5 -6.5 -0.00506989
-0.5 -6 -0.0051048
-0.5 -5.5 -0.00902307
-0.5 -5 -0.00980163
-0.5 -4.5 -0.00715973
-0.5 -4 -0.013672
-0.5 -3.5 -0.0128787
-0.5 -3 -0.012909
-0.5 -2.5 -0.0127365
-0.5 -2 -0.020221
-0.5 -1.5 -0.0166569
-0.5 -1 -0.0263004
-0.5 -0.5 -0.0515522
-0.5 0 -0.0741797
-0.5 0.5 -0.0532491
-0.5 1 -0.033214
-0.5 1.5 -0.0177523
-0.5 2 -0.0220808
-0.5 2.5 -0.0189046
-0.5 3 -0.00929716
-0.5 3.5 -0.0151245
-0.5 4 -0.0122742
-0.5 4.5 -0.010825
-0.5 5 -0.0086859
-0.5 5.5 -0.00825911
-0.5 6 -0.0145432
-0.5 6.5 -0.00299575
-0.5 7 -0.0108565
-0.5 7.5 -0.00461218
-0.5 8 -0.00207207
-0.5 8.5 0.000715934
-0.5 9 -0.00263374
-0.5 9.5 -0.00785173
0 -10 -0.00219207
0 -9.5 0.0054315
0 -9 0.00536096
0 -8.5 0.000385639
0 -8 -0.0003433
0 -7.5 0.00238548
0 -7 -0.00116883
0 -6.5 -0.00175262
0 -6 -0.00116178
0 -5.5 -0.00121811
0 -5 -0.00612278
0 -4.5 0.0029181
0 -4 0.00523818
0 -3.5 -0.00594938
0 -3 -0.0017381
0 -2.5 -0.00048535
0 -2 0.00326079
0 -1.5 -0.00426558
0 -1 -0.00213472
0 -0.5 -0.00364901
0 0 -0.00222041
0 0.5 -0.00225702
0 1 0.00289703
0 1.5 0.00389419
0 2 -0.00121372
0 2.5 0.00418358
0 3 0.00032244
0 3.5 0.000580646
0 4 -0.00503134
0 4.5 -0.00435147
0 5 0.00687155
0 5.5 -0.00388029
0 6 -0.00698308
0 6.5 -0.00332646
0 7 -0.00857607
0 7.5 -0.00102079
0 8 6.69712e-05
0 8.5 0.0103923
0 9 -0.00481589
0 9.5 0.00462344
0.5 -10 0.00146058
0.5 -9.5 0.0017485
0.5 -9 0.000748052
0.5 -8.5 0.0027796
0.5 -8 0.0105165
0.5 -7.5 0.00172072
0.5 -7 0.00831016
0.5 -6.5 0.00365056
0.5 -6 0.0110561
0.5 -5.5 0.00503884
0.5 -5 0.00985785
0.5 -4.5 0.00512745
0.5 -4 0.0124294
0.5 -3.5 0.0146566
0.5 -3 0.0101831
0.5 -2.5 0.0167085
0.5 -2 0.0160442
0.5 -1.5 0.019671
0.5 -1 0.032323
0.5 -0.5 0.0480613
0.5 0 0.0630028
0.5 0.5 0.0535315
0.5 1 0.0284997
0.5 1.5 0.020146
0.5 2 0.0207482
0.5 2.5 0.0160959
0.5 3 0.0155576
0.5 3.5 0.0146973
0.5 4 0.0134511
0.5 4.5 0.00886492
0.5 5 0.00815713
0.5 5.5 0.00207582
0.5 6 0.00319949
0.5 6.5 0.00732974
0.5 7 0.00922714
0.5 7.5 0.0106767
0.5 8 0.022224
0.5 8.5 0.00398281
0.5 9 0.00695751
0.5 9.5 0.00745239
1 -10 0.0032067
1 -9.5 0.00592422
1 -9 0.0140327
1 -8.5 0.013356
1 -8 0.00731843
1 -7.5 0.00417426
1 -7 0.00989289
1 -6.5 0.0151626
1 -6 0.0168545
1 -5.5 0.0127165
1 -5 0.0177121
1 -4.5 0.0200047
1 -4 0.0211364
1 -3.5 0.026761
1 -3 0.0281656
1 -2.5 0.0240552
1 -2 0.030678
1 -1.5 0.0464227
1 -1 0.0512656
1 -0.5 0.0638009
1 0 0.0703155
1 0.5 0.0662997
1 1 0.0473859
1 1.5 0.0374271
1 2 0.0388671
1 2.5 0.0305303
1 3 0.0244067
1 3.5 0.0217783
1 4 0.0197731
1 4.5 0.0112267
1 5 0.0154761
1 5.5 0.012073
1 6 0.0134977
1 6.5 0.0173925
1 7 0.0134772
1 7.5 0.00703671
1 8 0.00931903
1 8.5 0.0126366
1 9 0.0111163
1 9.5 0.0101997
1.5 -10 0.00556225
1.5 -9.5 0.017617
1.5 -9 0.0233628
1.5 -8.5 0.0163266
1.5 -8 0.0176411
1.5 -7.5 0.0194524
1.5 -7 0.0181531
1.5 -6.5 0.0220812
1.5 -6 0.0217901
1.5 -5.5 0.0229729
1.5 -5 0.0200715
1.5 -4.5 0.0268726
1.5 -4 0.0301121
1.5 -3.5 0.0394308
1.5 -3 0.0438024
1.5 -2.5 0.0428972
1.5 -2 0.0458745
1.5 -1.5 0.0534827
1.5 -1 0.0677326
1.5 -0.5 0.0702321
1.5 0 0.0776404
1.5 0.5 0.0758793
1.5 1 0.0547136
1.5 1.5 0.0592056
1.5 2 0.0493174
1.5 2.5 0.0433692
1.5 3 0.0376143
1.5 3.5 0.0247449
1.5 4 0.0295169
1.5 4.5 0.0257325
1.5 5 0.0185405
1.5 5.5 0.0174134
1.5 6 0.020166
1.5 6.5 0.0161893
1.5 7 0.0135023
1.5 7.5 0.0147645
1.5 8 0.0127328
1.5 8.5 0.0175331
1.5 9 0.0202835
1.5 9.5 0.00924411
2 -10 0.0161157
2 -9.5 0.0203181
2 -9 0.020316
2 -8.5 0.0208214
2 -8 0.0173376
2 -7.5 0.015327
2 -7 0.0239581
2 -6.5 0.0314846
2 -6 0.0275012
2 -5.5 0.0324366
2 -5 0.0374673
2 -4.5 0.0311413
2 -4 0.0372507
2 -3.5 0.0414337
2 -3 0.0495459
2 -2.5 0.0513013
2 -2 0.0582954
2 -1.5 0.0585681
2 -1 0.0722777
2 -0.5 0.0758444
2 0 0.0824292
2 0.5 0.0827024
2 1 0.0679252
2 1.5 0.0651634
2 2 0.0577426
2 2.5 0.051756
2 3 0.0523066
2 3.5 0.0388434
2 4 0.0358183
2 4.5 0.0367218
2 5 0.029857
2 5.5 0.0259045
2 6 0.0336658
2 6.5 0.0197649
2 7 0.0208991
2 7.5 0.025911
2 8 0.0236993
2 8.5 0.0208561
2 9 0.0208422
2 9.5 0.0233841
2.5 -10 0.0341067
2.5 -9.5 0.0249579
2.5 -9 0.0269661
2.5 -8.5 0.024944
2.5 -8 0.0263267
2.5 -7.5 0.0271419
2.5 -7 0.0305578
2.5 -6.5 0.0377647
2.5 -6 0.0410868
2.5 -5.5 0.0379855
2.5 -5 0.0417529
2.5 -4.5 0.0450411
2.5 -4 0.0473867
2.5 -3.5 0.0407599
2.5 -3 0.0546488
2.5 -2.5 0.0577354
2.5 -2 0.0647801
2.5 -1.5 0.0726288
2.5 -1 0.0827143
2.5 -0.5 0.0878399
2.5 0 0.0845225
2.5 0.5 0.0826608
2.5 1 0.0792938
2.5 1.5 0.0702479
2.5 2 0.0643244
2.5 2.5 0.0558768
2.5 3 0.0591966
2.5 3.5 0.0486057
2.5 4 0.045362
2.5 4.5 0.0452913
2.5 5 0.0390876
2.5 5.5 0.0446366
2.5 6 0.025482
2.5 6.5 0.0354779
2.5 7 0.0380308
2.5 7.5 0.03389
2.5 8 0.0288583
2.5 8.5 0.0265804
2.5 9 0.0309694
2.5 9.5 0.0270434
3 -10 0.0310825
3 -9.5 0.0149059
3 -9 0.0325832
3 -8.5 0.0337402
3 -8 0.0263189
3 -7.5 0.032145
3 -7 0.0372471
3 -6.5 0.0410604
3 -6 0.0418502
3 -5.5 0.046604
3 -5 0.0490087
3 -4.5 0.0491217
3 -4 0.0502887
3 -3.5 0.060966
3 -3 0.0578094
3 -2.5 0.0704638
3 -2 0.0740518
3 -1.5 0.0800706
3 -1 0.0818079
3 -0.5 0.0855021
3 0 0.0857481
3 0.5 0.0906449
3 1 0.0840309
3 1.5 0.0789568
3 2 0.0730165
3 2.5 0.0747534
3 3 0.0591409
3 3.5 0.0597136
3 4 0.0469315
3 4.5 0.0473921
3 5 0.0496107
3 5.5 0.0402049
3 6 0.0435503
3 6.5 0.0359544
3 7 0.0421533
3 7.5 0.0291736
3 8 0.0287729
3 8.5 0.0347154
3 9 0.0250706
3 9.5 0.026246
3.5 -10 0.0329394
3.5 -9.5 0.0204635
3.5 -9 0.0303565
3.5 -8.5 0.0230212
3.5 -8 0.0439806
3.5 -7.5 0.0374612
3.5 -7 0.0482004
3.5 -6.5 0.0467007
3.5 -6 0.0433517
3.5 -5.5 0.0535363
3.5 -5 0.0566372
3.5 -4.5 0.0585186
3.5 -4 0.05638
3.5 -3.5 0.0670722
3.5 -3 0.0694958
3.5 -2.5 0.0723855
3.5 -2 0.0750095
3.5 -1.5 0.0846043
3.5 -1 0.085044
3.5 -0.5 0.0897466
3.5 0 0.0895644
3.5 0.5 0.0872977
3.5 1 0.0845991
3.5 1.5 0.0816382
3.5 2 0.0757251
3.5 2.5 0.0742005
3.5 3 0.0690646
3.5 3.5 0.0627432
3.5 4 0.0570771
3.5 4.5 0.06023
3.5 5 0.0490589
3.5 5.5 0.051019
3.5 6 0.0464994
3.5 6.5 0.0415743
3.5 7 0.0404614
3.5 7.5 0.0398462
3.5 8 0.0337536
3.5 8.5 0.0358217
3.5 9 0.0264442
3.5 9.5 0.0312623
4 -10 0.0330115
4 -9.5 0.0392946
4 -9 0.0361042
4 -8.5 0.0386355
4 -8 0.040668
4 -7.5 0.0434829
4 -7 0.047668
4 -6.5 0.0462
4 -6 0.0586132
4 -5.5 0.0529223
4 -5 0.0614613
4 -4.5 0.06802
4 -4 0.0684485
4 -3.5 0.0742133
4 -3 0.0749676
4 -2.5 0.0791621
4 -2 0.0878742
4 -1.5 0.0869329
4 -1 0.0860428
4 -0.5 0.0946529
4 0 0.0920812
4 0.5 0.0873588
4 1 0.0887499
4 1.5 0.0826719
4 2 0.0849832
4 2.5 0.0753561
4 3 0.0749114
4 3.5 0.0709436
4 4 0.0702577
4 4.5 0.0622862
4 5 0.0565389
4 5.5 0.0564578
4 6 0.060415
4 6.5 0.0483447
4 7 0.0486451
4 7.5 0.0368596
4 8 0.0336427
4 8.5 0.0400485
4 9 0.0512105
4 9.5 0.037628
4.5 -10 0.050809
4.5 -9.5 0.0389423
4.5 -9 0.0554895
4.5 -8.5 0.0328669
4.5 -8 0.0432617
4.5 -7.5 0.0446471
4.5 -7 0.0552402
4.5 -6.5 0.0547641
4.5 -6 0.0617915
4.5 -5.5 0.0643817
4.5 -5 0.0586673
4.5 -4.5 0.0752814
4.5 -4 0.0725614
4.5 -3.5 0.0787964
4.5 -3 0.0766206
4.5 -2.5 0.080883
4.5 -2 0.0878003
4.5 -1.5 0.0870711
4.5 -1 0.0915601
4.5 -0.5 0.0939372
4.5 0 0.093136
4.5 0.5 0.093252
4.5 1 0.0952725
4.5 1.5 0.0921004
4.5 2 0.0835744
4.5 2.5 0.0803456
4.5 3 0.0758428
4.5 3.5 0.0754627
4.5 4 0.0709504
4.5 4.5 0.0640029
4.5 5 0.0640357
4.5 5.5 0.0582506
4.5 6 0.0543221
4.5 6.5 0.0509847
4.5 7 0.0483116
4.5 7.5 0.0515802
4.5 8 0.0479915
4.5 8.5 0.0445979
4.5 9 0.0401567
4.5 9.5 0.037333
5 -10 0.0412205
5 -9.5 0.0307447
5 -9 0.0488914
5 -8.5 0.0456816
5 -8 0.0515881
5 -7.5 0.0587091
5 -7 0.0489271
5 -6.5 0.055748
5 -6 0.0554922
5 -5.5 0.0649186
5 -5 0.0616338
5 -4.5 0.0751437
5 -4 0.0752533
5 -3.5 0.082901
5 -3 0.0802554
5 -2.5 0.0804652
5 -2 0.0829563
5 -1.5 0.0914004
5 -1 0.0913448
5 -0.5 0.099331
5 0 0.0971098
5 0.5 0.097005
5 1 0.0967434
5 1.5 0.0914332
5 2 0.0874502
5 2.5 0.0871548
5 3 0.0857858
5 3.5 0.0814179
5 4 0.0732036
5 4.5 0.071262
5 5 0.0718537
5 5.5 0.0642585
5 6 0.0640338
5 6.5 0.0565199
5 7 0.0516018
5 7.5 0.0500207
5 8 0.0535913
5 8.5 0.0450813
5 9 0.0436055
5 9.5 0.0361126
5.5 -10 0.0434647
5.5 -9.5 0.0426294
5.5 -9 0.0492487
5.5 -8.5 0.04556
5.5 -8 0.061799
5.5 -7.5 0.0571124
5.5 -7 0.0621207
5.5 -6.5 0.0664709
5.5 -6 0.0647943
5.5 -5.5 0.0652139
5.5 -5 0.0692227
5.5 -4.5 0.082729
5.5 -4 0.0887
5.5 -3.5 0.0858072
5.5 -3 0.0892592
5.5 -2.5 0.0893375
5.5 -2 0.0941358
5.5 -1.5 0.0919541
5.5 -1 0.0949657
5.5 -0.5 0.0981217
5.5 0 0.0990132
5.5 0.5 0.0987892
5.5 1 0.0938497
5.5 1.5 0.0981248
5.5 2 0.0935724
5.5 2.5 0.0910826
5.5 3 0.0841262
5.5 3.5 0.081354
5.5 4 0.0778316
5.5 4.5 0.0769369
5.5 5 0.0727527
5.5 5.5 0.0662448
5.5 6 0.0697058
5.5 6.5 0.061023
5.5 7 0.0584786
5.5 7.5 0.0583934
5.5 8 0.0460524
5.5 8.5 0.05037
5.5 9 0.0577217
5.5 9.5 0.0462022
6 -10 0.0454553
6 -9.5 0.0490202
6 -9 0.0474883
6 -8.5 0.0533731
6 -8 0.0508613
6 -7.5 0.0547221
6 -7 0.0648493
6 -6.5 0.0624692
6 -6 0.0685175
6 -5.5 0.0667428
6 -5 0.0720126
6 -4.5 0.0748029
6 -4 0.0864739
6 -3.5 0.0853602
6 -3 0.092999
6 -2.5 0.091756
6 -2 0.091462
6 -1.5 0.0967058
6 -1 0.0914186
6 -0.5 0.100395
6 0 0.101409
6 0.5 0.0989711
6 1 0.10712
6 1.5 0.0987028
6 2 0.0971126
6 2.5 0.0977063
6 3 0.0893148
6 3.5 0.082134
6 4 0.0817806
6 4.5 0.0793589
6 5 0.0779957
6 5.5 0.0756076
6 6 0.0680944
6 6.5 0.0712603
6 7 0.0641626
6 7.5 0.0581224
6 8 0.0613671
6 8.5 0.055186
6 9 0.0499229
6 9.5 0.0445199
6.5 -10 0.0448005
6.5 -9.5 0.0478655
6.5 -9 0.0430206
6.5 -8.5 0.0594729
6.5 -8 0.0589449
6.5 -7.5 0.0618016
6.5 -7 0.0678165
6.5 -6.5 0.0656652
6.5 -6 0.0720267
6.5 -5.5 0.0766476
6.5 -5 0.0759344
6.5 -4.5 0.0829556
6.5 -4 0.0907974
6.5 -3.5 0.0856268
6.5 -3 0.0892596
6.5 -2.5 0.0928584
6.5 -2 0.0926131
6.5 -1.5 0.105322
6.5 -1 0.102372
6.5 -0.5 0.100046
6.5 0 0.101522
6.5 0.5 0.0976915
6.5 1 0.100465
6.5 1.5 0.101337
6.5 2 0.0961991
6.5 2.5 0.0869009
6.5 3 0.0941878
6.5 3.5 0.0951325
6.5 4 0.0842263
6.5 4.5 0.0805657
6.5 5 0.0776755
6.5 5.5 0.0749886
6.5 6 0.0730587
6.5 6.5 0.0690159
6.5 7 0.0665267
6.5 7.5 0.0641597
6.5 8 0.0627841
6.5 8.5 0.0587346
6.5 9 0.0573107
6.5 9.5 0.0516107
7 -10 0.054878
7 -9.5 0.0640978
7 -9 0.0485615
7 -8.5 0.069113
7 -8 0.061588
7 -7.5 0.0690031
7 -7 0.0751687
7 -6.5 0.0659818
7 -6 0.0745467
7 -5.5 0.0753038
7 -5 0.0817359
7 -4.5 0.0839028
7 -4 0.0857785
7 -3.5 0.0857359
7 -3 0.0951165
7 -2.5 0.104224
7 -2 0.0995613
7 -1.5 0.100999
7 -1 0.101388
7 -0.5 0.106619
7 0 0.0961293
7 0.5 0.107996
7 1 0.0988664
7 1.5 0.101028
7 2 0.102177
7 2.5 0.0910048
7 3 0.092346
7 3.5 0.0983664
7 4 0.0909357
7 4.5 0.0887889
7 5 0.0847062
7 5.5 0.0755531
7 6 0.077984
7 6.5 0.0686824
7 7 0.0555662
7 7.5 0.0671119
7 8 0.0659314
7 8.5 0.0490235
7 9 0.0575862
7 9.5 0.0587095
7.5 -10 0.0632869
7.5 -9.5 0.0630619
7.5 -9 0.0686219
7.5 -8.5 0.0574851
7.5 -8 0.0594943
7.5 -7.5 0.0703642
7.5 -7 0.0681691
7.5 -6.5 0.0732406
7.5 -6 0.0739783
7.5 -5.5 0.0802404
7.5 -5 0.0828247
7.5 -4.5 0.0814487
7.5 -4 0.0945479
7.5 -3.5 0.0897224
7.5 -3 0.096869
7.5 -2.5 0.0938573
7.5 -2 0.0970971
7.5 -1.5 0.104577
7.5 -1 0.103433
7.5 -0.5 0.107078
7.5 0 0.106376
7.5 0.5 0.101844
7.5 1 0.105117
7.5 1.5 0.0999346
7.5 2 0.10028
7.5 2.5 0.0998396
7.5 3 0.103669
7.5 3.5 0.0897597
7.5 4 0.0868535
7.5 4.5 0.088932
7.5 5 0.0879115
7.5 5.5 0.0803537
7.5 6 0.078515
7.5 6.5 0.0701612
7.5 7 0.0770284
7.5 7.5 0.0676003
7.5 8 0.0633842
7.5 8.5 0.0618866
7.5 9 0.056097
7.5 9.5 0.0572058
8 -10 0.0600253
8 -9.5 0.0662136
8 -9 0.0658793
8 -8.5 0.0767749
8 -8 0.0624215
8 -7.5 0.0749685
8 -7 0.0777819
8 -6.5 0.0729784
8 -6 0.0727083
8 -5.5 0.0828461
8 -5 0.0821953
8 -4.5 0.0854388
8 -4 0.0997036
8 -3.5 0.0867938
8 -3 0.0928742
8 -2.5 0.0975424
8 -2 0.101654
8 -1.5 0.105033
8 -1 0.102432
8 -0.5 0.102658
8 0 0.103182
8 0.5 0.107866
8 1 0.106945
8 1.5 0.105648
8 2 0.0994761
8 2.5 0.0997702
8 3 0.0998631
8 3.5 0.0978636
8 4 0.0911182
8 4.5 0.0852618
8 5 0.0813271
8 5.5 0.0899009
8 6 0.0788711
8 6.5 0.0721194
8 7 0.0767369
8 7.5 0.0701878
8 8 0.065603
8 8.5 0.0662219
8 9 0.0681512
8 9.5 0.0636946
8.5 -10 0.0569879
8.5 -9.5 0
8.5 -9 0.0638485
8.5 -8.5 0.0720621
8.5 -8 0.0722068
8.5 -7.5 0.0742861
8.5 -7 0.0734728
8.5 -6.5 0.0774924
8.5 -6 0.0825357
8.5 -5.5 0.0869776
8.5 -5 0.0881107
8.5 -4.5 0.0858486
8.5 -4 0.0879129
8.5 -3.5 0.0942012
8.5 -3 0.0947772
8.5 -2.5 0.0946913
8.5 -2 0.0991509
8.5 -1.5 0.103391
8.5 -1 0.101751
8.5 -0.5 0.0997003
8.5 0 0.10113
8.5 0.5 0.10646
8.5 1 0.105392
8.5 1.5 0.101086
8.5 2 0.0998081
8.5 2.5 0.102443
8.5 3 0.0963502
8.5 3.5 0.0916364
8.5 4 0.0902001
8.5 4.5 0.0862788
8.5 5 0.093381
8.5 5.5 0.0760077
8.5 6 0.0845697
8.5 6.5 0.0809249
8.5 7 0.0829345
8.5 7.5 0.0816062
8.5 8 0.0771912
8.5 8.5 0.0710809
8.5 9 0.0727778
8.5 9.5 0.0646811
9 -10 0
9 -9.5 0.0606807
9 -9 0.0707937
9 -8.5 0.0768266
9 -8 0.0720822
9 -7.5 0.0815968
9 -7 0.0803075
9 -6.5 0.0653135
9 -6 0.0864833
9 -5.5 0.0825379
9 -5 0.0838153
9 -4.5 0.0787056
9 -4 0.0897057
9 -3.5 0.0906448
9 -3 0.0986595
9 -2.5 0.0983033
9 -2 0.101497
9 -1.5 0.0966946
9 -1 0.103066
9 -0.5 0.100096
9 0 0.104294
9 0.5 0.104338
9 1 0.109783
9 1.5 0.107844
9 2 0.0987062
9 2.5 0.0938986
9 3 0.100456
9 3.5 0.100473
9 4 0.0988019
9 4.5 0.0884916
9 5 0.0843134
9 5.5 0.0840116
9 6 0.0842768
9 6.5 0.0742852
9 7 0.0791842
9 7.5 0.0758147
9 8 0.0731485
9 8.5 0.0694309
9 9 0.0775866
9 9.5 0.0693236
9.5 -10 0.0639402
9.5 -9.5 0.0719531
9.5 -9 0.0756292
9.5 -8.5 0.0747139
9.5 -8 0.0748331
9.5 -7.5 0.0767385
9.5 -7 0.0788941
9.5 -6.5 0.0843699
9.5 -6 0.084536
9.5 -5.5 0.0884095
9.5 -5 0.0852835
9.5 -4.5 0.0947569
9.5 -4 0.0944045
9.5 -3.5 0.0978448
9.5 -3 0.0964322
9.5 -2.5 0.105482
9.5 -2 0.0994702
9.5 -1.5 0.106518
9.5 -1 0.106285
9.5 -0.5 0.106415
9.5 0 0.103532
9.5 0.5 0.105027
9.5 1 0.11152
9.5 1.5 0.107077
9.5 2 0.0976243
9.5 2.5 0.0975049
9.5 3 0.0974829
9.5 3.5 0.0949715
9.5 4 0.0961702
9.5 4.5 0.0939711
9.5 5 0.085281
9.5 5.5 0.0855343
9.5 6 0.0842446
9.5 6.5 0.0819919
9.5 7 0.0820786
9.5 7.5 0.0785055
9.5 8 0.0809073
9.5 8.5 0.0668894
9.5 9 0
9.5 9.5 0
