-10 -10 0.00205085
-10 -9.5 0
-10 -9 0
-10 -8.5 0
-10 -8 0
-10 -7.5 0.00217022
-10 -7 0.00357402
-10 -6.5 0.00627373
-10 -6 0.00522059
-10 -5.5 0.00696202
-10 -5 0.0074461
-10 -4.5 0.00674208
-10 -4 0.0125644
-10 -3.5 0.00798003
-10 -3 0.00772308
-10 -2.5 0.00898725
-10 -2 0.0102751
-10 -1.5 0.0125258
-10 -1 0.010497
-10 -0.5 0.0136747
-10 0 0.0097733
-10 0.5 0.0145109
-10 1 0.0162151
-10 1.5 0.00915784
-10 2 0.00696038
-10 2.5 0.0105974
-10 3 0.0134237
-10 3.5 0.00169834
-10 4 0.00904247
-10 4.5 0.00915775
-10 5 0.0117717
-10 5.5 0.0102167
-10 6 0.00711801
-10 6.5 0.00468996
-10 7 0
-10 7.5 0.00627951
-10 8 0.00438435
-10 8.5 0.00259395
-10 9 0.00393993
-10 9.5 0.00323543
-9.5 -10 0
-9.5 -9.5 0
-9.5 -9 0.00131258
-9.5 -8.5 0.00748644
-9.5 -8 0.0100317
-9.5 -7.5 0.00465896
-9.5 -7 0.0032979
-9.5 -6.5 0.00325031
-9.5 -6 0.00631864
-9.5 -5.5 0
-9.5 -5 0.0114323
-9.5 -4.5 0.00701671
-9.5 -4 0.00991561
-9.5 -3.5 0.012136
-9.5 -3 0.0106027
-9.5 -2.5 0.00761862
-9.5 -2 0.0163853
-9.5 -1.5 0.0142558
-9.5 -1 0.00852184
-9.5 -0.5 0.01029
-9.5 0 0.0271859
-9.5 0.5 0.0153159
-9.5 1 0.0147104
-9.5 1.5 0.0129473
-9.5 2 0.0141872
-9.5 2.5 0.00826856
-9.5 3 0.0117825
-9.5 3.5 0.0154922
-9.5 4 0.00737417
-9.5 4.5 0.00940749
-9.5 5 0.00735731
-9.5 5.5 0.00855776
-9.5 6 0.00965267
-9.5 6.5 0.00778835
-9.5 7 0.00468269
-9.5 7.5 0.000624989
-9.5 8 0.00614949
-9.5 8.5 0.000880168
-9.5 9 0
-9.5 9.5 0.00140297
-9 -10 0
-9 -9.5 0.0044538
-9 -9 0.00798275
-9 -8.5 0.00345609
-9 -8 0.013211
-9 -7.5 0.00603316
-9 -7 0.0100802
-9 -6.5 0.00946889
-9 -6 0.00779741
-9 -5.5 0.00427495
-9 -5 0.0103858
-9 -4.5 0.015031
-9 -4 0.0115266
-9 -3.5 0.011454
-9 -3 0.0102305
-9 -2.5 0.0115369
-9 -2 0.0122021
-9 -1.5 0.0152552
-9 -1 0.0144599
-9 -0.5 0.0161945
-9 0 0.0157281
-9 0.5 0.0129454
-9 1 0.0106376
-9 1.5 0.0119135
-9 2 0.0134886
-9 2.5 0.0122269
-9 3 0.00818904
-9 3.5 0.0155005
-9 4 0.010093
-9 4.5 0.0112048
-9 5 0.00925376
-9 5.5 0.00627549
-9 6 0.00168649
-9 6.5 0.00704022
-9 7 0.0069943
-9 7.5 0.000798357
-9 8 0.00939136
-9 8.5 0.00741263
-9 9 0.00175273
-9 9.5 0.00456977
-8.5 -10 0
-8.5 -9.5 0.00943821
-8.5 -9 0.0115724
-8.5 -8.5 0.000211839
-8.5 -8 0.00746973
-8.5 -7.5 0.0063911
-8.5 -7 0.012123
-8.5 -6.5 0.00515326
-8.5 -6 0.0103042
-8.5 -5.5 0.0105584
-8.5 -5 0.0171779
-8.5 -4.5 0.0136357
-8.5 -4 0.0112988
-8.5 -3.5 0.0101519
-8.5 -3 0.0142282
-8.5 -2.5 0.018773
-8.5 -2 0.0165194
-8.5 -1.5 0.0166086
-8.5 -1 0.0135272
-8.5 -0.5 0.0158522
-8.5 0 0.0129952
-8.5 0.5 0.00911418
-8.5 1 0.0160926
-8.5 1.5 0.0115563
-8.5 2 0.0156349
-8.5 2.5 0.0170791
-8.5 3 0.015416
-8.5 3.5 0.0153927
-8.5 4 0.0095111
-8.5 4.5 0.010522
-8.5 5 0.0137951
-8.5 5.5 0.0062377
-8.5 6 0.0121936
-8.5 6.5 0.00605591
-8.5 7 0.00717445
-8.5 7.5 0.00914732
-8.5 8 0.00497354
-8.5 8.5 0
-8.5 9 0.00478272
-8.5 9.5 0
-8 -10 0
-8 -9.5 0.00768401
-8 -9 0.00983432
-8 -8.5 0.00905137
-8 -8 0.00885035
-8 -7.5 0.00709237
-8 -7 0.00662227
-8 -6.5 0.0105854
-8 -6 0.00749915
-8 -5.5 0.00887382
-8 -5 0.0060706
-8 -4.5 0.0136925
-8 -4 0.010769
-8 -3.5 0.0122626
-8 -3 0.0131948
-8 -2.5 0.0210777
-8 -2 0.0169745
-8 -1.5 0.0169253
-8 -1 0.0185957
-8 -0.5 0.015322
-8 0 0.0133495
-8 0.5 0.0159602
-8 1 0.0240763
-8 1.5 0.0130299
-8 2 0.0193272
-8 2.5 0.017045
-8 3 0.0161238
-8 3.5 0.0139051
-8 4 0.0173859
-8 4.5 0.0155338
-8 5 0.010981
-8 5.5 0.0110412
-8 6 0.0124606
-8 6.5 0.0106774
-8 7 0.0088096
-8 7.5 0.00382799
-8 8 0.0110468
-8 8.5 0.0114779
-8 9 0.00153368
-8 9.5 0
-7.5 -10 0.00456751
-7.5 -9.5 0.00348941
-7.5 -9 0.00699906
-7.5 -8.5 0.00981651
-7.5 -8 0.00851951
-7.5 -7.5 0.00689811
-7.5 -7 0.010953
-7.5 -6.5 0.00657025
-7.5 -6 0.0138068
-7.5 -5.5 0.00900006
-7.5 -5 0.015989
-7.5 -4.5 0.0118843
-7.5 -4 0.0138323
-7.5 -3.5 0.0155582
-7.5 -3 0.0145849
-7.5 -2.5 0.0205174
-7.5 -2 0.0160058
-7.5 -1.5 0.0185719
-7.5 -1 0.0201255
-7.5 -0.5 0.0222425
-7.5 0 0.0175289
-7.5 0.5 0.0164392
-7.5 1 0.0213008
-7.5 1.5 0.0180935
-7.5 2 0.0173328
-7.5 2.5 0.0144405
-7.5 3 0.0147305
-7.5 3.5 0.0105279
-7.5 4 0.0133797
-7.5 4.5 0.0106892
-7.5 5 0.0150587
-7.5 5.5 0.0124238
-7.5 6 0.013635
-7.5 6.5 0.00885126
-7.5 7 0.0139036
-7.5 7.5 0.00889774
-7.5 8 0.0103576
-7.5 8.5 0.00564258
-7.5 9 0.0043644
-7.5 9.5 0.000770954
-7 -10 0
-7 -9.5 0.00574901
-7 -9 0
-7 -8.5 0.00545854
-7 -8 0.00555064
-7 -7.5 0.00529283
-7 -7 0.0115714
-7 -6.5 0.0106731
-7 -6 0.0133669
-7 -5.5 0.0172537
-7 -5 0.0116982
-7 -4.5 0.0167664
-7 -4 0.0143499
-7 -3.5 0.0124226
-7 -3 0.0144448
-7 -2.5 0.0219888
-7 -2 0.0209788
-7 -1.5 0.0168737
-7 -1 0.0219774
-7 -0.5 0.0260115
-7 0 0.0210634
-7 0.5 0.019032
-7 1 0.0219834
-7 1.5 0.0221171
-7 2 0.0195483
-7 2.5 0.0195146
-7 3 0.0176633
-7 3.5 0.0192424
-7 4 0.0166578
-7 4.5 0.0155848
-7 5 0.0158022
-7 5.5 0.0117648
-7 6 0.00913164
-7 6.5 0.0110294
-7 7 0.00829684
-7 7.5 0.015927
-7 8 0.00969415
-7 8.5 0.00776909
-7 9 0.00859039
-7 9.5 7.9711e-05
-6.5 -10 0.00933256
-6.5 -9.5 0.00853463
-6.5 -9 0.00662681
-6.5 -8.5 0.00738825
-6.5 -8 0.0116037
-6.5 -7.5 0.012978
-6.5 -7 0.00780421
-6.5 -6.5 0.0136159
-6.5 -6 0.0138421
-6.5 -5.5 0.0102485
-6.5 -5 0.0176195
-6.5 -4.5 0.0181332
-6.5 -4 0.0169389
-6.5 -3.5 0.0163569
-6.5 -3 0.0178113
-6.5 -2.5 0.0220449
-6.5 -2 0.0226019
-6.5 -1.5 0.0193761
-6.5 -1 0.0195088
-6.5 -0.5 0.0217087
-6.5 0 0.0198607
-6.5 0.5 0.0231283
-6.5 1 0.0193284
-6.5 1.5 0.0181086
-6.5 2 0.0165047
-6.5 2.5 0.0196762
-6.5 3 0.0231814
-6.5 3.5 0.0177363
-6.5 4 0.01906
-6.5 4.5 0.0127252
-6.5 5 0.0143537
-6.5 5.5 0.0128254
-6.5 6 0.0145179
-6.5 6.5 0.0104401
-6.5 7 0.00785189
-6.5 7.5 0.00773855
-6.5 8 0.00652472
-6.5 8.5 0.00873762
-6.5 9 0.00633849
-6.5 9.5 0
-6 -10 0.00836258
-6 -9.5 0.00497543
-6 -9 0.00843714
-6 -8.5 0.0061011
-6 -8 0.00973865
-6 -7.5 0.00949288
-6 -7 0.0130753
-6 -6.5 0.00758015
-6 -6 0.0119879
-6 -5.5 0.0170521
-6 -5 0.0166754
-6 -4.5 0.0197017
-6 -4 0.0170621
-6 -3.5 0.0172361
-6 -3 0.0210674
-6 -2.5 0.0217652
-6 -2 0.0216868
-6 -1.5 0.0249773
-6 -1 0.0261634
-6 -0.5 0.0225732
-6 0 0.0225283
-6 0.5 0.0245026
-6 1 0.0274357
-6 1.5 0.020228
-6 2 0.024372
-6 2.5 0.0214168
-6 3 0.0205171
-6 3.5 0.0238064
-6 4 0.0156686
-6 4.5 0.018056
-6 5 0.0171651
-6 5.5 0.014246
-6 6 0.0148672
-6 6.5 0.0147304
-6 7 0.00994094
-6 7.5 0.0132774
-6 8 0.0140097
-6 8.5 0.0041772
-6 9 0.00776178
-6 9.5 0.00699499
-5.5 -10 0.0015755
-5.5 -9.5 0.00596296
-5.5 -9 0.00603101
-5.5 -8.5 0.0131339
-5.5 -8 0.00881142
-5.5 -7.5 0.00797363
-5.5 -7 0.0115324
-5.5 -6.5 0.0154769
-5.5 -6 0.0128355
-5.5 -5.5 0.0149382
-5.5 -5 0.0169578
-5.5 -4.5 0.0220176
-5.5 -4 0.0208054
-5.5 -3.5 0.0235082
-5.5 -3 0.0212722
-5.5 -2.5 0.0254305
-5.5 -2 0.0262729
-5.5 -1.5 0.0266422
-5.5 -1 0.0282154
-5.5 -0.5 0.0254741
-5.5 0 0.0326379
-5.5 0.5 0.0300247
-5.5 1 0.0275393
-5.5 1.5 0.0281012
-5.5 2 0.0280982
-5.5 2.5 0.0209445
-5.5 3 0.0243259
-5.5 3.5 0.021952
-5.5 4 0.0206838
-5.5 4.5 0.0179076
-5.5 5 0.019494
-5.5 5.5 0.0171389
-5.5 6 0.0139835
-5.5 6.5 0.0140501
-5.5 7 0.0109828
-5.5 7.5 0.00835102
-5.5 8 0.00942854
-5.5 8.5 0.00987941
-5.5 9 0.00894953
-5.5 9.5 0.00658045
-5 -10 0
-5 -9.5 0.00692897
-5 -9 0.00718623
-5 -8.5 0.0146648
-5 -8 0.0128723
-5 -7.5 0.012662
-5 -7 0.0136257
-5 -6.5 0.0204313
-5 -6 0.0165676
-5 -5.5 0.0161556
-5 -5 0.0172093
-5 -4.5 0.0179438
-5 -4 0.0242816
-5 -3.5 0.0215505
-5 -3 0.0224657
-5 -2.5 0.0271002
-5 -2 0.0296985
-5 -1.5 0.0264625
-5 -1 0.0264265
-5 -0.5 0.0280291
-5 0 0.035224
-5 0.5 0.0277542
-5 1 0.0294424
-5 1.5 0.0310634
-5 2 0.025598
-5 2.5 0.0253427
-5 3 0.0282971
-5 3.5 0.0222821
-5 4 0.0215459
-5 4.5 0.0206186
-5 5 0.0160114
-5 5.5 0.0174969
-5 6 0.0162771
-5 6.5 0.0184669
-5 7 0.0130865
-5 7.5 0.0105354
-5 8 0.0227023
-5 8.5 0.0132377
-5 9 0.0132278
-5 9.5 0.00948654
-4.5 -10 0.00432481
-4.5 -9.5 0.00790879
-4.5 -9 0.00500201
-4.5 -8.5 0.0105091
-4.5 -8 0.0163366
-4.5 -7.5 0.0161383
-4.5 -7 0.0119224
-4.5 -6.5 0.0147843
-4.5 -6 0.0208698
-4.5 -5.5 0.0186611
-4.5 -5 0.017372
-4.5 -4.5 0.0233161
-4.5 -4 0.0215152
-4.5 -3.5 0.0286901
-4.5 -3 0.0290916
-4.5 -2.5 0.0262527
-4.5 -2 0.027811
-4.5 -1.5 0.0309004
-4.5 -1 0.0354338
-4.5 -0.5 0.0317153
-4.5 0 0.030429
-4.5 0.5 0.0331675
-4.5 1 0.0335584
-4.5 1.5 0.0311637
-4.5 2 0.0361793
-4.5 2.5 0.0286308
-4.5 3 0.0261839
-4.5 3.5 0.0227217
-4.5 4 0.022032
-4.5 4.5 0.0265239
-4.5 5 0.0192771
-4.5 5.5 0.0218615
-4.5 6 0.0187531
-4.5 6.5 0.016154
-4.5 7 0.0155278
-4.5 7.5 0.00809038
-4.5 8 0.0115065
-4.5 8.5 0.0115039
-4.5 9 0.00742103
-4.5 9.5 0.00772695
-4 -10 0.00918569
-4 -9.5 0.00558608
-4 -9 0.0102986
-4 -8.5 0.0079578
-4 -8 0.0113037
-4 -7.5 0.0112041
-4 -7 0.0141738
-4 -6.5 0.0175218
-4 -6 0.0219182
-4 -5.5 0.0189276
-4 -5 0.0215757
-4 -4.5 0.0204014
-4 -4 0.0254229
-4 -3.5 0.0292691
-4 -3 0.0269067
-4 -2.5 0.0288841
-4 -2 0.0309087
-4 -1.5 0.0333113
-4 -1 0.0403427
-4 -0.5 0.0326501
-4 0 0.0335748
-4 0.5 0.0347138
-4 1 0.0366425
-4 1.5 0.0352706
-4 2 0.0346618
-4 2.5 0.0282515
-4 3 0.0287041
-4 3.5 0.0298298
-4 4 0.0263326
-4 4.5 0.0243685
-4 5 0.0183579
-4 5.5 0.0193457
-4 6 0.0155541
-4 6.5 0.017925
-4 7 0.0129326
-4 7.5 0.0188014
-4 8 0.0204237
-4 8.5 0.0075025
-4 9 0.0090458
-4 9.5 0.0110316
-3.5 -10 0.0060586
-3.5 -9.5 0.00615639
-3.5 -9 0.00890794
-3.5 -8.5 0.0103368
-3.5 -8 0.0102237
-3.5 -7.5 0.0170622
-3.5 -7 0.0175148
-3.5 -6.5 0.0199771
-3.5 -6 0.01818
-3.5 -5.5 0.0206746
-3.5 -5 0.0205752
-3.5 -4.5 0.0251522
-3.5 -4 0.0237052
-3.5 -3.5 0.0280851
-3.5 -3 0.027186
-3.5 -2.5 0.0322033
-3.5 -2 0.0338859
-3.5 -1.5 0.0355927
-3.5 -1 0.0402765
-3.5 -0.5 0.0418752
-3.5 0 0.0426349
-3.5 0.5 0.0364254
-3.5 1 0.03463
-3.5 1.5 0.0389418
-3.5 2 0.0322922
-3.5 2.5 0.0369603
-3.5 3 0.031215
-3.5 3.5 0.0276485
-3.5 4 0.0291779
-3.5 4.5 0.0274464
-3.5 5 0.0207593
-3.5 5.5 0.0219852
-3.5 6 0.0144211
-3.5 6.5 0.016813
-3.5 7 0.0200282
-3.5 7.5 0.0206559
-3.5 8 0.0134655
-3.5 8.5 0.0145493
-3.5 9 0.00992554
-3.5 9.5 0.00947765
-3 -10 0.00749918
-3 -9.5 0.00561465
-3 -9 0.00966446
-3 -8.5 0.0214951
-3 -8 0.0117686
-3 -7.5 0.0155566
-3 -7 0.0179958
-3 -6.5 0.0183084
-3 -6 0.0160581
-3 -5.5 0.0228468
-3 -5 0.0257359
-3 -4.5 0.0263146
-3 -4 0.0232748
-3 -3.5 0.0330284
-3 -3 0.0328233
-3 -2.5 0.0360482
-3 -2 0.0396562
-3 -1.5 0.0436336
-3 -1 0.0398343
-3 -0.5 0.0412208
-3 0 0.0424329
-3 0.5 0.043057
-3 1 0.0437913
-3 1.5 0.0410079
-3 2 0.0370585
-3 2.5 0.0367873
-3 3 0.0390901
-3 3.5 0.0290497
-3 4 0.0307992
-3 4.5 0.0277079
-3 5 0.0273354
-3 5.5 0.0237766
-3 6 0.0227128
-3 6.5 0.0170643
-3 7 0.016979
-3 7.5 0.0114309
-3 8 0.0135889
-3 8.5 0.00912692
-3 9 0.0123302
-3 9.5 0.00581161
-2.5 -10 0.0108406
-2.5 -9.5 0.0143454
-2.5 -9 0.00616713
-2.5 -8.5 0.0090765
-2.5 -8 0.00895212
-2.5 -7.5 0.010678
-2.5 -7 0.0157039
-2.5 -6.5 0.0160554
-2.5 -6 0.0234705
-2.5 -5.5 0.0257933
-2.5 -5 0.0240678
-2.5 -4.5 0.029269
-2.5 -4 0.0308205
-2.5 -3.5 0.0338371
-2.5 -3 0.0347947
-2.5 -2.5 0.0397915
-2.5 -2 0.0461852
-2.5 -1.5 0.0427822
-2.5 -1 0.0454092
-2.5 -0.5 0.0457216
-2.5 0 0.0433595
-2.5 0.5 0.0467769
-2.5 1 0.0483171
-2.5 1.5 0.0428394
-2.5 2 0.0397816
-2.5 2.5 0.0347505
-2.5 3 0.0317922
-2.5 3.5 0.036073
-2.5 4 0.0234783
-2.5 4.5 0.0275357
-2.5 5 0.0273403
-2.5 5.5 0.021144
-2.5 6 0.0198194
-2.5 6.5 0.0179903
-2.5 7 0.0148521
-2.5 7.5 0.012412
-2.5 8 0.014371
-2.5 8.5 0.0129828
-2.5 9 0.00653496
-2.5 9.5 0.00750741
-2 -10 0.00987003
-2 -9.5 0.0105861
-2 -9 0.0111472
-2 -8.5 0.0132458
-2 -8 0.0120552
-2 -7.5 0.0207167
-2 -7 0.0154878
-2 -6.5 0.0206318
-2 -6 0.0225602
-2 -5.5 0.021756
-2 -5 0.0263656
-2 -4.5 0.0281644
-2 -4 0.030752
-2 -3.5 0.0361699
-2 -3 0.0419181
-2 -2.5 0.0422403
-2 -2 0.0442819
-2 -1.5 0.0464908
-2 -1 0.0486088
-2 -0.5 0.0525451
-2 0 0.0497487
-2 0.5 0.0477842
-2 1 0.0491572
-2 1.5 0.0470866
-2 2 0.0445523
-2 2.5 0.0423934
-2 3 0.0397047
-2 3.5 0.0289349
-2 4 0.0296726
-2 4.5 0.0284718
-2 5 0.0253406
-2 5.5 0.0238093
-2 6 0.0237326
-2 6.5 0.0218555
-2 7 0.0177427
-2 7.5 0.015735
-2 8 0.0137755
-2 8.5 0.00767085
-2 9 0.0112336
-2 9.5 0.0111307
-1.5 -10 0
-1.5 -9.5 0.00992761
-1.5 -9 0.00873431
-1.5 -8.5 0.0120891
-1.5 -8 0.0168504
-1.5 -7.5 0.0144276
-1.5 -7 0.018153
-1.5 -6.5 0.0228941
-1.5 -6 0.0212146
-1.5 -5.5 0.0238766
-1.5 -5 0.0260309
-1.5 -4.5 0.0291251
-1.5 -4 0.029263
-1.5 -3.5 0.0359562
-1.5 -3 0.041158
-1.5 -2.5 0.0439939
-1.5 -2 0.0521026
-1.5 -1.5 0.0475774
-1.5 -1 0.0554127
-1.5 -0.5 0.0545299
-1.5 0 0.053782
-1.5 0.5 0.0543074
-1.5 1 0.0551147
-1.5 1.5 0.0535311
-1.5 2 0.0495443
-1.5 2.5 0.0431265
-1.5 3 0.0379813
-1.5 3.5 0.0335734
-1.5 4 0.0339264
-1.5 4.5 0.032317
-1.5 5 0.027507
-1.5 5.5 0.0246119
-1.5 6 0.0240938
-1.5 6.5 0.0197798
-1.5 7 0.0165667
-1.5 7.5 0.0136376
-1.5 8 0.0107743
-1.5 8.5 0.0196841
-1.5 9 0.00950075
-1.5 9.5 0.0172679
-1 -10 0.0038198
-1 -9.5 0.0140577
-1 -9 0.0104443
-1 -8.5 0.0114865
-1 -8 0.0203697
-1 -7.5 0.0198988
-1 -7 0.0256142
-1 -6.5 0.0218092
-1 -6 0.0288579
-1 -5.5 0.0256995
-1 -5 0.0295869
-1 -4.5 0.030843
-1 -4 0.0335133
-1 -3.5 0.0380963
-1 -3 0.0428045
-1 -2.5 0.0514412
-1 -2 0.0494419
-1 -1.5 0.0550353
-1 -1 0.0634825
-1 -0.5 0.0662255
-1 0 0.0677097
-1 0.5 0.0726011
-1 1 0.0623554
-1 1.5 0.0583155
-1 2 0.0517964
-1 2.5 0.0487311
-1 3 0.04246
-1 3.5 0.0433187
-1 4 0.0367005
-1 4.5 0.0287413
-1 5 0.029093
-1 5.5 0.0236634
-1 6 0.0202997
-1 6.5 0.0188911
-1 7 0.0167359
-1 7.5 0.0153705
-1 8 0.0143053
-1 8.5 0.0112877
-1 9 0.0113243
-1 9.5 0
-0.5 -10 0.0129036
-0.5 -9.5 0.0112246
-0.5 -9 0.0153074
-0.5 -8.5 0.011132
-0.5 -8 0.0137953
-0.5 -7.5 0.0160351
-0.5 -7 0.0197554
-0.5 -6.5 0.0241605
-0.5 -6 0.0257243
-0.5 -5.5 0.0261266
-0.5 -5 0.0266472
-0.5 -4.5 0.0329422
-0.5 -4 0.0342566
-0.5 -3.5 0.0374959
-0.5 -3 0.0431198
-0.5 -2.5 0.0514078
-0.5 -2 0.0542833
-0.5 -1.5 0.0613659
-0.5 -1 0.0713986
-0.5 -0.5 0.0777679
-0.5 0 0.0831994
-0.5 0.5 0.0818446
-0.5 1 0.0731016
-0.5 1.5 0.0582898
-0.5 2 0.0521847
-0.5 2.5 0.0491311
-0.5 3 0.045194
-0.5 3.5 0.0378848
-0.5 4 0.0344629
-0.5 4.5 0.0304604
-0.5 5 0.0289199
-0.5 5.5 0.0263807
-0.5 6 0.0240223
-0.5 6.5 0.0180968
-0.5 7 0.0221049
-0.5 7.5 0.0158289
-0.5 8 0.0148992
-0.5 8.5 0.0114532
-0.5 9 0.0051351
-0.5 9.5 0.00774509
0 -10 0.00858648
0 -9.5 0.0141835
0 -9 0.0136763
0 -8.5 0.0143398
0 -8 0.0140792
0 -7.5 0.0196332
0 -7 0.0148563
0 -6.5 0.0196189
0 -6 0.0252624
0 -5.5 0.0278641
0 -5 0.0289365
0 -4.5 0.0265171
0 -4 0.0361184
0 -3.5 0.0351115
0 -3 0.0441279
0 -2.5 0.0463841
0 -2 0.053591
0 -1.5 0.0653176
0 -1 0.0718548
0 -0.5 0.09312
0 0 0.112922
0 0.5 0.0926479
0 1 0.0714282
0 1.5 0.0627306
0 2 0.0547598
0 2.5 0.0491713
0 3 0.045828
0 3.5 0.0387964
0 4 0.0323795
0 4.5 0.0298526
0 5 0.030223
0 5.5 0.0257572
0 6 0.0197599
0 6.5 0.0187583
0 7 0.0193887
0 7.5 0.011065
0 8 0.0121325
0 8.5 0.00945716
0 9 0.00921782
0 9.5 0.00410617
0.5 -10 0.00895608
0.5 -9.5 0.00518715
0.5 -9 0.0107873
0.5 -8.5 0.00970463
0.5 -8 0.0136842
0.5 -7.5 0.0137291
0.5 -7 0.0157249
0.5 -6.5 0.0245835
0.5 -6 0.0226758
0.5 -5.5 0.0328265
0.5 -5 0.0231957
0.5 -4.5 0.0348234
0.5 -4 0.0358544
0.5 -3.5 0.0388497
0.5 -3 0.0443067
0.5 -2.5 0.0477809
0.5 -2 0.0552344
0.5 -1.5 0.0595577
0.5 -1 0.0710179
0.5 -0.5 0.0810309
0.5 0 0.0944486
0.5 0.5 0.0787167
0.5 1 0.0710994
0.5 1.5 0.0611371
0.5 2 0.0512406
0.5 2.5 0.04803
0.5 3 0.043583
0.5 3.5 0.0341835
0.5 4 0.0351961
0.5 4.5 0.0296236
0.5 5 0.0283775
0.5 5.5 0.0289548
0.5 6 0.0184975
0.5 6.5 0.0206921
0.5 7 0.0140789
0.5 7.5 0.020546
0.5 8 0.0195203
0.5 8.5 0.0138801
0.5 9 0.00547143
0.5 9.5 0.0113772
1 -10 0.0111015
1 -9.5 0.00754403
1 -9 0.0117221
1 -8.5 0.0133587
1 -8 0.0200351
1 -7.5 0.0165181
1 -7 0.0200013
1 -6.5 0.0195524
1 -6 0.0214906
1 -5.5 0.0233211
1 -5 0.025829
1 -4.5 0.0307082
1 -4 0.0340762
1 -3.5 0.040039
1 -3 0.0433758
1 -2.5 0.0444274
1 -2 0.049445
1 -1.5 0.0531635
1 -1 0.0627101
1 -0.5 0.0692148
1 0 0.0742825
1 0.5 0.0709265
1 1 0.0611463
1 1.5 0.0617644
1 2 0.0514071
1 2.5 0.0470483
1 3 0.0426643
1 3.5 0.0345832
1 4 0.036281
1 4.5 0.0326857
1 5 0.0289669
1 5.5 0.0237805
1 6 0.0220401
1 6.5 0.0241566
1 7 0.0157241
1 7.5 0.0161556
1 8 0.00973873
1 8.5 0.019155
1 9 0.00655648
1 9.5 0.011425
1.5 -10 0.0124803
1.5 -9.5 0.00809121
1.5 -9 0.00790873
1.5 -8.5 0.0162811
1.5 -8 0.0179232
1.5 -7.5 0.0179321
1.5 -7 0.0187651
1.5 -6.5 0.023034
1.5 -6 0.0233428
1.5 -5.5 0.0274799
1.5 -5 0.025637
1.5 -4.5 0.0279263
1.5 -4 0.0336432
1.5 -3.5 0.0399021
1.5 -3 0.0405231
1.5 -2.5 0.0410834
1.5 -2 0.0476636
1.5 -1.5 0.0510627
1.5 -1 0.0534043
1.5 -0.5 0.0556225
1.5 0 0.0576636
1.5 0.5 0.058215
1.5 1 0.0585233
1.5 1.5 0.054578
1.5 2 0.048174
1.5 2.5 0.0457945
1.5 3 0.0418883
1.5 3.5 0.0392887
1.5 4 0.0304483
1.5 4.5 0.0291597
1.5 5 0.0326297
1.5 5.5 0.0244671
1.5 6 0.0222555
1.5 6.5 0.0215494
1.5 7 0.0184912
1.5 7.5 0.0153193
1.5 8 0.0183304
1.5 8.5 0.0213686
1.5 9 0.0143983
1.5 9.5 0.0165251
2 -10 0.00768127
2 -9.5 0.00550773
2 -9 0.0169821
2 -8.5 0.0147661
2 -8 0.0185097
2 -7.5 0.0147375
2 -7 0.0121866
2 -6.5 0.0194677
2 -6 0.0201953
2 -5.5 0.0220798
2 -5 0.0302557
2 -4.5 0.0318875
2 -4 0.0312983
2 -3.5 0.0351563
2 -3 0.0363335
2 -2.5 0.0390488
2 -2 0.0413746
2 -1.5 0.0497411
2 -1 0.0502776
2 -0.5 0.0516349
2 0 0.0493333
2 0.5 0.0498336
2 1 0.0508688
2 1.5 0.0436222
2 2 0.0448742
2 2.5 0.0408477
2 3 0.040537
2 3.5 0.0362754
2 4 0.0356532
2 4.5 0.0298526
2 5 0.0297507
2 5.5 0.0232263
2 6 0.021514
2 6.5 0.0152325
2 7 0.0178731
2 7.5 0.016626
2 8 0.0113018
2 8.5 0.00870366
2 9 0.0121432
2 9.5 0.0196778
2.5 -10 0.0109694
2.5 -9.5 0.00720446
2.5 -9 0.00797147
2.5 -8.5 0.0107052
2.5 -8 0.0128644
2.5 -7.5 0.0175225
2.5 -7 0.0147397
2.5 -6.5 0.0189758
2.5 -6 0.0191194
2.5 -5.5 0.0201507
2.5 -5 0.0254172
2.5 -4.5 0.0299984
2.5 -4 0.034205
2.5 -3.5 0.0387573
2.5 -3 0.0384143
2.5 -2.5 0.0395033
2.5 -2 0.0398818
2.5 -1.5 0.0435921
2.5 -1 0.0435786
2.5 -0.5 0.047026
2.5 0 0.0455569
2.5 0.5 0.0474427
2.5 1 0.0416823
2.5 1.5 0.0447147
2.5 2 0.0407464
2.5 2.5 0.0389639
2.5 3 0.0355209
2.5 3.5 0.0304224
2.5 4 0.0351701
2.5 4.5 0.0298853
2.5 5 0.0273723
2.5 5.5 0.0240658
2.5 6 0.0237498
2.5 6.5 0.0186448
2.5 7 0.0143769
2.5 7.5 0.0134697
2.5 8 0.0150972
2.5 8.5 0.0122225
2.5 9 0.00769148
2.5 9.5 0.0118327
3 -10 0.00832063
3 -9.5 0.00933361
3 -9 0.011563
3 -8.5 0.0160866
3 -8 0.0194006
3 -7.5 0.016504
3 -7 0.0120464
3 -6.5 0.0141414
3 -6 0.0207732
3 -5.5 0.0217378
3 -5 0.025897
3 -4.5 0.0238763
3 -4 0.0315312
3 -3.5 0.0328046
3 -3 0.0311726
3 -2.5 0.0378026
3 -2 0.0382026
3 -1.5 0.0413902
3 -1 0.0449654
3 -0.5 0.0447083
3 0 0.0400253
3 0.5 0.0435208
3 1 0.0388153
3 1.5 0.0401693
3 2 0.0400631
3 2.5 0.0337643
3 3 0.0350905
3 3.5 0.0311164
3 4 0.0336279
3 4.5 0.025521
3 5 0.0233509
3 5.5 0.0194436
3 6 0.0223488
3 6.5 0.0178358
3 7 0.0152031
3 7.5 0.0134017
3 8 0.0148472
3 8.5 0.0121485
3 9 0.00912364
3 9.5 0.0133528
3.5 -10 0.00967568
3.5 -9.5 0.00639961
3.5 -9 0.0139469
3.5 -8.5 0.0120738
3.5 -8 0.00757565
3.5 -7.5 0.0130109
3.5 -7 0.0145081
3.5 -6.5 0.021924
3.5 -6 0.0212669
3.5 -5.5 0.0207872
3.5 -5 0.0262004
3.5 -4.5 0.0223942
3.5 -4 0.026328
3.5 -3.5 0.026212
3.5 -3 0.0322985
3.5 -2.5 0.0339567
3.5 -2 0.036557
3.5 -1.5 0.0380004
3.5 -1 0.0423991
3.5 -0.5 0.0385726
3.5 0 0.0409777
3.5 0.5 0.042136
3.5 1 0.0378124
3.5 1.5 0.0383075
3.5 2 0.0357121
3.5 2.5 0.0324118
3.5 3 0.033136
3.5 3.5 0.0314396
3.5 4 0.0284237
3.5 4.5 0.02535
3.5 5 0.020889
3.5 5.5 0.0224016
3.5 6 0.0232675
3.5 6.5 0.0135156
3.5 7 0.0207642
3.5 7.5 0.0119205
3.5 8 0.00872936
3.5 8.5 0.00652226
3.5 9 0.00479399
3.5 9.5 0.0110204
4 -10 0.0124627
4 -9.5 0.00483865
4 -9 0.00776778
4 -8.5 0.0112195
4 -8 0.0118043
4 -7.5 0.00917772
4 -7 0.016835
4 -6.5 0.0185867
4 -6 0.0139047
4 -5.5 0.0188627
4 -5 0.0220839
4 -4.5 0.0234087
4 -4 0.023603
4 -3.5 0.0260708
4 -3 0.0295191
4 -2.5 0.0289832
4 -2 0.0300164
4 -1.5 0.0330537
4 -1 0.0345932
4 -0.5 0.0337627
4 0 0.0363651
4 0.5 0.0374547
4 1 0.0367081
4 1.5 0.034328
4 2 0.0341048
4 2.5 0.0266625
4 3 0.0293121
4 3.5 0.0265411
4 4 0.0264335
4 4.5 0.0211457
4 5 0.0183674
4 5.5 0.0197041
4 6 0.0168023
4 6.5 0.0157984
4 7 0.0146075
4 7.5 0.00801881
4 8 0.00870796
4 8.5 0.0104488
4 9 0.0152867
4 9.5 0.0101201
4.5 -10 0
4.5 -9.5 0.0109785
4.5 -9 0.0168187
4.5 -8.5 0.0100445
4.5 -8 0.0116031
4.5 -7.5 0.0111992
4.5 -7 0.0193679
4.5 -6.5 0.015593
4.5 -6 0.0222432
4.5 -5.5 0.0205173
4.5 -5 0.0211737
4.5 -4.5 0.0231043
4.5 -4 0.0218255
4.5 -3.5 0.0235619
4.5 -3 0.0258474
4.5 -2.5 0.027141
4.5 -2 0.0275136
4.5 -1.5 0.0357705
4.5 -1 0.0333907
4.5 -0.5 0.0351576
4.5 0 0.0337508
4.5 0.5 0.0328153
4.5 1 0.0305716
4.5 1.5 0.0315974
4.5 2 0.0305378
4.5 2.5 0.031019
4.5 3 0.0282726
4.5 3.5 0.026987
4.5 4 0.0258958
4.5 4.5 0.0217512
4.5 5 0.0212071
4.5 5.5 0.0179315
4.5 6 0.0166799
4.5 6.5 0.0148743
4.5 7 0.0139995
4.5 7.5 0.0135459
4.5 8 0.00781869
4.5 8.5 0.0141786
4.5 9 0.00647941
4.5 9.5 0.00846755
5 -10 0
5 -9.5 0.00481949
5 -9 0.0071501
5 -8.5 0.00925649
5 -8 0.0133616
5 -7.5 0.0145355
5 -7 0.0103668
5 -6.5 0.0134101
5 -6 0.0154473
5 -5.5 0.0171306
5 -5 0.0180286
5 -4.5 0.0224693
5 -4 0.0241776
5 -3.5 0.01822
5 -3 0.0283246
5 -2.5 0.0291949
5 -2 0.0272119
5 -1.5 0.0276671
5 -1 0.0300666
5 -0.5 0.0302072
5 0 0.0311928
5 0.5 0.0292085
5 1 0.0292479
5 1.5 0.0300763
5 2 0.0306825
5 2.5 0.0266626
5 3 0.0308324
5 3.5 0.0208201
5 4 0.0197596
5 4.5 0.0199768
5 5 0.0205261
5 5.5 0.0184366
5 6 0.0160275
5 6.5 0.00945657
5 7 0.0149688
5 7.5 0.0117897
5 8 0.00407297
5 8.5 0.0054831
5 9 0.00350155
5 9.5 0.00797944
5.5 -10 0.00906196
5.5 -9.5 0.0133468
5.5 -9 0.0121614
5.5 -8.5 0.0109638
5.5 -8 0.00699522
5.5 -7.5 0.0109204
5.5 -7 0.0148069
5.5 -6.5 0.0134614
5.5 -6 0.0143785
5.5 -5.5 0.0154708
5.5 -5 0.015581
5.5 -4.5 0.0174504
5.5 -4 0.0200027
5.5 -3.5 0.0184388
5.5 -3 0.0194766
5.5 -2.5 0.0261248
5.5 -2 0.0213965
5.5 -1.5 0.0246375
5.5 -1 0.0288848
5.5 -0.5 0.0288509
5.5 0 0.0215962
5.5 0.5 0.0329387
5.5 1 0.0249005
5.5 1.5 0.0284482
5.5 2 0.0209601
5.5 2.5 0.0254318
5.5 3 0.0193856
5.5 3.5 0.0222421
5.5 4 0.0197246
5.5 4.5 0.0161918
5.5 5 0.0182189
5.5 5.5 0.0149552
5.5 6 0.0123377
5.5 6.5 0.0178971
5.5 7 0.0118175
5.5 7.5 0.0113618
5.5 8 0.0089596
5.5 8.5 0.00283586
5.5 9 0.0067311
5.5 9.5 0.00977312
6 -10 0.00631345
6 -9.5 0.0033051
6 -9 0.00602289
6 -8.5 0.00124964
6 -8 0.0100126
6 -7.5 0.0105814
6 -7 0.0104938
6 -6.5 0.014027
6 -6 0.0143062
6 -5.5 0.0155774
6 -5 0.0148742
6 -4.5 0.0216438
6 -4 0.0197067
6 -3.5 0.0239003
6 -3 0.0217216
6 -2.5 0.0223244
6 -2 0.0246647
6 -1.5 0.020614
6 -1 0.0296223
6 -0.5 0.0280257
6 0 0.0238778
6 0.5 0.0252082
6 1 0.0197201
6 1.5 0.0257687
6 2 0.0199555
6 2.5 0.0210675
6 3 0.0226472
6 3.5 0.0222578
6 4 0.0199882
6 4.5 0.0103465
6 5 0.0151648
6 5.5 0.0160312
6 6 0.00928689
6 6.5 0.0126979
6 7 0.0053193
6 7.5 0.00854509
6 8 0.00987322
6 8.5 0.00887291
6 9 0.00701624
6 9.5 0.004648
6.5 -10 0.00311745
6.5 -9.5 0.00759673
6.5 -9 0.00389024
6.5 -8.5 0.00732671
6.5 -8 0.0110863
6.5 -7.5 0.00864236
6.5 -7 0.0065487
6.5 -6.5 0.0101102
6.5 -6 0.0120484
6.5 -5.5 0.0136829
6.5 -5 0.0148274
6.5 -4.5 0.021271
6.5 -4 0.0142483
6.5 -3.5 0.0171604
6.5 -3 0.0169411
6.5 -2.5 0.0231117
6.5 -2 0.0204554
6.5 -1.5 0.0230121
6.5 -1 0.0224496
6.5 -0.5 0.0247046
6.5 0 0.0244628
6.5 0.5 0.0253245
6.5 1 0.0256119
6.5 1.5 0.024126
6.5 2 0.0235145
6.5 2.5 0.0164664
6.5 3 0.0150061
6.5 3.5 0.0170583
6.5 4 0.0123377
6.5 4.5 0.0168436
6.5 5 0.0134776
6.5 5.5 0.0165449
6.5 6 0.0152747
6.5 6.5 0.00792693
6.5 7 0.0179655
6.5 7.5 0.0112719
6.5 8 0.0116235
6.5 8.5 0.00707436
6.5 9 0.00875291
6.5 9.5 0.0042754
7 -10 0.00425613
7 -9.5 0.00449161
7 -9 0.00804278
7 -8.5 0.01436
7 -8 0.0116179
7 -7.5 0.00511585
7 -7 0.00446865
7 -6.5 0.0126075
7 -6 0.0146492
7 -5.5 0.0092029
7 -5 0.0113289
7 -4.5 0.0144092
7 -4 0.0182104
7 -3.5 0.0158054
7 -3 0.0204582
7 -2.5 0.016323
7 -2 0.0221396
7 -1.5 0.022536
7 -1 0.0240026
7 -0.5 0.0185797
7 0 0.0237658
7 0.5 0.0214953
7 1 0.0211989
7 1.5 0.0189504
7 2 0.0249064
7 2.5 0.0183489
7 3 0.0178345
7 3.5 0.0236135
7 4 0.0141318
7 4.5 0.0162668
7 5 0.0121609
7 5.5 0.0119262
7 6 0.0100127
7 6.5 0.0179264
7 7 0.0106101
7 7.5 0.0100089
7 8 0.00980597
7 8.5 0.0179206
7 9 0.00496569
7 9.5 0
7.5 -10 0.00359109
7.5 -9.5 0.00611139
7.5 -9 0.00498588
7.5 -8.5 0.00638458
7.5 -8 0.0109383
7.5 -7.5 0.0124823
7.5 -7 0.0079497
7.5 -6.5 0.0139304
7.5 -6 0.0149157
7.5 -5.5 0.0117061
7.5 -5 0.0127321
7.5 -4.5 0.0125535
7.5 -4 0.0111292
7.5 -3.5 0.0159583
7.5 -3 0.016538
7.5 -2.5 0.0141851
7.5 -2 0.020607
7.5 -1.5 0.0182678
7.5 -1 0.0189451
7.5 -0.5 0.019148
7.5 0 0.0206663
7.5 0.5 0.0235959
7.5 1 0.0160341
7.5 1.5 0.0167706
7.5 2 0.0154848
7.5 2.5 0.0136841
7.5 3 0.0145966
7.5 3.5 0.0154531
7.5 4 0.0147895
7.5 4.5 0.0132918
7.5 5 0.00873932
7.5 5.5 0.00874948
7.5 6 0.0145098
7.5 6.5 0.00685422
7.5 7 0.00853443
7.5 7.5 0.0125616
7.5 8 0.00716069
7.5 8.5 0.00505949
7.5 9 0.00844323
7.5 9.5 0.00660649
8 -10 0.00418806
8 -9.5 0
8 -9 0.0013013
8 -8.5 0.00184774
8 -8 0.00928638
8 -7.5 0.0024617
8 -7 0.00526103
8 -6.5 0.00643715
8 -6 0.0112705
8 -5.5 0.0124896
8 -5 0.00960623
8 -4.5 0.0131905
8 -4 0.0117601
8 -3.5 0.01999
8 -3 0.0114865
8 -2.5 0.0134207
8 -2 0.0170099
8 -1.5 0.0125352
8 -1 0.0147289
8 -0.5 0.019568
8 0 0.0156644
8 0.5 0.0183878
8 1 0.011881
8 1.5 0.0205107
8 2 0.0148818
8 2.5 0.0128134
8 3 0.0157824
8 3.5 0.0137843
8 4 0.0128806
8 4.5 0.014266
8 5 0.00867417
8 5.5 0.0070693
8 6 0.00623403
8 6.5 0.00716999
8 7 0.00796223
8 7.5 0.0140976
8 8 0
8 8.5 0.00610431
8 9 0.00838247
8 9.5 0.00242424
8.5 -10 0.00729403
8.5 -9.5 0
8.5 -9 0.00355865
8.5 -8.5 0.00659997
8.5 -8 0.0147446
8.5 -7.5 0.00593091
8.5 -7 0.00859981
8.5 -6.5 0.0121007
8.5 -6 0.0105962
8.5 -5.5 0.0111265
8.5 -5 0.0113538
8.5 -4.5 0.0154566
8.5 -4 0.0148902
8.5 -3.5 0.0121392
8.5 -3 0.0125145
8.5 -2.5 0.0143928
8.5 -2 0.0157604
8.5 -1.5 0.0188407
8.5 -1 0.0218138
8.5 -0.5 0.0286058
8.5 0 0.015883
8.5 0.5 0.0132974
8.5 1 0.0154972
8.5 1.5 0.013628
8.5 2 0.011079
8.5 2.5 0.0124976
8.5 3 0.0189855
8.5 3.5 0.0144634
8.5 4 0.0170601
8.5 4.5 0.00992517
8.5 5 0.00539607
8.5 5.5 0.0110092
8.5 6 0.0072058
8.5 6.5 0.0100969
8.5 7 0.00486862
8.5 7.5 0.0083154
8.5 8 0.0045481
8.5 8.5 0.00692344
8.5 9 0.00114592
8.5 9.5 0.00286796
9 -10 0
9 -9.5 0
9 -9 0.00677108
9 -8.5 0.00198254
9 -8 0.00900132
9 -7.5 0.00803943
9 -7 0.0114833
9 -6.5 0.0112908
9 -6 0.0067281
9 -5.5 0.0119096
9 -5 0.0118152
9 -4.5 0.0286087
9 -4 0.0165257
9 -3.5 0.0113954
9 -3 0.0130715
9 -2.5 0.0134327
9 -2 0.00852423
9 -1.5 0.011695
9 -1 0.0129491
9 -0.5 0.0124715
9 0 0.0106271
9 0.5 0.0121521
9 1 0.0110438
9 1.5 0.0126017
9 2 0.0189948
9 2.5 0.014314
9 3 0.0122577
9 3.5 0.0178655
9 4 0.00741998
9 4.5 0.0139206
9 5 0.013323
9 5.5 0.00828473
9 6 0.00812775
9 6.5 0.00852602
9 7 0.00659767
9 7.5 0.00829328
9 8 0
9 8.5 0.000347086
9 9 0
9 9.5 0.00424609
9.5 -10 0
9.5 -9.5 0.00457075
9.5 -9 0.0089051
9.5 -8.5 0.0088325
9.5 -8 0.00439908
9.5 -7.5 0.011466
9.5 -7 0.00676024
9.5 -6.5 0.00573508
9.5 -6 0.00748038
9.5 -5.5 0.00797716
9.5 -5 0.0127718
9.5 -4.5 0.0145852
9.5 -4 0.0120069
9.5 -3.5 0.0097524
9.5 -3 0.0149674
9.5 -2.5 0.0102572
9.5 -2 0.0127622
9.5 -1.5 0.0132791
9.5 -1 0.00695093
9.5 -0.5 0.0121001
9.5 0 0.0142165
9.5 0.5 0.0127647
9.5 1 0.0160818
9.5 1.5 0.0123118
9.5 2 0.0152667
9.5 2.5 0.0100892
9.5 3 0.00889416
9.5 3.5 0.00841452
9.5 4 0.006262
9.5 4.5 0.00883406
9.5 5 0.00702223
9.5 5.5 0.0081919
9.5 6 0.00941408
9.5 6.5 0.00861709
9.5 7 0.00814142
9.5 7.5 0.00629917
9.5 8 0.00587157
9.5 8.5 0.00252195
9.5 9 0
9.5 9.5 0
