#SVE points (r, sigmaR, sigmaZ, sigmaPhi, sigmaMajRestored)
8.9  210.459642092  156.598823857  156.598823857  156.598823857
9.0  209.919182562  156.157920412  156.157920412  156.157920412
9.1  209.388810164  155.724906879  155.724906879  155.724906879
9.2  208.868392938  155.29967728  155.29967728  155.29967728
9.3  208.357800075  154.88212665  154.88212665  154.88212665
9.4  207.856901904  154.472151035  154.472151035  154.472151035
9.5  207.365569895  154.069647483  154.069647483  154.069647483
9.6  206.883676647  153.674514037  153.674514037  153.674514037
9.7  206.411095882  153.286649729  153.286649729  153.286649729
9.8  205.947702445  152.905954573  152.905954573  152.905954573
9.9  205.493372293  152.532329556  152.532329556  152.532329556
10.0  205.04798249  152.165676634  152.165676634  152.165676634
10.1  204.611411204  151.805898727  151.805898727  151.805898727
10.2  204.183537699  151.452899706  151.452899706  151.452899706
10.3  203.764242328  151.106584392  151.106584392  151.106584392
10.4  203.353406531  150.766858546  150.766858546  150.766858546
10.5  202.950912826  150.433628867  150.433628867  150.433628867
10.6  202.556644805  150.106802979  150.106802979  150.106802979
10.7  202.170487126  149.786289429  149.786289429  149.786289429
10.8  201.792325511  149.471997679  149.471997679  149.471997679
10.9  201.422046737  149.1638381  149.1638381  149.1638381
11.0  201.059538632  148.861721966  148.861721966  148.861721966
11.1  200.704690067  148.565561446  148.565561446  148.565561446
11.2  200.357390955  148.275269598  148.275269598  148.275269598
11.3  200.01753224  147.990760365  147.990760365  147.990760365
11.4  199.685005893  147.711948565  147.711948565  147.711948565
11.5  199.359704908  147.438749889  147.438749889  147.438749889
11.6  199.041523295  147.17108089  147.17108089  147.17108089
11.7  198.730356072  146.90885898  146.90885898  146.90885898
11.8  198.426099264  146.652002423  146.652002423  146.652002423
11.9  198.128649895  146.400430329  146.400430329  146.400430329
12.0  197.83790598  146.154062648  146.154062648  146.154062648
12.1  197.553766522  145.912820162  145.912820162  145.912820162
12.2  197.276131507  145.676624482  145.676624482  145.676624482
12.3  197.004901895  145.44539804  145.44539804  145.44539804
12.4  196.739979619  145.219064084  145.219064084  145.219064084
12.5  196.481267573  144.99754667  144.99754667  144.99754667
12.6  196.228669612  144.780770658  144.780770658  144.780770658
12.7  195.982090546  144.568661707  144.568661707  144.568661707
12.8  195.741436128  144.361146267  144.361146267  144.361146267
12.9  195.506613056  144.158151572  144.158151572  144.158151572
13.0  195.277528965  143.959605638  143.959605638  143.959605638
13.1  195.054092418  143.765437255  143.765437255  143.765437255
13.2  194.836212905  143.575575981  143.575575981  143.575575981
13.3  194.623800833  143.389952137  143.389952137  143.389952137
13.4  194.416767526  143.2084968  143.2084968  143.2084968
13.5  194.215025213  143.031141799  143.031141799  143.031141799
13.6  194.018487028  142.85781971  142.85781971  142.85781971
13.7  193.827066999  142.688463845  142.688463845  142.688463845
13.8  193.640680048  142.523008255  142.523008255  142.523008255
13.9  193.459241981  142.361387717  142.361387717  142.361387717
14.0  193.282669486  142.203537732  142.203537732  142.203537732
14.1  193.110880123  142.049394519  142.049394519  142.049394519
14.2  192.943792323  141.898895008  141.898895008  141.898895008
14.3  192.781325379  141.751976838  141.751976838  141.751976838
14.4  192.623399444  141.608578348  141.608578348  141.608578348
14.5  192.469935521  141.468638572  141.468638572  141.468638572
14.6  192.320855462  141.332097236  141.332097236  141.332097236
14.7  192.176081959  141.198894751  141.198894751  141.198894751
14.8  192.035538541  141.068972209  141.068972209  141.068972209
14.9  191.899149567  140.942271374  140.942271374  140.942271374
15.0  191.766840221  140.818734681  140.818734681  140.818734681
15.0  191.766840221  140.818734681  140.818734681  140.818734681
15.1  191.638536506  140.698305229  140.698305229  140.698305229
15.2  191.51416524  140.580926776  140.580926776  140.580926776
15.3  191.39365405  140.466543733  140.466543733  140.466543733
15.4  191.276931364  140.35510116  140.35510116  140.35510116
15.5  191.163926411  140.246544762  140.246544762  140.246544762
15.6  191.05456921  140.14082088  140.14082088  140.14082088
15.7  190.948790569  140.037876488  140.037876488  140.037876488
15.8  190.846522076  139.937659191  139.937659191  139.937659191
15.9  190.747696096  139.840117215  139.840117215  139.840117215
16.0  190.652245766  139.745199405  139.745199405  139.745199405
16.1  190.560104987  139.652855218  139.652855218  139.652855218
16.2  190.471208422  139.563034721  139.563034721  139.563034721
16.3  190.385491489  139.475688584  139.475688584  139.475688584
16.4  190.302890354  139.390768075  139.390768075  139.390768075
16.5  190.223341929  139.308225055  139.308225055  139.308225055
16.6  190.146783866  139.228011975  139.228011975  139.228011975
16.7  190.07315455  139.150081871  139.150081871  139.150081871
16.8  190.002393094  139.074388354  139.074388354  139.074388354
16.9  189.934439337  139.000885615  139.000885615  139.000885615
17.0  189.869233835  138.92952841  138.92952841  138.92952841
17.1  189.806717856  138.860272063  138.860272063  138.860272063
17.2  189.746833379  138.793072457  138.793072457  138.793072457
17.3  189.689523083  138.727886031  138.727886031  138.727886031
17.4  189.634730347  138.664669774  138.664669774  138.664669774
17.5  189.582399242  138.603381224  138.603381224  138.603381224
17.6  189.532474526  138.543978458  138.543978458  138.543978458
17.7  189.484901639  138.486420093  138.486420093  138.486420093
17.8  189.439626702  138.430665276  138.430665276  138.430665276
17.9  189.396596502  138.376673684  138.376673684  138.376673684
18.0  189.3557585  138.324405519  138.324405519  138.324405519
18.1  189.317060815  138.273821498  138.273821498  138.273821498
18.2  189.280452225  138.224882858  138.224882858  138.224882858
18.3  189.245882159  138.177551343  138.177551343  138.177551343
18.4  189.213300695  138.131789205  138.131789205  138.131789205
18.5  189.182658552  138.087559197  138.087559197  138.087559197
18.6  189.153907087  138.04482457  138.04482457  138.04482457
18.7  189.126998289  138.003549067  138.003549067  138.003549067
18.8  189.101884776  137.963696921  137.963696921  137.963696921
18.9  189.078519788  137.925232849  137.925232849  137.925232849
19.0  189.056857181  137.888122049  137.888122049  137.888122049
19.1  189.036851426  137.852330195  137.852330195  137.852330195
19.2  189.018457602  137.817823432  137.817823432  137.817823432
19.3  189.001631391  137.784568374  137.784568374  137.784568374
19.4  188.986329074  137.752532099  137.752532099  137.752532099
19.5  188.972507523  137.721682143  137.721682143  137.721682143
19.6  188.960124204  137.691986498  137.691986498  137.691986498
19.7  188.949137162  137.663413608  137.663413608  137.663413608
19.8  188.939505025  137.635932365  137.635932365  137.635932365
19.9  188.931186994  137.609512103  137.609512103  137.609512103
20.0  188.924142841  137.584122596  137.584122596  137.584122596
20.1  188.918332902  137.559734053  137.559734053  137.559734053
20.2  188.913718077  137.536317115  137.536317115  137.536317115
20.3  188.910259818  137.513842849  137.513842849  137.513842849
20.4  188.90792013  137.492282749  137.492282749  137.492282749
20.5  188.906661567  137.471608725  137.471608725  137.471608725
20.6  188.906447221  137.451793105  137.451793105  137.451793105
20.7  188.907240727  137.432808628  137.432808628  137.432808628
20.8  188.909006248  137.414628443  137.414628443  137.414628443
20.9  188.911708478  137.397226101  137.397226101  137.397226101
21.0  188.915312637  137.380575555  137.380575555  137.380575555
21.1  188.919784461  137.364651155  137.364651155  137.364651155
21.2  188.925090203  137.349427644  137.349427644  137.349427644
21.3  188.931196627  137.334880155  137.334880155  137.334880155
21.4  188.938071003  137.320984206  137.320984206  137.320984206
21.5  188.945681103  137.307715697  137.307715697  137.307715697
21.6  188.953995194  137.295050908  137.295050908  137.295050908
21.7  188.962982041  137.282966492  137.282966492  137.282966492
21.8  188.972610894  137.271439476  137.271439476  137.271439476
21.9  188.982851487  137.260447251  137.260447251  137.260447251
22.0  188.993674037  137.249967576  137.249967576  137.249967576
22.1  189.005049235  137.239978569  137.239978569  137.239978569
22.2  189.016948243  137.230458705  137.230458705  137.230458705
22.3  189.029342691  137.221386813  137.221386813  137.221386813
22.4  189.042204673  137.212742072  137.212742072  137.212742072
22.5  189.055506739  137.204504009  137.204504009  137.204504009
22.6  189.069221896  137.196652493  137.196652493  137.196652493
22.7  189.0833236  137.189167734  137.189167734  137.189167734
22.8  189.097785755  137.182030278  137.182030278  137.182030278
22.9  189.112582704  137.175221004  137.175221004  137.175221004
23.0  189.127689232  137.168721123  137.168721123  137.168721123
23.1  189.143080554  137.16251217  137.16251217  137.16251217
23.2  189.158732317  137.156576005  137.156576005  137.156576005
23.3  189.174620593  137.150894807  137.150894807  137.150894807
23.4  189.190721876  137.145451074  137.145451074  137.145451074
23.5  189.207013077  137.140227614  137.140227614  137.140227614
23.6  189.223471521  137.135207549  137.135207549  137.135207549
23.7  189.240074943  137.130374307  137.130374307  137.130374307
23.8  189.256801482  137.125711618  137.125711618  137.125711618
23.9  189.273629682  137.121203516  137.121203516  137.121203516
24.0  189.290538481  137.116834332  137.116834332  137.116834332
24.1  189.307507213  137.11258869  137.11258869  137.11258869
24.2  189.324515603  137.108451507  137.108451507  137.108451507
24.3  189.341543759  137.104407988  137.104407988  137.104407988
24.4  189.358572175  137.100443625  137.100443625  137.100443625
24.5  189.37558172  137.09654419  137.09654419  137.09654419
24.6  189.392553639  137.092695735  137.092695735  137.092695735
24.7  189.40946955  137.088884591  137.088884591  137.088884591
24.8  189.426311435  137.085097358  137.085097358  137.085097358
24.9  189.44306164  137.081320912  137.081320912  137.081320912
25.0  189.459702873  137.077542391  137.077542391  137.077542391
25.1  189.476218194  137.073749203  137.073749203  137.073749203
25.2  189.492591019  137.069929012  137.069929012  137.069929012
25.3  189.508805111  137.066069747  137.066069747  137.066069747
25.4  189.524844576  137.062159589  137.062159589  137.062159589
25.5  189.540693866  137.058186974  137.058186974  137.058186974
25.6  189.556337766  137.054140587  137.054140587  137.054140587
25.7  189.571761397  137.050009362  137.050009362  137.050009362
25.8  189.586950211  137.045782477  137.045782477  137.045782477
25.9  189.601889987  137.041449353  137.041449353  137.041449353
26.0  189.616566827  137.03699965  137.03699965  137.03699965
26.1  189.630967153  137.032423265  137.032423265  137.032423265
26.2  189.645077703  137.027710327  137.027710327  137.027710327
26.3  189.658885529  137.022851199  137.022851199  137.022851199
26.4  189.672377992  137.017836472  137.017836472  137.017836472
26.5  189.685542759  137.01265696  137.01265696  137.01265696
26.6  189.6983678  137.007303704  137.007303704  137.007303704
26.7  189.710841385  137.001767965  137.001767965  137.001767965
26.8  189.722952079  136.99604122  136.99604122  136.99604122
26.9  189.73468874  136.990115165  136.990115165  136.990115165
27.0  189.746040516  136.983981705  136.983981705  136.983981705
27.1  189.756996839  136.977632959  136.977632959  136.977632959
27.2  189.767547426  136.971061252  136.971061252  136.971061252
27.3  189.777682273  136.964259114  136.964259114  136.964259114
27.4  189.78739165  136.95721928  136.95721928  136.95721928
27.5  189.796666103  136.949934685  136.949934685  136.949934685
27.6  189.805496447  136.942398459  136.942398459  136.942398459
27.7  189.813873762  136.934603932  136.934603932  136.934603932
27.8  189.821789393  136.926544624  136.926544624  136.926544624
27.9  189.829234944  136.918214248  136.918214248  136.918214248
28.0  189.836202278  136.909606704  136.909606704  136.909606704
28.1  189.842683511  136.900716078  136.900716078  136.900716078
28.2  189.848671009  136.89153664  136.89153664  136.89153664
28.3  189.854157388  136.882062842  136.882062842  136.882062842
28.4  189.859135506  136.872289315  136.872289315  136.872289315
28.5  189.863598466  136.862210866  136.862210866  136.862210866
28.6  189.867539607  136.851822476  136.851822476  136.851822476
28.7  189.870952505  136.841119301  136.841119301  136.841119301
28.8  189.87383097  136.830096663  136.830096663  136.830096663
28.9  189.876169039  136.818750055  136.818750055  136.818750055
29.0  189.87796098  136.807075134  136.807075134  136.807075134
29.1  189.87920128  136.795067722  136.795067722  136.795067722
29.2  189.879884651  136.782723799  136.782723799  136.782723799
29.3  189.880006021  136.770039506  136.770039506  136.770039506
29.4  189.879560536  136.757011143  136.757011143  136.757011143
29.5  189.878543552  136.743635161  136.743635161  136.743635161
29.6  189.876950636  136.729908165  136.729908165  136.729908165
29.7  189.874777561  136.715826911  136.715826911  136.715826911
29.8  189.872020305  136.701388304  136.701388304  136.701388304
29.9  189.868675047  136.686589393  136.686589393  136.686589393
30.0  189.864738166  136.671427374  136.671427374  136.671427374
30.0  189.864738166  136.671427374  136.671427374  136.671427374
30.1  189.860206234  136.655899584  136.655899584  136.655899584
30.2  189.855076019  136.6400035  136.6400035  136.6400035
30.3  189.849344478  136.623736739  136.623736739  136.623736739
30.4  189.843008756  136.607097052  136.607097052  136.607097052
30.5  189.836066185  136.590082325  136.590082325  136.590082325
30.6  189.828514277  136.572690577  136.572690577  136.572690577
30.7  189.820350726  136.554919959  136.554919959  136.554919959
30.8  189.811573401  136.536768746  136.536768746  136.536768746
30.9  189.80218035  136.518235344  136.518235344  136.518235344
31.0  189.792169788  136.499318281  136.499318281  136.499318281
31.1  189.781540104  136.480016209  136.480016209  136.480016209
31.2  189.770289853  136.460327901  136.460327901  136.460327901
31.3  189.758417753  136.44025225  136.44025225  136.44025225
31.4  189.745922686  136.419788263  136.419788263  136.419788263
31.5  189.732803694  136.398935065  136.398935065  136.398935065
31.6  189.719059976  136.377691895  136.377691895  136.377691895
31.7  189.704690884  136.356058103  136.356058103  136.356058103
31.8  189.689695926  136.334033149  136.334033149  136.334033149
31.9  189.674074757  136.311616602  136.311616602  136.311616602
32.0  189.657827181  136.288808135  136.288808135  136.288808135
32.1  189.640953148  136.265607531  136.265607531  136.265607531
32.2  189.623452751  136.24201467  136.24201467  136.24201467
32.3  189.605326222  136.218029539  136.218029539  136.218029539
32.4  189.586573932  136.19365222  136.19365222  136.19365222
32.5  189.567196391  136.168882897  136.168882897  136.168882897
32.6  189.547194239  136.143721848  136.143721848  136.143721848
32.7  189.526568251  136.118169445  136.118169445  136.118169445
32.8  189.505319328  136.092226157  136.092226157  136.092226157
32.9  189.4834485  136.06589254  136.06589254  136.06589254
33.0  189.460956924  136.039169244  136.039169244  136.039169244
33.1  189.437845876  136.012057003  136.012057003  136.012057003
33.2  189.414116755  135.98455664  135.98455664  135.98455664
33.3  189.389771078  135.956669065  135.956669065  135.956669065
33.4  189.364810479  135.928395268  135.928395268  135.928395268
33.5  189.339236706  135.899736324  135.899736324  135.899736324
33.6  189.313051619  135.870693387  135.870693387  135.870693387
33.7  189.286257188  135.84126769  135.84126769  135.84126769
33.8  189.258855492  135.811460543  135.811460543  135.811460543
33.9  189.230848715  135.781273335  135.781273335  135.781273335
34.0  189.202239145  135.750707527  135.750707527  135.750707527
34.1  189.173029174  135.719764653  135.719764653  135.719764653
34.2  189.143221291  135.68844632  135.68844632  135.68844632
34.3  189.112818086  135.656754205  135.656754205  135.656754205
34.4  189.081822244  135.624690053  135.624690053  135.624690053
34.5  189.050236544  135.592255677  135.592255677  135.592255677
34.6  189.018063857  135.559452956  135.559452956  135.559452956
34.7  188.985307145  135.526283835  135.526283835  135.526283835
34.8  188.951969458  135.492750319  135.492750319  135.492750319
34.9  188.918053934  135.458854479  135.458854479  135.458854479
35.0  188.883563795  135.424598444  135.424598444  135.424598444
35.1  188.848502345  135.389984402  135.389984402  135.389984402
35.2  188.81287297  135.3550146  135.3550146  135.3550146
35.3  188.776679135  135.319691343  135.319691343  135.319691343
35.4  188.739924383  135.284016989  135.284016989  135.284016989
35.5  188.702612333  135.247993952  135.247993952  135.247993952
35.6  188.664746678  135.211624696  135.211624696  135.211624696
35.7  188.626331182  135.174911739  135.174911739  135.174911739
35.8  188.587369681  135.137857651  135.137857651  135.137857651
35.9  188.547866079  135.100465046  135.100465046  135.100465046
36.0  188.507824348  135.06273659  135.06273659  135.06273659
36.1  188.467248525  135.024674995  135.024674995  135.024674995
36.2  188.42614271  134.986283017  134.986283017  134.986283017
36.3  188.384511066  134.947563459  134.947563459  134.947563459
36.4  188.342357819  134.908519163  134.908519163  134.908519163
36.5  188.299687248  134.869153017  134.869153017  134.869153017
36.6  188.256503696  134.829467948  134.829467948  134.829467948
36.7  188.212811557  134.789466923  134.789466923  134.789466923
36.8  188.168615282  134.749152947  134.749152947  134.749152947
36.9  188.123919373  134.708529064  134.708529064  134.708529064
37.0  188.078728383  134.667598352  134.667598352  134.667598352
37.1  188.033046916  134.626363927  134.626363927  134.626363927
37.2  187.986879624  134.584828936  134.584828936  134.584828936
37.3  187.940231205  134.542996563  134.542996563  134.542996563
37.4  187.893106401  134.500870021  134.500870021  134.500870021
37.5  187.845509999  134.458452555  134.458452555  134.458452555
37.6  187.797446829  134.41574744  134.41574744  134.41574744
37.7  187.748921761  134.37275798  134.37275798  134.37275798
37.8  187.699939703  134.329487506  134.329487506  134.329487506
37.9  187.650505603  134.285939379  134.285939379  134.285939379
38.0  187.600624446  134.242116982  134.242116982  134.242116982
38.1  187.550301249  134.198023726  134.198023726  134.198023726
38.2  187.499541066  134.153663044  134.153663044  134.153663044
38.3  187.448348982  134.109038393  134.109038393  134.109038393
38.4  187.396730114  134.064153253  134.064153253  134.064153253
38.5  187.344689609  134.019011123  134.019011123  134.019011123
38.6  187.292232641  133.973615523  133.973615523  133.973615523
38.7  187.239364414  133.927969994  133.927969994  133.927969994
38.8  187.186090155  133.882078094  133.882078094  133.882078094
38.9  187.132415118  133.835943398  133.835943398  133.835943398
39.0  187.078344579  133.789569499  133.789569499  133.789569499
39.1  187.023883838  133.742960004  133.742960004  133.742960004
39.2  186.969038215  133.696118537  133.696118537  133.696118537
39.3  186.913813049  133.649048735  133.649048735  133.649048735
39.4  186.8582137  133.601754248  133.601754248  133.601754248
39.5  186.802245543  133.554238739  133.554238739  133.554238739
39.6  186.745913971  133.506505881  133.506505881  133.506505881
39.7  186.689224392  133.45855936  133.45855936  133.45855936
39.8  186.632182228  133.41040287  133.41040287  133.41040287
39.9  186.574792913  133.362040115  133.362040115  133.362040115
40.0  186.517061893  133.313474808  133.313474808  133.313474808
40.1  186.458994627  133.264710668  133.264710668  133.264710668
40.2  186.40059658  133.215751422  133.215751422  133.215751422
40.3  186.34187323  133.166600803  133.166600803  133.166600803
40.4  186.282830058  133.117262547  133.117262547  133.117262547
40.5  186.223472554  133.067740399  133.067740399  133.067740399
40.6  186.163806213  133.018038104  133.018038104  133.018038104
40.7  186.103836535  132.968159411  132.968159411  132.968159411
40.8  186.043569023  132.918108072  132.918108072  132.918108072
40.9  185.983009181  132.867887842  132.867887842  132.867887842
41.0  185.922162518  132.817502473  132.817502473  132.817502473
41.1  185.861034539  132.766955721  132.766955721  132.766955721
41.2  185.799630752  132.71625134  132.71625134  132.71625134
41.3  185.737956662  132.665393085  132.665393085  132.665393085
41.4  185.676017773  132.614384705  132.614384705  132.614384705
41.5  185.613819583  132.563229951  132.563229951  132.563229951
41.6  185.55136759  132.51193257  132.51193257  132.51193257
41.7  185.488667283  132.460496303  132.460496303  132.460496303
41.8  185.425724148  132.408924889  132.408924889  132.408924889
41.9  185.362543662  132.357222063  132.357222063  132.357222063
42.0  185.299131295  132.305391553  132.305391553  132.305391553
42.1  185.23549251  132.25343708  132.25343708  132.25343708
42.2  185.171632759  132.20136236  132.20136236  132.20136236
42.3  185.107557484  132.149171102  132.149171102  132.149171102
42.4  185.043272116  132.096867007  132.096867007  132.096867007
42.5  184.978782075  132.044453766  132.044453766  132.044453766
42.6  184.914092769  131.991935064  131.991935064  131.991935064
42.7  184.84920959  131.939314574  131.939314574  131.939314574
42.8  184.784137919  131.886595961  131.886595961  131.886595961
42.9  184.71888312  131.833782878  131.833782878  131.833782878
43.0  184.653450542  131.780878967  131.780878967  131.780878967
43.1  184.587845519  131.727887859  131.727887859  131.727887859
43.2  184.522073367  131.674813175  131.674813175  131.674813175
43.3  184.456139383  131.621658519  131.621658519  131.621658519
43.4  184.390048847  131.568427486  131.568427486  131.568427486
43.5  184.323807019  131.515123655  131.515123655  131.515123655
43.6  184.257419142  131.461750593  131.461750593  131.461750593
43.7  184.190890434  131.40831185  131.40831185  131.40831185
43.8  184.124226096  131.354810964  131.354810964  131.354810964
43.9  184.057431304  131.301251457  131.301251457  131.301251457
44.0  183.990511214  131.247636832  131.247636832  131.247636832
44.1  183.923470957  131.19397058  131.19397058  131.19397058
44.2  183.856315644  131.140256174  131.140256174  131.140256174
44.3  183.789050356  131.086497068  131.086497068  131.086497068
44.4  183.721680155  131.032696702  131.032696702  131.032696702
44.5  183.654210074  130.978858495  130.978858495  130.978858495
44.6  183.586645121  130.924985848  130.924985848  130.924985848
44.7  183.518990277  130.871082146  130.871082146  130.871082146
44.8  183.451250499  130.817150752  130.817150752  130.817150752
44.9  183.383430711  130.763195012  130.763195012  130.763195012
45.0  183.315535813  130.709218249  130.709218249  130.709218249
45.0  183.315535813  130.709218249  130.709218249  130.709218249
45.1  183.247570675  130.655223769  130.655223769  130.655223769
45.2  183.179540138  130.601214856  130.601214856  130.601214856
45.3  183.111449014  130.547194774  130.547194774  130.547194774
45.4  183.043302082  130.493166763  130.493166763  130.493166763
45.5  182.975104095  130.439134046  130.439134046  130.439134046
45.6  182.906859771  130.385099819  130.385099819  130.385099819
45.7  182.838573798  130.331067261  130.331067261  130.331067261
45.8  182.770250831  130.277039525  130.277039525  130.277039525
45.9  182.701895495  130.223019742  130.223019742  130.223019742
46.0  182.63351238  130.169011019  130.169011019  130.169011019
46.1  182.565106042  130.115016442  130.115016442  130.115016442
46.2  182.496681004  130.061039071  130.061039071  130.061039071
46.3  182.428241758  130.007081944  130.007081944  130.007081944
46.4  182.359792756  129.953148072  129.953148072  129.953148072
46.5  182.291338418  129.899240444  129.899240444  129.899240444
46.6  182.22288313  129.845362022  129.845362022  129.845362022
46.7  182.154431239  129.791515746  129.791515746  129.791515746
46.8  182.085987059  129.737704528  129.737704528  129.737704528
46.9  182.017554866  129.683931254  129.683931254  129.683931254
47.0  181.9491389  129.630198788  129.630198788  129.630198788
47.1  181.880743362  129.576509964  129.576509964  129.576509964
47.2  181.812372418  129.52286759  129.52286759  129.52286759
47.3  181.744030196  129.469274452  129.469274452  129.469274452
47.4  181.675720785  129.415733303  129.415733303  129.415733303
47.5  181.607448236  129.362246873  129.362246873  129.362246873
47.6  181.539216561  129.308817865  129.308817865  129.308817865
47.7  181.471029734  129.255448953  129.255448953  129.255448953
47.8  181.40289169  129.202142785  129.202142785  129.202142785
47.9  181.334806323  129.148901979  129.148901979  129.148901979
48.0  181.266777488  129.095729128  129.095729128  129.095729128
48.1  181.198809001  129.042626796  129.042626796  129.042626796
48.2  181.130904637  128.989597518  128.989597518  128.989597518
48.3  181.06306813  128.936643801  128.936643801  128.936643801
48.4  180.995303175  128.883768125  128.883768125  128.883768125
48.5  180.927613424  128.830972938  128.830972938  128.830972938
48.6  180.86000249  128.778260663  128.778260663  128.778260663
48.7  180.792473942  128.725633691  128.725633691  128.725633691
48.8  180.725031311  128.673094385  128.673094385  128.673094385
48.9  180.657678083  128.620645081  128.620645081  128.620645081
49.0  180.590417704  128.568288081  128.568288081  128.568288081
49.1  180.523253578  128.516025662  128.516025662  128.516025662
49.2  180.456189066  128.46386007  128.46386007  128.46386007
49.3  180.389227486  128.411793519  128.411793519  128.411793519
49.4  180.322372116  128.359828196  128.359828196  128.359828196
49.5  180.255626189  128.307966257  128.307966257  128.307966257
49.6  180.188992895  128.256209829  128.256209829  128.256209829
49.7  180.122475382  128.204561008  128.204561008  128.204561008
49.8  180.056076756  128.153021859  128.153021859  128.153021859
49.9  179.989800078  128.101594419  128.101594419  128.101594419
50.0  179.923648366  128.050280693  128.050280693  128.050280693
50.1  179.857624596  127.999082655  127.999082655  127.999082655
50.2  179.791731697  127.948002251  127.948002251  127.948002251
50.3  179.725972559  127.897041395  127.897041395  127.897041395
50.4  179.660350025  127.846201971  127.846201971  127.846201971
50.5  179.594866895  127.79548583  127.79548583  127.79548583
50.6  179.529525927  127.744894796  127.744894796  127.744894796
50.7  179.464329831  127.69443066  127.69443066  127.69443066
50.8  179.399281278  127.644095183  127.644095183  127.644095183
50.9  179.334382891  127.593890094  127.593890094  127.593890094
51.0  179.269637251  127.543817094  127.543817094  127.543817094
51.1  179.205046895  127.493877849  127.493877849  127.493877849
51.2  179.140614314  127.444073999  127.444073999  127.444073999
51.3  179.076341956  127.39440715  127.39440715  127.39440715
51.4  179.012232226  127.344878876  127.344878876  127.344878876
51.5  178.948287483  127.295490724  127.295490724  127.295490724
51.6  178.884510043  127.246244207  127.246244207  127.246244207
51.7  178.820902176  127.197140808  127.197140808  127.197140808
51.8  178.75746611  127.14818198  127.14818198  127.14818198
51.9  178.694204027  127.099369143  127.099369143  127.099369143
52.0  178.631118066  127.050703689  127.050703689  127.050703689
52.1  178.568210322  127.002186976  127.002186976  127.002186976
52.2  178.505482844  126.953820334  126.953820334  126.953820334
52.3  178.442937639  126.905605059  126.905605059  126.905605059
52.4  178.380576669  126.857542421  126.857542421  126.857542421
52.5  178.318401852  126.809633654  126.809633654  126.809633654
52.6  178.256415061  126.761879965  126.761879965  126.761879965
52.7  178.194618127  126.714282528  126.714282528  126.714282528
52.8  178.133012835  126.666842488  126.666842488  126.666842488
52.9  178.071600929  126.619560959  126.619560959  126.619560959
53.0  178.010384107  126.572439023  126.572439023  126.572439023
53.1  177.949364023  126.525477734  126.525477734  126.525477734
53.2  177.888542288  126.478678114  126.478678114  126.478678114
53.3  177.827920471  126.432041154  126.432041154  126.432041154
53.4  177.767500095  126.385567817  126.385567817  126.385567817
53.5  177.707282642  126.339259034  126.339259034  126.339259034
53.6  177.647269549  126.293115706  126.293115706  126.293115706
53.7  177.58746221  126.247138704  126.247138704  126.247138704
53.8  177.527861978  126.201328869  126.201328869  126.201328869
53.9  177.468470159  126.155687013  126.155687013  126.155687013
54.0  177.409288021  126.110213916  126.110213916  126.110213916
54.1  177.350316785  126.064910331  126.064910331  126.064910331
54.2  177.291557633  126.019776979  126.019776979  126.019776979
54.3  177.233011702  125.974814553  125.974814553  125.974814553
54.4  177.174680088  125.930023715  125.930023715  125.930023715
54.5  177.116563844  125.885405098  125.885405098  125.885405098
54.6  177.058663982  125.840959308  125.840959308  125.840959308
54.7  177.000981471  125.796686919  125.796686919  125.796686919
54.8  176.943517238  125.752588476  125.752588476  125.752588476
54.9  176.886272171  125.708664498  125.708664498  125.708664498
55.0  176.829247114  125.664915471  125.664915471  125.664915471
55.1  176.77244287  125.621341855  125.621341855  125.621341855
55.2  176.715860202  125.577944082  125.577944082  125.577944082
55.3  176.659499832  125.534722552  125.534722552  125.534722552
55.4  176.603362439  125.491677641  125.491677641  125.491677641
55.5  176.547448665  125.448809694  125.448809694  125.448809694
55.6  176.491759108  125.406119029  125.406119029  125.406119029
55.7  176.43629433  125.363605934  125.363605934  125.363605934
55.8  176.381054848  125.321270673  125.321270673  125.321270673
55.9  176.326041144  125.279113478  125.279113478  125.279113478
56.0  176.271253657  125.237134557  125.237134557  125.237134557
56.1  176.216692788  125.195334088  125.195334088  125.195334088
56.2  176.162358898  125.153712224  125.153712224  125.153712224
56.3  176.10825231  125.112269089  125.112269089  125.112269089
56.4  176.054373308  125.071004781  125.071004781  125.071004781
56.5  176.000722137  125.029919371  125.029919371  125.029919371
56.6  175.947299004  124.989012903  124.989012903  124.989012903
56.7  175.894104077  124.948285395  124.948285395  124.948285395
56.8  175.841137488  124.907736838  124.907736838  124.907736838
56.9  175.788399329  124.867367198  124.867367198  124.867367198
57.0  175.735889655  124.827176413  124.827176413  124.827176413
57.1  175.683608486  124.787164398  124.787164398  124.787164398
57.2  175.631555803  124.747331039  124.747331039  124.747331039
57.3  175.57973155  124.707676199  124.707676199  124.707676199
57.4  175.528135636  124.668199715  124.668199715  124.668199715
57.5  175.476767932  124.628901398  124.628901398  124.628901398
57.6  175.425628274  124.589781036  124.589781036  124.589781036
57.7  175.374716463  124.550838389  124.550838389  124.550838389
57.8  175.324032264  124.512073195  124.512073195  124.512073195
57.9  175.273575405  124.473485167  124.473485167  124.473485167
58.0  175.223345581  124.435073993  124.435073993  124.435073993
58.1  175.173342451  124.396839338  124.396839338  124.396839338
58.2  175.123565642  124.358780841  124.358780841  124.358780841
58.3  175.074014744  124.320898121  124.320898121  124.320898121
58.4  175.024689314  124.283190769  124.283190769  124.283190769
58.5  174.975588876  124.245658357  124.245658357  124.245658357
58.6  174.926712919  124.20830043  124.20830043  124.20830043
58.7  174.878060901  124.171116513  124.171116513  124.171116513
58.8  174.829632246  124.134106106  124.134106106  124.134106106
58.9  174.781426346  124.097268689  124.097268689  124.097268689
59.0  174.733442559  124.060603716  124.060603716  124.060603716
59.1  174.685680214  124.024110624  124.024110624  124.024110624
59.2  174.638138606  123.987788823  123.987788823  123.987788823
59.3  174.590817  123.951637703  123.951637703  123.951637703
59.4  174.543714628  123.915656635  123.915656635  123.915656635
59.5  174.496830693  123.879844965  123.879844965  123.879844965
59.6  174.450164368  123.84420202  123.84420202  123.84420202
59.7  174.403714793  123.808727105  123.808727105  123.808727105
59.8  174.357481081  123.773419506  123.773419506  123.773419506
59.9  174.311462314  123.738278485  123.738278485  123.738278485
60.0  174.265657544  123.703303289  123.703303289  123.703303289
60.0  174.265657544  123.703303289  123.703303289  123.703303289
60.1  174.220065796  123.66849314  123.66849314  123.66849314
60.2  174.174686065  123.633847243  123.633847243  123.633847243
60.3  174.129517317  123.599364782  123.599364782  123.599364782
60.4  174.084558491  123.565044924  123.565044924  123.565044924
60.5  174.039808499  123.530886813  123.530886813  123.530886813
60.6  173.995266223  123.496889576  123.496889576  123.496889576
60.7  173.95093052  123.463052323  123.463052323  123.463052323
60.8  173.90680022  123.429374143  123.429374143  123.429374143
60.9  173.862874125  123.395854107  123.395854107  123.395854107
61.0  173.819151013  123.362491269  123.362491269  123.362491269
61.1  173.775629634  123.329284665  123.329284665  123.329284665
61.2  173.732308714  123.296233312  123.296233312  123.296233312
61.3  173.689186953  123.263336211  123.263336211  123.263336211
61.4  173.646263027  123.230592347  123.230592347  123.230592347
61.5  173.603535585  123.198000684  123.198000684  123.198000684
61.6  173.561003255  123.165560173  123.165560173  123.165560173
61.7  173.518664639  123.133269748  123.133269748  123.133269748
61.8  173.476518315  123.101128325  123.101128325  123.101128325
61.9  173.434562841  123.069134807  123.069134807  123.069134807
62.0  173.392796748  123.037288077  123.037288077  123.037288077
62.1  173.351218547  123.005587006  123.005587006  123.005587006
62.2  173.309826725  122.974030448  122.974030448  122.974030448
62.3  173.268619748  122.942617243  122.942617243  122.942617243
62.4  173.227596062  122.911346216  122.911346216  122.911346216
62.5  173.186754088  122.880216176  122.880216176  122.880216176
62.6  173.146092229  122.849225919  122.849225919  122.849225919
62.7  173.105608867  122.818374226  122.818374226  122.818374226
62.8  173.065302363  122.787659866  122.787659866  122.787659866
62.9  173.025171058  122.757081591  122.757081591  122.757081591
63.0  172.985213274  122.726638144  122.726638144  122.726638144
63.1  172.945427314  122.69632825  122.69632825  122.69632825
63.2  172.90581146  122.666150625  122.666150625  122.666150625
63.3  172.866363979  122.636103969  122.636103969  122.636103969
63.4  172.827083117  122.606186973  122.606186973  122.606186973
63.5  172.787967103  122.576398314  122.576398314  122.576398314
63.6  172.749014149  122.546736655  122.546736655  122.546736655
63.7  172.710222447  122.517200652  122.517200652  122.517200652
63.8  172.671590177  122.487788945  122.487788945  122.487788945
63.9  172.633115499  122.458500164  122.458500164  122.458500164
64.0  172.594796557  122.429332931  122.429332931  122.429332931
64.1  172.55663148  122.400285852  122.400285852  122.400285852
64.2  172.518618381  122.371357527  122.371357527  122.371357527
64.3  172.480755359  122.342546542  122.342546542  122.342546542
64.4  172.443040497  122.313851477  122.313851477  122.313851477
64.5  172.405471863  122.285270899  122.285270899  122.285270899
64.6  172.368047513  122.256803366  122.256803366  122.256803366
64.7  172.330765487  122.228447428  122.228447428  122.228447428
64.8  172.293623814  122.200201624  122.200201624  122.200201624
64.9  172.256620506  122.172064486  122.172064486  122.172064486
65.0  172.219753567  122.144034535  122.144034535  122.144034535
65.1  172.183020985  122.116110287  122.116110287  122.116110287
65.2  172.146420738  122.088290247  122.088290247  122.088290247
65.3  172.10995079  122.060572913  122.060572913  122.060572913
65.4  172.073609097  122.032956776  122.032956776  122.032956776
65.5  172.0373936  122.005440318  122.005440318  122.005440318
65.6  172.001302233  121.978022016  121.978022016  121.978022016
65.7  171.965332918  121.950700338  121.950700338  121.950700338
65.8  171.929483566  121.923473747  121.923473747  121.923473747
65.9  171.893752079  121.896340699  121.896340699  121.896340699
66.0  171.858136352  121.869299642  121.869299642  121.869299642
66.1  171.822634267  121.842349021  121.842349021  121.842349021
66.2  171.7872437  121.815487273  121.815487273  121.815487273
66.3  171.751962518  121.788712831  121.788712831  121.788712831
66.4  171.716788579  121.762024121  121.762024121  121.762024121
66.5  171.681719737  121.735419566  121.735419566  121.735419566
66.6  171.646753833  121.708897584  121.708897584  121.708897584
66.7  171.611888706  121.682456585  121.682456585  121.682456585
66.8  171.577122186  121.65609498  121.65609498  121.65609498
66.9  171.542452097  121.629811173  121.629811173  121.629811173
67.0  171.507876257  121.603603563  121.603603563  121.603603563
67.1  171.47339248  121.577470547  121.577470547  121.577470547
67.2  171.438998571  121.55141052  121.55141052  121.55141052
67.3  171.404692334  121.52542187  121.52542187  121.52542187
67.4  171.370471566  121.499502987  121.499502987  121.499502987
67.5  171.336334061  121.473652254  121.473652254  121.473652254
67.6  171.302277607  121.447868053  121.447868053  121.447868053
67.7  171.268299991  121.422148765  121.422148765  121.422148765
67.8  171.234398996  121.396492768  121.396492768  121.396492768
67.9  171.2005724  121.370898437  121.370898437  121.370898437
68.0  171.16681798  121.345364148  121.345364148  121.345364148
68.1  171.133133512  121.319888275  121.319888275  121.319888275
68.2  171.099516766  121.294469188  121.294469188  121.294469188
68.3  171.065965515  121.269105261  121.269105261  121.269105261
68.4  171.032477528  121.243794863  121.243794863  121.243794863
68.5  170.999050572  121.218536365  121.218536365  121.218536365
68.6  170.965682416  121.193328138  121.193328138  121.193328138
68.7  170.932370827  121.168168552  121.168168552  121.168168552
68.8  170.899113571  121.143055977  121.143055977  121.143055977
68.9  170.865908417  121.117988785  121.117988785  121.117988785
69.0  170.832753132  121.092965347  121.092965347  121.092965347
69.1  170.799645484  121.067984036  121.067984036  121.067984036
69.2  170.766583244  121.043043227  121.043043227  121.043043227
69.3  170.733564184  121.018141293  121.018141293  121.018141293
69.4  170.700586076  120.993276613  120.993276613  120.993276613
69.5  170.667646695  120.968447565  120.968447565  120.968447565
69.6  170.63474382  120.943652529  120.943652529  120.943652529
69.7  170.60187523  120.918889888  120.918889888  120.918889888
69.8  170.569038709  120.894158028  120.894158028  120.894158028
69.9  170.536232044  120.869455337  120.869455337  120.869455337
70.0  170.503453025  120.844780206  120.844780206  120.844780206
70.1  170.470699447  120.820131028  120.820131028  120.820131028
70.2  170.437969107  120.795506201  120.795506201  120.795506201
70.3  170.405259808  120.770904126  120.770904126  120.770904126
70.4  170.37256936  120.746323206  120.746323206  120.746323206
70.5  170.339895573  120.721761851  120.721761851  120.721761851
70.6  170.307236267  120.697218473  120.697218473  120.697218473
70.7  170.274589265  120.672691488  120.672691488  120.672691488
70.8  170.241952398  120.648179318  120.648179318  120.648179318
70.9  170.209323501  120.623680389  120.623680389  120.623680389
71.0  170.176700417  120.599193132  120.599193132  120.599193132
71.1  170.144080997  120.574715983  120.574715983  120.574715983
71.2  170.111463095  120.550247383  120.550247383  120.550247383
71.3  170.078844577  120.525785779  120.525785779  120.525785779
71.4  170.046223314  120.501329624  120.501329624  120.501329624
71.5  170.013597185  120.476877376  120.476877376  120.476877376
71.6  169.980964079  120.452427499  120.452427499  120.452427499
71.7  169.948321892  120.427978465  120.427978465  120.427978465
71.8  169.915668528  120.403528752  120.403528752  120.403528752
71.9  169.883001902  120.379076842  120.379076842  120.379076842
72.0  169.850319938  120.354621226  120.354621226  120.354621226
72.1  169.817620568  120.330160404  120.330160404  120.330160404
72.2  169.784901735  120.305692879  120.305692879  120.305692879
72.3  169.752161392  120.281217164  120.281217164  120.281217164
72.4  169.719397503  120.25673178  120.25673178  120.25673178
72.5  169.68660804  120.232235253  120.232235253  120.232235253
72.6  169.653790989  120.207726121  120.207726121  120.207726121
72.7  169.620944345  120.183202926  120.183202926  120.183202926
72.8  169.588066116  120.158664221  120.158664221  120.158664221
72.9  169.55515432  120.134108566  120.134108566  120.134108566
73.0  169.522206988  120.109534532  120.109534532  120.109534532
73.1  169.489222162  120.084940695  120.084940695  120.084940695
73.2  169.456197898  120.060325644  120.060325644  120.060325644
73.3  169.423132264  120.035687974  120.035687974  120.035687974
73.4  169.390023339  120.011026291  120.011026291  120.011026291
73.5  169.356869217  119.98633921  119.98633921  119.98633921
73.6  169.323668005  119.961625355  119.961625355  119.961625355
73.7  169.290417824  119.936883361  119.936883361  119.936883361
73.8  169.257116808  119.912111874  119.912111874  119.912111874
73.9  169.223763103  119.887309546  119.887309546  119.887309546
74.0  169.190354874  119.862475043  119.862475043  119.862475043
74.1  169.156890296  119.837607041  119.837607041  119.837607041
74.2  169.123367561  119.812704225  119.812704225  119.812704225
74.3  169.089784875  119.787765293  119.787765293  119.787765293
74.4  169.05614046  119.762788951  119.762788951  119.762788951
74.5  169.022432552  119.737773918  119.737773918  119.737773918
74.6  168.988659403  119.712718924  119.712718924  119.712718924
74.7  168.954819281  119.687622711  119.687622711  119.687622711
74.8  168.92091047  119.66248403  119.66248403  119.66248403
74.9  168.88693127  119.637301647  119.637301647  119.637301647
75.0  168.852879997  119.612074337  119.612074337  119.612074337
75.0  168.852879997  119.612074337  119.612074337  119.612074337
75.1  168.818754984  119.586800889  119.586800889  119.586800889
75.2  168.78455458  119.561480101  119.561480101  119.561480101
75.3  168.750277152  119.536110788  119.536110788  119.536110788
75.4  168.715921083  119.510691772  119.510691772  119.510691772
75.5  168.681484775  119.485221892  119.485221892  119.485221892
75.6  168.646966645  119.459699997  119.459699997  119.459699997
75.7  168.612365129  119.434124948  119.434124948  119.434124948
75.8  168.577678682  119.408495622  119.408495622  119.408495622
75.9  168.542905776  119.382810906  119.382810906  119.382810906
76.0  168.5080449  119.357069701  119.357069701  119.357069701
76.1  168.473094564  119.331270922  119.331270922  119.331270922
76.2  168.438053293  119.305413497  119.305413497  119.305413497
76.3  168.402919635  119.279496367  119.279496367  119.279496367
76.4  168.367692153  119.253518486  119.253518486  119.253518486
76.5  168.332369433  119.227478823  119.227478823  119.227478823
76.6  168.296950076  119.20137636  119.20137636  119.20137636
76.7  168.261432705  119.175210094  119.175210094  119.175210094
76.8  168.225815962  119.148979034  119.148979034  119.148979034
76.9  168.190098509  119.122682205  119.122682205  119.122682205
77.0  168.154279027  119.096318645  119.096318645  119.096318645
77.1  168.118356218  119.069887408  119.069887408  119.069887408
77.2  168.082328804  119.043387559  119.043387559  119.043387559
77.3  168.046195526  119.016818182  119.016818182  119.016818182
77.4  168.009955146  118.990178373  118.990178373  118.990178373
77.5  167.973606449  118.963467242  118.963467242  118.963467242
77.6  167.937148236  118.936683915  118.936683915  118.936683915
77.7  167.900579334  118.909827535  118.909827535  118.909827535
77.8  167.863898586  118.882897256  118.882897256  118.882897256
77.9  167.827104861  118.855892249  118.855892249  118.855892249
78.0  167.790197045  118.828811701  118.828811701  118.828811701
78.1  167.753174047  118.801654813  118.801654813  118.801654813
78.2  167.716034798  118.774420802  118.774420802  118.774420802
78.3  167.678778251  118.7471089  118.7471089  118.7471089
78.4  167.641403378  118.719718354  118.719718354  118.719718354
78.5  167.603909176  118.692248429  118.692248429  118.692248429
78.6  167.566294662  118.664698402  118.664698402  118.664698402
78.7  167.528558875  118.637067569  118.637067569  118.637067569
78.8  167.490700877  118.60935524  118.60935524  118.60935524
78.9  167.452719752  118.581560742  118.581560742  118.581560742
79.0  167.414614606  118.553683416  118.553683416  118.553683416
79.1  167.376384567  118.525722621  118.525722621  118.525722621
79.2  167.338028787  118.497677732  118.497677732  118.497677732
79.3  167.299546439  118.469548138  118.469548138  118.469548138
79.4  167.260936718  118.441333246  118.441333246  118.441333246
79.5  167.222198845  118.41303248  118.41303248  118.41303248
79.6  167.183332061  118.384645279  118.384645279  118.384645279
79.7  167.144335631  118.356171097  118.356171097  118.356171097
79.8  167.105208842  118.327609408  118.327609408  118.327609408
79.9  167.065951005  118.298959699  118.298959699  118.298959699
80.0  167.026561454  118.270221475  118.270221475  118.270221475
80.1  166.987039546  118.241394258  118.241394258  118.241394258
80.2  166.947384661  118.212477586  118.212477586  118.212477586
80.3  166.907596203  118.183471013  118.183471013  118.183471013
80.4  166.867673599  118.154374111  118.154374111  118.154374111
80.5  166.827616299  118.125186468  118.125186468  118.125186468
80.6  166.787423778  118.095907688  118.095907688  118.095907688
80.7  166.747095531  118.066537394  118.066537394  118.066537394
80.8  166.706631081  118.037075222  118.037075222  118.037075222
80.9  166.666029972  118.00752083  118.00752083  118.00752083
81.0  166.625291771  117.977873887  117.977873887  117.977873887
81.1  166.584416071  117.948134085  117.948134085  117.948134085
81.2  166.543402488  117.918301127  117.918301127  117.918301127
81.3  166.50225066  117.888374738  117.888374738  117.888374738
81.4  166.460960251  117.858354656  117.858354656  117.858354656
81.5  166.419530947  117.828240639  117.828240639  117.828240639
81.6  166.37796246  117.798032459  117.798032459  117.798032459
81.7  166.336254523  117.767729909  117.767729909  117.767729909
81.8  166.294406896  117.737332794  117.737332794  117.737332794
81.9  166.25241936  117.70684094  117.70684094  117.70684094
82.0  166.210291721  117.676254188  117.676254188  117.676254188
82.1  166.168023809  117.645572398  117.645572398  117.645572398
82.2  166.125615479  117.614795444  117.614795444  117.614795444
82.3  166.083066608  117.583923219  117.583923219  117.583923219
82.4  166.040377098  117.552955634  117.552955634  117.552955634
82.5  165.997546875  117.521892614  117.521892614  117.521892614
82.6  165.954575887  117.490734104  117.490734104  117.490734104
82.7  165.911464108  117.459480064  117.459480064  117.459480064
82.8  165.868211536  117.428130472  117.428130472  117.428130472
82.9  165.824818191  117.396685323  117.396685323  117.396685323
83.0  165.781284118  117.365144628  117.365144628  117.365144628
83.1  165.737609386  117.333508415  117.333508415  117.333508415
83.2  165.693794087  117.301776731  117.301776731  117.301776731
83.3  165.649838338  117.269949638  117.269949638  117.269949638
83.4  165.605742279  117.238027216  117.238027216  117.238027216
83.5  165.561506072  117.206009559  117.206009559  117.206009559
83.6  165.517129905  117.173896782  117.173896782  117.173896782
83.7  165.47261399  117.141689014  117.141689014  117.141689014
83.8  165.427958559  117.109386403  117.109386403  117.109386403
83.9  165.383163873  117.07698911  117.07698911  117.07698911
84.0  165.338230211  117.044497317  117.044497317  117.044497317
84.1  165.293157879  117.011911219  117.011911219  117.011911219
84.2  165.247947205  116.979231032  116.979231032  116.979231032
84.3  165.20259854  116.946456983  116.946456983  116.946456983
84.4  165.15711226  116.913589321  116.913589321  116.913589321
84.5  165.111488762  116.880628308  116.880628308  116.880628308
84.6  165.065728468  116.847574223  116.847574223  116.847574223
84.7  165.019831822  116.814427362  116.814427362  116.814427362
84.8  164.97379929  116.781188039  116.781188039  116.781188039
84.9  164.927631363  116.74785658  116.74785658  116.74785658
85.0  164.881328555  116.714433332  116.714433332  116.714433332
85.1  164.8348914  116.680918655  116.680918655  116.680918655
85.2  164.788320458  116.647312926  116.647312926  116.647312926
85.3  164.741616308  116.613616539  116.613616539  116.613616539
85.4  164.694779556  116.579829903  116.579829903  116.579829903
85.5  164.647810826  116.545953443  116.545953443  116.545953443
85.6  164.600710768  116.5119876  116.5119876  116.5119876
85.7  164.553480051  116.477932831  116.477932831  116.477932831
85.8  164.506119368  116.443789609  116.443789609  116.443789609
85.9  164.458629435  116.409558423  116.409558423  116.409558423
86.0  164.411010987  116.375239775  116.375239775  116.375239775
86.1  164.363264783  116.340834186  116.340834186  116.340834186
86.2  164.315391603  116.30634219  116.30634219  116.30634219
86.3  164.267392249  116.271764339  116.271764339  116.271764339
86.4  164.219267545  116.237101196  116.237101196  116.237101196
86.5  164.171018334  116.202353344  116.202353344  116.202353344
86.6  164.122645483  116.167521377  116.167521377  116.167521377
86.7  164.074149879  116.132605907  116.132605907  116.132605907
86.8  164.02553243  116.09760756  116.09760756  116.09760756
86.9  163.976794064  116.062526976  116.062526976  116.062526976
87.0  163.927935731  116.02736481  116.02736481  116.02736481
87.1  163.878958401  115.992121734  115.992121734  115.992121734
87.2  163.829863065  115.95679843  115.95679843  115.95679843
87.3  163.780650734  115.921395599  115.921395599  115.921395599
87.4  163.731322439  115.885913953  115.885913953  115.885913953
87.5  163.681879231  115.850354221  115.850354221  115.850354221
87.6  163.632322181  115.814717144  115.814717144  115.814717144
87.7  163.58265238  115.779003477  115.779003477  115.779003477
87.8  163.532870938  115.743213992  115.743213992  115.743213992
87.9  163.482978986  115.70734947  115.70734947  115.70734947
88.0  163.432977671  115.67141071  115.67141071  115.67141071
88.1  163.382868163  115.635398522  115.635398522  115.635398522
88.2  163.332651649  115.599313731  115.599313731  115.599313731
88.3  163.282329333  115.563157174  115.563157174  115.563157174
88.4  163.231902441  115.526929703  115.526929703  115.526929703
88.5  163.181372216  115.49063218  115.49063218  115.49063218
88.6  163.130739919  115.454265484  115.454265484  115.454265484
88.7  163.080006829  115.417830504  115.417830504  115.417830504
88.8  163.029174244  115.381328142  115.381328142  115.381328142
88.9  162.978243477  115.344759315  115.344759315  115.344759315
89.0  162.927215863  115.308124949  115.308124949  115.308124949
89.1  162.876092749  115.271425984  115.271425984  115.271425984
89.2  162.824875504  115.234663373  115.234663373  115.234663373
89.3  162.773565512  115.19783808  115.19783808  115.19783808
89.4  162.722164172  115.160951082  115.160951082  115.160951082
89.5  162.670672903  115.124003366  115.124003366  115.124003366
89.6  162.619093138  115.086995931  115.086995931  115.086995931
89.7  162.567426326  115.04992979  115.04992979  115.04992979
89.8  162.515673935  115.012805965  115.012805965  115.012805965
89.9  162.463837444  114.975625489  114.975625489  114.975625489
90.0  162.411918352  114.938389408  114.938389408  114.938389408
90.0  162.411918352  114.938389408  114.938389408  114.938389408
90.1  162.359918171  114.901098776  114.901098776  114.901098776
90.2  162.307838428  114.863754661  114.863754661  114.863754661
90.3  162.255680667  114.82635814  114.82635814  114.82635814
90.4  162.203446444  114.788910301  114.788910301  114.788910301
90.5  162.151137331  114.751412241  114.751412241  114.751412241
90.6  162.098754914  114.713865068  114.713865068  114.713865068
90.7  162.046300794  114.6762699  114.6762699  114.6762699
90.8  161.993776584  114.638627866  114.638627866  114.638627866
90.9  161.941183912  114.600940103  114.600940103  114.600940103
91.0  161.888524418  114.563207758  114.563207758  114.563207758
91.1  161.835799756  114.525431987  114.525431987  114.525431987
91.2  161.783011594  114.487613956  114.487613956  114.487613956
91.3  161.73016161  114.449754839  114.449754839  114.449754839
91.4  161.677251497  114.411855821  114.411855821  114.411855821
91.5  161.624282958  114.373918092  114.373918092  114.373918092
91.6  161.571257709  114.335942854  114.335942854  114.335942854
91.7  161.518177479  114.297931314  114.297931314  114.297931314
91.8  161.465044005  114.259884692  114.259884692  114.259884692
91.9  161.411859039  114.22180421  114.22180421  114.22180421
92.0  161.358624341  114.183691102  114.183691102  114.183691102
92.1  161.305341683  114.145546608  114.145546608  114.145546608
92.2  161.252012847  114.107371976  114.107371976  114.107371976
92.3  161.198639626  114.069168461  114.069168461  114.069168461
92.4  161.145223821  114.030937325  114.030937325  114.030937325
92.5  161.091767245  113.992679837  113.992679837  113.992679837
92.6  161.038271718  113.954397271  113.954397271  113.954397271
92.7  160.984739072  113.916090911  113.916090911  113.916090911
92.8  160.931171144  113.877762044  113.877762044  113.877762044
92.9  160.877569783  113.839411965  113.839411965  113.839411965
93.0  160.823936844  113.801041974  113.801041974  113.801041974
93.1  160.770274192  113.762653378  113.762653378  113.762653378
93.2  160.716583698  113.724247487  113.724247487  113.724247487
93.3  160.662867241  113.685825618  113.685825618  113.685825618
93.4  160.609126707  113.647389094  113.647389094  113.647389094
93.5  160.55536399  113.608939242  113.608939242  113.608939242
93.6  160.501580988  113.570477392  113.570477392  113.570477392
93.7  160.44777961  113.532004881  113.532004881  113.532004881
93.8  160.393961765  113.49352305  113.49352305  113.49352305
93.9  160.340129373  113.455033243  113.455033243  113.455033243
94.0  160.286284356  113.416536809  113.416536809  113.416536809
94.1  160.232428643  113.378035099  113.378035099  113.378035099
94.2  160.178564167  113.339529469  113.339529469  113.339529469
94.3  160.124692866  113.301021279  113.301021279  113.301021279
94.4  160.070816683  113.26251189  113.26251189  113.26251189
94.5  160.016937562  113.224002668  113.224002668  113.224002668
94.6  159.963057456  113.185494979  113.185494979  113.185494979
94.7  159.909178315  113.146990194  113.146990194  113.146990194
94.8  159.855302097  113.108489684  113.108489684  113.108489684
94.9  159.801430761  113.069994825  113.069994825  113.069994825
95.0  159.747566268  113.031506991  113.031506991  113.031506991
95.1  159.693710582  112.993027561  112.993027561  112.993027561
95.2  159.639865668  112.954557913  112.954557913  112.954557913
95.3  159.586033494  112.916099428  112.916099428  112.916099428
95.4  159.532216028  112.877653486  112.877653486  112.877653486
95.5  159.478415238  112.83922147  112.83922147  112.83922147
95.6  159.424633095  112.80080476  112.80080476  112.80080476
95.7  159.370871569  112.76240474  112.76240474  112.76240474
95.8  159.31713263  112.724022792  112.724022792  112.724022792
95.9  159.263418247  112.685660298  112.685660298  112.685660298
96.0  159.209730389  112.64731864  112.64731864  112.64731864
96.1  159.156071026  112.608999198  112.608999198  112.608999198
96.2  159.102442122  112.570703354  112.570703354  112.570703354
96.3  159.048845645  112.532432486  112.532432486  112.532432486
96.4  158.995283555  112.494187972  112.494187972  112.494187972
96.5  158.941757816  112.455971189  112.455971189  112.455971189
96.6  158.888270384  112.41778351  112.41778351  112.41778351
96.7  158.834823215  112.379626308  112.379626308  112.379626308
96.8  158.781418261  112.341500953  112.341500953  112.341500953
96.9  158.728057471  112.303408814  112.303408814  112.303408814
97.0  158.67474279  112.265351254  112.265351254  112.265351254
97.1  158.621476156  112.227329635  112.227329635  112.227329635
97.2  158.568259508  112.189345317  112.189345317  112.189345317
97.3  158.515094775  112.151399655  112.151399655  112.151399655
97.4  158.461983882  112.113494  112.113494  112.113494
97.5  158.408928751  112.0756297  112.0756297  112.0756297
97.6  158.355931294  112.037808099  112.037808099  112.037808099
97.7  158.30299342  112.000030536  112.000030536  112.000030536
97.8  158.250117031  111.962298345  111.962298345  111.962298345
97.9  158.19730402  111.924612857  111.924612857  111.924612857
98.0  158.144556275  111.886975396  111.886975396  111.886975396
98.1  158.091875675  111.849387282  111.849387282  111.849387282
98.2  158.039264092  111.811849827  111.811849827  111.811849827
98.3  157.98672339  111.774364341  111.774364341  111.774364341
98.4  157.934255422  111.736932125  111.736932125  111.736932125
98.5  157.881862035  111.699554474  111.699554474  111.699554474
98.6  157.829545064  111.662232678  111.662232678  111.662232678
98.7  157.777306338  111.62496802  111.62496802  111.62496802
98.8  157.725147673  111.587761774  111.587761774  111.587761774
98.9  157.673070875  111.550615208  111.550615208  111.550615208
99.0  157.62107774  111.513529584  111.513529584  111.513529584
99.1  157.569170053  111.476506153  111.476506153  111.476506153
99.2  157.517349588  111.439546161  111.439546161  111.439546161
99.3  157.465618106  111.402650845  111.402650845  111.402650845
99.4  157.413977357  111.365821432  111.365821432  111.365821432
99.5  157.36242908  111.329059141  111.329059141  111.329059141
99.6  157.310974997  111.292365184  111.292365184  111.292365184
99.7  157.259616822  111.255740762  111.255740762  111.255740762
99.8  157.208356252  111.219187066  111.219187066  111.219187066
99.9  157.157194971  111.182705278  111.182705278  111.182705278
100.0  157.106134651  111.146296571  111.146296571  111.146296571
100.1  157.055176946  111.109962106  111.109962106  111.109962106
100.2  157.004323499  111.073703036  111.073703036  111.073703036
100.3  156.953575935  111.037520501  111.037520501  111.037520501
100.4  156.902935864  111.001415632  111.001415632  111.001415632
100.5  156.852404882  110.965389546  110.965389546  110.965389546
100.6  156.801984567  110.929443352  110.929443352  110.929443352
100.7  156.751676481  110.893578145  110.893578145  110.893578145
100.8  156.701482169  110.857795009  110.857795009  110.857795009
100.9  156.651403159  110.822095017  110.822095017  110.822095017
101.0  156.601440962  110.786479227  110.786479227  110.786479227
101.1  156.55159707  110.750948686  110.750948686  110.750948686
101.2  156.501872957  110.715504429  110.715504429  110.715504429
101.3  156.45227008  110.680147477  110.680147477  110.680147477
101.4  156.402789874  110.644878836  110.644878836  110.644878836
101.5  156.353433759  110.609699501  110.609699501  110.609699501
101.6  156.304203131  110.574610452  110.574610452  110.574610452
101.7  156.255099368  110.539612656  110.539612656  110.539612656
101.8  156.20612383  110.504707063  110.504707063  110.504707063
101.9  156.157277852  110.469894612  110.469894612  110.469894612
102.0  156.108562751  110.435176224  110.435176224  110.435176224
102.1  156.059979822  110.400552808  110.400552808  110.400552808
102.2  156.011530339  110.366025255  110.366025255  110.366025255
102.3  155.963215552  110.331594442  110.331594442  110.331594442
102.4  155.915036691  110.29726123  110.29726123  110.29726123
102.5  155.866994962  110.263026465  110.263026465  110.263026465
102.6  155.819091549  110.228890974  110.228890974  110.228890974
102.7  155.771327612  110.194855571  110.194855571  110.194855571
102.8  155.723704287  110.160921051  110.160921051  110.160921051
102.9  155.675812251  110.126797846  110.126797846  110.126913739
103.0  155.632031576  110.095584453  110.095584453  110.095699299
103.1  155.588263213  110.064381148  110.064381148  110.064494943
103.2  155.544507159  110.033187919  110.033187919  110.033300662
103.3  155.50076341  110.002004758  110.002004758  110.002116444
103.4  155.457031964  109.970831654  109.970831654  109.970942281
103.5  155.413312816  109.939668597  109.939668597  109.939778162
103.6  155.369605963  109.908515578  109.908515578  109.908624079
103.7  155.325911402  109.877372588  109.877372588  109.87748002
103.8  155.282229129  109.846239616  109.846239616  109.846345977
103.9  155.238559141  109.815116652  109.815116652  109.81522194
104.0  155.194901435  109.784003688  109.784003688  109.7841079
104.1  155.151256006  109.752900714  109.752900714  109.753003846
104.2  155.107622851  109.72180772  109.72180772  109.721909769
104.3  155.064001967  109.690724697  109.690724697  109.690825661
104.4  155.020393351  109.659651635  109.659651635  109.659751511
104.5  154.976796999  109.628588525  109.628588525  109.62868731
104.6  154.933212908  109.597535357  109.597535357  109.597633049
104.7  154.889641073  109.566492123  109.566492123  109.566588719
104.8  154.846081493  109.535458813  109.535458813  109.535554309
104.9  154.802534162  109.504435418  109.504435418  109.504529812
105.0  154.758999079  109.473421928  109.473421928  109.473515218
105.0  154.758999079  109.473421928  109.473421928  109.473515218
105.1  154.715476239  109.442418335  109.442418335  109.442510517
105.2  154.671965638  109.411424629  109.411424629  109.411515701
105.3  154.628467274  109.380440801  109.380440801  109.380530761
105.4  154.584981144  109.349466843  109.349466843  109.349555687
105.5  154.541507242  109.318502744  109.318502744  109.31859047
105.6  154.498045567  109.287548497  109.287548497  109.287635102
105.7  154.454596115  109.256604093  109.256604093  109.256689574
105.8  154.411158882  109.225669521  109.225669521  109.225753877
105.9  154.367733865  109.194744774  109.194744774  109.194828001
106.0  154.32432106  109.163829843  109.163829843  109.163911938
106.1  154.280920464  109.132924718  109.132924718  109.13300568
106.2  154.237532074  109.102029392  109.102029392  109.102109217
106.3  154.194155886  109.071143855  109.071143855  109.071222541
106.4  154.150791896  109.040268099  109.040268099  109.040345643
106.5  154.107440102  109.009402115  109.009402115  109.009478515
106.6  154.0641005  108.978545894  108.978545894  108.978621147
106.7  154.020773085  108.947699428  108.947699428  108.947773532
106.8  153.977457856  108.916862708  108.916862708  108.91693566
106.9  153.934154809  108.886035726  108.886035726  108.886107524
107.0  153.890863939  108.855218473  108.855218473  108.855289115
107.1  153.847585245  108.824410941  108.824410941  108.824480423
107.2  153.804318721  108.793613121  108.793613121  108.793681442
107.3  153.761064365  108.762825006  108.762825006  108.762892163
107.4  153.717822174  108.732046586  108.732046586  108.732112576
107.5  153.674592144  108.701277853  108.701277853  108.701342674
107.6  153.631374271  108.670518799  108.670518799  108.670582449
107.7  153.588168553  108.639769416  108.639769416  108.639831893
107.8  153.544974985  108.609029696  108.609029696  108.609090996
107.9  153.501793564  108.578299629  108.578299629  108.578359752
108.0  153.458624288  108.547579209  108.547579209  108.547638151
108.1  153.415467152  108.516868427  108.516868427  108.516926186
108.2  153.372322153  108.486167275  108.486167275  108.486223849
108.3  153.329189287  108.455475745  108.455475745  108.455531131
108.4  153.286068552  108.424793829  108.424793829  108.424848024
108.5  153.242959944  108.394121518  108.394121518  108.394174522
108.6  153.199863459  108.363458806  108.363458806  108.363510614
108.7  153.156779094  108.332805683  108.332805683  108.332856295
108.8  153.113706846  108.302162142  108.302162142  108.302211555
108.9  153.070646711  108.271528175  108.271528175  108.271576387
109.0  153.027598686  108.240903775  108.240903775  108.240950783
109.1  152.984562767  108.210288933  108.210288933  108.210334735
109.2  152.941538951  108.179683641  108.179683641  108.179728236
109.3  152.898527234  108.149087893  108.149087893  108.149131278
109.4  152.855527614  108.11850168  108.11850168  108.118543852
109.5  152.812540087  108.087924994  108.087924994  108.087965952
109.6  152.769564649  108.057357827  108.057357827  108.057397569
109.7  152.726601297  108.026800173  108.026800173  108.026838696
109.8  152.683650028  107.996252024  107.996252024  107.996289326
109.9  152.640710837  107.965713371  107.965713371  107.96574945
110.0  152.597783723  107.935184208  107.935184208  107.935219062
110.1  152.554868681  107.904664526  107.904664526  107.904698153
110.2  152.511965708  107.874154319  107.874154319  107.874186717
110.3  152.4690748  107.843653579  107.843653579  107.843684745
110.4  152.426195955  107.813162298  107.813162298  107.813192231
110.5  152.383329168  107.782680469  107.782680469  107.782709166
110.6  152.340474437  107.752208084  107.752208084  107.752235545
110.7  152.297631758  107.721745137  107.721745137  107.721771358
110.8  152.254801128  107.69129162  107.69129162  107.691316599
110.9  152.211982543  107.660847525  107.660847525  107.660871261
111.0  152.169175999  107.630412845  107.630412845  107.630435336
111.1  152.126381494  107.599987574  107.599987574  107.600008817
111.2  152.083599025  107.569571703  107.569571703  107.569591697
111.3  152.040828587  107.539165226  107.539165226  107.539183969
111.4  151.998070177  107.508768136  107.508768136  107.508785625
111.5  151.955323792  107.478380425  107.478380425  107.478396659
111.6  151.912589429  107.448002085  107.448002085  107.448017063
111.7  151.869867084  107.417633111  107.417633111  107.41764683
111.8  151.827156754  107.387273495  107.387273495  107.387285953
111.9  151.784458435  107.35692323  107.35692323  107.356934425
112.0  151.741772124  107.326582309  107.326582309  107.326592239
112.1  151.699097818  107.296250725  107.296250725  107.296259388
112.2  151.656435513  107.265928471  107.265928471  107.265935866
112.3  151.613785206  107.235615539  107.235615539  107.235621664
112.4  151.571146894  107.205311924  107.205311924  107.205316777
112.5  151.528520572  107.175017618  107.175017618  107.175021198
112.6  151.485906239  107.144732615  107.144732615  107.144734918
112.7  151.44330389  107.114456907  107.114456907  107.114457933
112.8  151.400713522  107.084190488  107.084190488  107.084190235
112.9  151.358135132  107.05393335  107.05393335  107.053931816
113.0  151.315568716  107.023685488  107.023685488  107.023682671
113.1  151.273014271  106.993446895  106.993446895  106.993442793
113.2  151.230471793  106.963217562  106.963217562  106.963212175
113.3  151.18794128  106.932997485  106.932997485  106.93299081
113.4  151.145422727  106.902786657  106.902786657  106.902778691
113.5  151.102916132  106.87258507  106.87258507  106.872575813
113.6  151.060421492  106.842392718  106.842392718  106.842382168
113.7  151.017938802  106.812209594  106.812209594  106.81219775
113.8  150.975468059  106.782035692  106.782035692  106.782022551
113.9  150.93300926  106.751871006  106.751871006  106.751856567
114.0  150.890562402  106.721715529  106.721715529  106.72169979
114.1  150.848127482  106.691569253  106.691569253  106.691552213
114.2  150.805704495  106.661432174  106.661432174  106.66141383
114.3  150.763293439  106.631304284  106.631304284  106.631284636
114.4  150.72089431  106.601185577  106.601185577  106.601164622
114.5  150.678507105  106.571076046  106.571076046  106.571053784
114.6  150.636131821  106.540975685  106.540975685  106.540952113
114.7  150.593768454  106.510884489  106.510884489  106.510859605
114.8  150.551417001  106.480802449  106.480802449  106.480776253
114.9  150.509077458  106.450729561  106.450729561  106.450702051
115.0  150.466749822  106.420665817  106.420665817  106.420636991
115.1  150.42443409  106.390611212  106.390611212  106.390581069
115.2  150.382130259  106.360565739  106.360565739  106.360534277
115.3  150.339838324  106.330529392  106.330529392  106.33049661
115.4  150.297558284  106.300502165  106.300502165  106.30046806
115.5  150.255290134  106.270484051  106.270484051  106.270448623
115.6  150.213033871  106.240475045  106.240475045  106.240438292
115.7  150.170789491  106.21047514  106.21047514  106.210437061
115.8  150.128556992  106.18048433  106.18048433  106.180444923
115.9  150.08633637  106.150502609  106.150502609  106.150461872
116.0  150.044127622  106.120529971  106.120529971  106.120487904
116.1  150.001930744  106.09056641  106.09056641  106.09052301
116.2  149.959745733  106.06061192  106.06061192  106.060567186
116.3  149.917572586  106.030666494  106.030666494  106.030620425
116.4  149.875411299  106.000730127  106.000730127  106.000682722
116.5  149.833261869  105.970802813  105.970802813  105.97075407
116.6  149.791124293  105.940884545  105.940884545  105.940834463
116.7  149.748998567  105.910975319  105.910975319  105.910923896
116.8  149.706884688  105.881075127  105.881075127  105.881022362
116.9  149.664782653  105.851183965  105.851183965  105.851129856
117.0  149.622692458  105.821301825  105.821301825  105.821246371
117.1  149.5806141  105.791428703  105.791428703  105.791371903
117.2  149.538547576  105.761564593  105.761564593  105.761506445
117.3  149.496492882  105.731709487  105.731709487  105.73164999
117.4  149.454450016  105.701863382  105.701863382  105.701802535
117.5  149.412418973  105.672026271  105.672026271  105.671964072
117.6  149.37039975  105.642198147  105.642198147  105.642134596
117.7  149.328392344  105.612379007  105.612379007  105.612314101
117.8  149.286396752  105.582568843  105.582568843  105.582502581
117.9  149.244412971  105.55276765  105.55276765  105.552700032
118.0  149.202440997  105.522975422  105.522975422  105.522906446
118.1  149.160480826  105.493192154  105.493192154  105.493121819
118.2  149.118532456  105.46341784  105.46341784  105.463346144
118.3  149.076595883  105.433652474  105.433652474  105.433579416
118.4  149.034671104  105.403896051  105.403896051  105.40382163
118.5  148.992758115  105.374148566  105.374148566  105.37407278
118.6  148.950856914  105.344410011  105.344410011  105.344332861
118.7  148.908967496  105.314680383  105.314680383  105.314601866
118.8  148.867089859  105.284959675  105.284959675  105.28487979
118.9  148.825223999  105.255247882  105.255247882  105.255166628
119.0  148.783369913  105.225544999  105.225544999  105.225462374
119.1  148.741527598  105.195851019  105.195851019  105.195767023
119.2  148.69969705  105.166165938  105.166165938  105.166080569
119.3  148.657878266  105.13648975  105.13648975  105.136403007
119.4  148.616071242  105.106822449  105.106822449  105.106734332
119.5  148.574275976  105.07716403  105.07716403  105.077074537
119.6  148.532492465  105.047514488  105.047514488  105.047423618
119.7  148.490720703  105.017873818  105.017873818  105.017781569
119.8  148.44896069  104.988242013  104.988242013  104.988148385
119.9  148.40721242  104.958619069  104.958619069  104.95852406
120.0  148.365475892  104.92900498  104.92900498  104.928908589
120.0  148.365475892  104.92900498  104.92900498  104.928908589
120.1  148.323751101  104.899399741  104.899399741  104.899301968
120.2  148.282038044  104.869803347  104.869803347  104.86970419
120.3  148.240336718  104.840215792  104.840215792  104.84011525
120.4  148.19864712  104.810637071  104.810637071  104.810535143
120.5  148.156969246  104.781067179  104.781067179  104.780963864
120.6  148.115303093  104.75150611  104.75150611  104.751401407
120.7  148.073648658  104.72195386  104.72195386  104.721847768
120.8  148.032005937  104.692410423  104.692410423  104.69230294
120.9  147.990374928  104.662875794  104.662875794  104.66276692
121.0  147.948755627  104.633349968  104.633349968  104.633239701
121.1  147.90714803  104.603832939  104.603832939  104.603721279
121.2  147.865552134  104.574324703  104.574324703  104.574211649
121.3  147.823967936  104.544825254  104.544825254  104.544710805
121.4  147.782395434  104.515334587  104.515334587  104.515218742
121.5  147.740834622  104.485852697  104.485852697  104.485735455
121.6  147.699285499  104.45637958  104.45637958  104.456260939
121.7  147.65774806  104.426915229  104.426915229  104.42679519
121.8  147.616222303  104.397459641  104.397459641  104.397338201
121.9  147.574708225  104.368012809  104.368012809  104.367889969
122.0  147.533205821  104.33857473  104.33857473  104.338450487
122.1  147.491715089  104.309145397  104.309145397  104.309019751
122.2  147.450236026  104.279724806  104.279724806  104.279597756
122.3  147.408768627  104.250312952  104.250312952  104.250184498
122.4  147.367312891  104.22090983  104.22090983  104.22077997
122.5  147.325868813  104.191515435  104.191515435  104.191384169
122.6  147.28443639  104.162129763  104.162129763  104.161997089
122.7  147.24301562  104.132752807  104.132752807  104.132618725
122.8  147.201606498  104.103384564  104.103384564  104.103249072
122.9  147.160209022  104.074025028  104.074025028  104.073888126
123.0  147.118823187  104.044674195  104.044674195  104.044535882
123.1  147.077448992  104.015332059  104.015332059  104.015192335
123.2  147.036086433  103.985998617  103.985998617  103.985857479
123.3  146.994735506  103.956673862  103.956673862  103.956531311
123.4  146.953396207  103.927357791  103.927357791  103.927213826
123.5  146.912068535  103.898050398  103.898050398  103.897905017
123.6  146.870752486  103.868751678  103.868751678  103.868604882
123.7  146.829448055  103.839461628  103.839461628  103.839313415
123.8  146.788155241  103.810180242  103.810180242  103.810030611
123.9  146.746874039  103.780907515  103.780907515  103.780756466
124.0  146.705604447  103.751643442  103.751643442  103.751490974
124.1  146.664346462  103.72238802  103.72238802  103.722234132
124.2  146.623100079  103.693141243  103.693141243  103.692985934
124.3  146.581865296  103.663903107  103.663903107  103.663746376
124.4  146.540642109  103.634673606  103.634673606  103.634515453
124.5  146.499430516  103.605452737  103.605452737  103.605293161
124.6  146.458230512  103.576240494  103.576240494  103.576079494
124.7  146.417042095  103.547036873  103.547036873  103.546874448
124.8  146.375865262  103.517841869  103.517841869  103.51767802
124.9  146.334700009  103.488655478  103.488655478  103.488490203
125.0  146.293546332  103.459477696  103.459477696  103.459310993
125.1  146.252404229  103.430308517  103.430308517  103.430140387
125.2  146.211273697  103.401147936  103.401147936  103.400978378
125.3  146.170154732  103.371995951  103.371995951  103.371824964
125.4  146.12904733  103.342852555  103.342852555  103.342680138
125.5  146.08795149  103.313717744  103.313717744  103.313543897
125.6  146.046867206  103.284591515  103.284591515  103.284416237
125.7  146.005794477  103.255473861  103.255473861  103.255297152
125.8  145.964733299  103.22636478  103.22636478  103.226186638
125.9  145.923683668  103.197264266  103.197264266  103.197084691
126.0  145.882645582  103.168172314  103.168172314  103.167991306
126.1  145.841619036  103.139088921  103.139088921  103.138906479
126.2  145.800604029  103.110014083  103.110014083  103.109830205
126.3  145.759600556  103.080947793  103.080947793  103.08076248
126.4  145.718608615  103.051890049  103.051890049  103.0517033
126.5  145.677628202  103.022840846  103.022840846  103.02265266
126.6  145.636659314  102.993800179  102.993800179  102.993610556
126.7  145.595701947  102.964768044  102.964768044  102.964576982
126.8  145.554756099  102.935744436  102.935744436  102.935551936
126.9  145.513821766  102.906729352  102.906729352  102.906535413
127.0  145.472898945  102.877722787  102.877722787  102.877527408
127.1  145.431987633  102.848724736  102.848724736  102.848527917
127.2  145.391087826  102.819735196  102.819735196  102.819536935
127.3  145.350199521  102.790754161  102.790754161  102.790554459
127.4  145.309322716  102.761781628  102.761781628  102.761580484
127.5  145.268457406  102.732817593  102.732817593  102.732615006
127.6  145.227603589  102.70386205  102.70386205  102.70365802
127.7  145.186761261  102.674914996  102.674914996  102.674709523
127.8  145.145930419  102.645976427  102.645976427  102.645769509
127.9  145.10511106  102.617046338  102.617046338  102.616837976
128.0  145.064303181  102.588124726  102.588124726  102.587914917
128.1  145.023506778  102.559211585  102.559211585  102.559000331
128.2  144.982721848  102.530306912  102.530306912  102.530094211
128.3  144.941948388  102.501410702  102.501410702  102.501196554
128.4  144.901186395  102.472522951  102.472522951  102.472307356
128.5  144.860435865  102.443643656  102.443643656  102.443426613
128.6  144.819696796  102.414772811  102.414772811  102.41455432
128.7  144.778969183  102.385910414  102.385910414  102.385690473
128.8  144.738253025  102.357056458  102.357056458  102.356835069
128.9  144.697548317  102.328210942  102.328210942  102.327988102
129.0  144.656855056  102.29937386  102.29937386  102.29914957
129.1  144.61617324  102.270545208  102.270545208  102.270319467
129.2  144.575502864  102.241724982  102.241724982  102.24149779
129.3  144.534843927  102.212913178  102.212913178  102.212684534
129.4  144.494196423  102.184109792  102.184109792  102.183879696
129.5  144.453560351  102.15531482  102.15531482  102.155083272
129.6  144.412935708  102.126528258  102.126528258  102.126295257
129.7  144.372322488  102.097750102  102.097750102  102.097515647
129.8  144.331720691  102.068980348  102.068980348  102.068744439
129.9  144.291130312  102.040218991  102.040218991  102.039981628
130.0  144.250551348  102.011466028  102.011466028  102.01122721
130.1  144.209983797  101.982721455  101.982721455  101.982481182
130.2  144.169427654  101.953985268  101.953985268  101.953743539
130.3  144.128882916  101.925257462  101.925257462  101.925014277
130.4  144.088349582  101.896538034  101.896538034  101.896293393
130.5  144.047827646  101.86782698  101.86782698  101.867580882
130.6  144.007317106  101.839124295  101.839124295  101.838876741
130.7  143.966817959  101.810429977  101.810429977  101.810180965
130.8  143.926330202  101.78174402  101.78174402  101.78149355
130.9  143.88585383  101.753066422  101.753066422  101.752814494
131.0  143.845388843  101.724397177  101.724397177  101.724143791
131.1  143.804935235  101.695736283  101.695736283  101.695481438
131.2  143.764493003  101.667083735  101.667083735  101.66682743
131.3  143.724062146  101.638439529  101.638439529  101.638181765
131.4  143.683642658  101.609803662  101.609803662  101.609544438
131.5  143.643234538  101.58117613  101.58117613  101.580915445
131.6  143.602837782  101.552556928  101.552556928  101.552294783
131.7  143.562452387  101.523946053  101.523946053  101.523682447
131.8  143.522078349  101.495343502  101.495343502  101.495078435
131.9  143.481715666  101.466749269  101.466749269  101.466482741
132.0  143.441364333  101.438163352  101.438163352  101.437895362
132.1  143.401024349  101.409585747  101.409585747  101.409316294
132.2  143.36069571  101.381016449  101.381016449  101.380745534
132.3  143.320378412  101.352455455  101.352455455  101.352183078
132.4  143.280072453  101.323902762  101.323902762  101.323628921
132.5  143.239777828  101.295358365  101.295358365  101.295083061
132.6  143.199494536  101.26682226  101.26682226  101.266545493
132.7  143.159222573  101.238294445  101.238294445  101.238016213
132.8  143.118961936  101.209774914  101.209774914  101.209495219
132.9  143.07871262  101.181263665  101.181263665  101.180982505
133.0  143.038474625  101.152760694  101.152760694  101.152478069
133.1  142.998247945  101.124265996  101.124265996  101.123981907
133.2  142.958032578  101.095779569  101.095779569  101.095494015
133.3  142.917828521  101.067301408  101.067301408  101.067014388
133.4  142.877635771  101.03883151  101.03883151  101.038543025
133.5  142.837454324  101.010369871  101.010369871  101.01007992
133.6  142.797284177  100.981916488  100.981916488  100.98162507
133.7  142.757125328  100.953471356  100.953471356  100.953178472
133.8  142.716977772  100.925034472  100.925034472  100.924740122
133.9  142.676841507  100.896605833  100.896605833  100.896310016
134.0  142.636716529  100.868185434  100.868185434  100.86788815
134.1  142.596602836  100.839773273  100.839773273  100.839474522
134.2  142.556500424  100.811369344  100.811369344  100.811069126
134.3  142.516409289  100.782973646  100.782973646  100.782671961
134.4  142.47632943  100.754586174  100.754586174  100.754283021
134.5  142.436260842  100.726206925  100.726206925  100.725902304
134.6  142.396203523  100.697835894  100.697835894  100.697529805
134.7  142.356157469  100.669473079  100.669473079  100.669165522
134.8  142.316122678  100.641118476  100.641118476  100.64080945
134.9  142.276099145  100.612772081  100.612772081  100.612461586
135.0  142.236086868  100.58443389  100.58443389  100.584121927
135.0  142.236086868  100.58443389  100.58443389  100.584121927
135.1  142.196085844  100.556103901  100.556103901  100.555790469
135.2  142.156096069  100.527782109  100.527782109  100.527467208
135.3  142.11611754  100.499468512  100.499468512  100.499152141
135.4  142.076150255  100.471163104  100.471163104  100.470845265
135.5  142.03619421  100.442865884  100.442865884  100.442546575
135.6  141.996249401  100.414576847  100.414576847  100.414256068
135.7  141.956315826  100.38629599  100.38629599  100.385973741
135.8  141.916393482  100.358023309  100.358023309  100.357699591
135.9  141.876482365  100.329758801  100.329758801  100.329433613
150.0  136.359919893  96.4247226414  96.4247226414  96.4241907605
165.0  130.726513663  92.4392460282  92.4392460282  92.4385012774
180.0  125.325839057  88.6194793855  88.6194793855  88.6185343136
195.0  120.148281289  84.9579879133  84.9579879133  84.9568573599
210.0  115.184622782  81.4479714362  81.4479714362  81.4466708636
225.0  110.426026765  78.0830560763  78.0830560763  78.0816007395
240.0  105.864021539  74.8571958026  74.8571958026  74.8556003586
255.0  101.490485393  71.764623004  71.764623004  71.7629013445
270.0  97.297632147  68.7998210581  68.7998210581  68.7979862545
285.0  93.2779972897  65.957506893  65.957506893  65.9555711941
300.0  89.4244246893  63.2326181996  63.2326181996  63.2305930557
315.0  85.7300538537  60.6203029188  60.6203029188  60.6181990159
330.0  82.1883077167  58.1159099371  58.1159099371  58.1137372354
345.0  78.7928809291  55.7149805102  55.7149805102  55.7127482837
360.0  75.537728633  53.4132401944  53.4132401944  53.4109570691

#SVE monte-carlo points sigmaR (r, sigmaR_med, sigmaR_std)
9.0  209.919289406  0.0
12.5  196.482838185  0.0
15.9  190.750185878  0.0
19.4  188.989441638  0.0
22.9  189.116077971  0.0
26.4  189.676063965  0.0
29.9  189.872396408  0.0
33.3  189.393411114  0.0
36.8  188.172085427  0.0
40.3  186.345116479  0.0
43.8  184.127211249  0.0
47.2  181.815095908  0.0
50.7  179.466786522  0.0
54.2  177.293759126  0.0
57.7  175.376679462  0.0
61.1  173.777379073  0.0
64.6  172.369596152  0.0
68.1  171.134500025  0.0
71.6  169.982166009  0.0
75.0  168.853937649  0.0
78.5  167.604833191  0.0
82.0  166.211096126  0.0
85.5  164.648508682  0.0
89.0  162.927819341  0.0
92.4  161.145746457  0.0
95.9  159.263867969  0.0
99.4  157.414363723  0.0
102.9  155.676307699  0.0
106.3  154.194552964  0.0
109.8  152.683947753  0.0
113.3  151.18814156  0.0
116.8  149.706989404  0.0
120.2  148.282051701  0.0
123.7  146.829369776  0.0
127.2  145.39091941  0.0
130.7  143.96656118  0.0
134.2  142.556157028  0.0

#SVE monte-carlo points sigmaZ (r, sigmaZ_med, sigmaZ_std)
9.4  154.472151035  0.0
12.9  144.158151572  0.0
16.3  139.475688584  0.0
19.8  137.635932365  0.0
23.3  137.150894807  0.0
26.8  136.99604122  0.0
30.2  136.6400035  0.0
33.7  135.84126769  0.0
37.2  134.584828936  0.0
40.7  132.968159411  0.0
44.2  131.140256174  0.0
47.6  129.308817865  0.0
51.1  127.493877849  0.0
54.6  125.840959308  0.0
58.1  124.396839338  0.0
61.5  123.198000684  0.0
65.0  122.144034535  0.0
68.5  121.218536365  0.0
72.0  120.354621226  0.0
75.4  119.510691772  0.0
78.9  118.581560742  0.0
82.4  117.552955634  0.0
85.9  116.409558423  0.0
89.4  115.160951082  0.0
92.8  113.877762044  0.0
96.3  112.532432486  0.0
99.8  111.219187066  0.0
103.3  110.002116444  0.0
106.7  108.947773532  0.0
110.2  107.874186717  0.0
113.7  106.81219775  0.0
117.2  105.761506445  0.0
120.6  104.751401407  0.0
124.1  103.722234132  0.0
127.6  102.70365802  0.0
131.1  101.695481438  0.0
134.6  100.697529805  0.0

#SVE monte-carlo points sigmaPhi (r, sigmaPhi_med, sigmaPhi_std)
9.9  152.532329556  0.0
13.4  143.2084968  0.0
16.8  139.074388354  0.0
20.3  137.513842849  0.0
23.8  137.125711618  0.0
27.3  136.964259114  0.0
30.7  136.554919959  0.0
34.2  135.68844632  0.0
37.7  134.37275798  0.0
41.2  132.71625134  0.0
44.7  130.871082146  0.0
48.1  129.042626796  0.0
51.6  127.246244207  0.0
55.1  125.621341855  0.0
58.6  124.20830043  0.0
62.0  123.037288077  0.0
65.5  122.005440318  0.0
69.0  121.092965347  0.0
72.5  120.232235253  0.0
75.9  119.382810906  0.0
79.4  118.441333246  0.0
82.9  117.396685323  0.0
86.4  116.237101196  0.0
89.9  114.975625489  0.0
93.3  113.685825618  0.0
96.8  112.341500953  0.0
100.3  111.037520501  0.0
103.8  109.846345977  0.0
107.2  108.793681442  0.0
110.7  107.721771358  0.0
114.2  106.66141383  0.0
117.7  105.612314101  0.0
121.1  104.603721279  0.0
124.6  103.576079494  0.0
128.1  102.559000331  0.0
131.6  101.552294783  0.0
135.0  100.584121927  0.0
