#SigmaGas/SigmaCR (1)r_gas  (2)Q1F (3)Q1F_med (4)Q1F_std (5)Q2FHydro (6)Q2FHydro_med (7)Q2FHydro_std (8)Q2FKinet (9)Q2FKinet_med (10)Q2FKinet_std (11)Q2F_withDisc (12)Q2F_withDisc_med (13)Q2F_withDisc_std)
15.0  0.0433465458734  0.0433465458734  0.0  0.118167446646  0.118167446646  0.0  0.126040751607  0.126040751607  0.0  0.0226995721756  0.0226995721756  0.0
30.0  0.078791272096  0.078791272096  0.0  0.126992525493  0.126992525493  0.0  0.13520370022  0.13520370022  0.0  0.0416319030136  0.0416319030136  0.0
45.0  0.154450384472  0.154450384472  0.0  0.174654460853  0.174654460853  0.0  0.174537075888  0.174537075888  0.0  0.0850315565481  0.0850315565481  0.0
60.0  0.243852744818  0.243852744818  0.0  0.270324154059  0.270324154059  0.0  0.270207919125  0.270207919125  0.0  0.129887009693  0.129887009693  0.0
75.0  0.278268785828  0.278268785828  0.0  0.305804628897  0.305804628897  0.0  0.305704199879  0.305704199879  0.0  0.131710325586  0.131710325586  0.0
90.0  0.278204729917  0.278204729917  0.0  0.30454972111  0.30454972111  0.0  0.304462293217  0.304462293217  0.0  0.115157291832  0.115157291832  0.0
105.0  0.264422185082  0.264422185082  0.0  0.288747262328  0.288747262328  0.0  0.288671423669  0.288671423669  0.0  0.0941139838056  0.0941139838056  0.0
120.0  0.270428885382  0.270428885382  0.0  0.294527801534  0.294527801534  0.0  0.294459045577  0.294459045577  0.0  0.0849563500308  0.0849563500308  0.0
135.0  0.304826591027  0.304826591027  0.0  0.330839683966  0.330839683966  0.0  0.330777214647  0.330777214647  0.0  0.0859483393623  0.0859483393623  0.0
