#SVE points (r, sigmaR, sigmaZ, sigmaPhi, sigmaMajRestored)
8.9092  198.726431123  99.3632155615  172.922978426  158.325745354
9.044  198.659356275  99.3296781373  172.570525371  157.949642438
9.1788  198.592304066  99.2961520328  172.220738806  157.579027053
9.3136  198.525274488  99.2626372442  171.873599027  157.213815104
9.4484  198.458267535  99.2291337676  171.529086433  156.853923528
9.5832  198.391283198  99.1956415992  171.187181524  156.499270288
9.718  198.32432147  99.1621607352  170.847864901  156.149774367
9.8528  198.257382344  99.1286911718  170.51111727  155.805355762
9.9876  198.19046581  99.0952329051  170.176919436  155.465935478
10.1224  198.123571863  99.0617859315  169.845252308  155.131435522
10.2572  198.056700494  99.0283502469  169.516096895  154.801778898
10.392  197.989851695  98.9949258477  169.189434309  154.476889597
10.5268  197.92302546  98.96151273  168.865245762  154.156692595
10.6616  197.85622178  98.92811089  168.54351257  153.841113843
10.7964  197.789440648  98.8947203239  168.224216148  153.530080262
10.9312  197.722682056  98.8613410279  167.907338013  153.223519736
11.066  197.655945996  98.8279729982  167.592859785  152.921361104
11.2008  197.589232462  98.794616231  167.280763182  152.623534154
11.3356  197.522541445  98.7612707225  166.971030026  152.329969616
11.4704  197.455872938  98.7279364689  166.663642239  152.040599152
11.6052  197.389226933  98.6946134664  166.358581842  151.755355354
11.74  197.322603422  98.6613017112  166.05583096  151.47417173
11.8748  197.256002399  98.6280011995  165.755371815  151.196982703
12.0096  197.189423855  98.5947119275  165.457186733  150.923723597
12.1444  197.122867783  98.5614338914  165.161258138  150.654330636
12.2792  197.056334175  98.5281670875  164.867568556  150.38874093
12.414  196.989823024  98.4949115118  164.57610061  150.126892471
12.5488  196.923334321  98.4616671607  164.286837026  149.868724124
12.6836  196.856868061  98.4284340304  163.99976063  149.614175618
12.8184  196.790424234  98.395212117  163.714854345  149.363187541
12.9532  196.724002834  98.3620014168  163.432101195  149.115701328
13.088  196.657603852  98.328801926  163.151484305  148.871659257
13.2228  196.591227282  98.2956136408  162.872986897  148.631004437
13.3576  196.524873115  98.2624365574  162.596592293  148.393680802
13.4924  196.458541344  98.2292706721  162.322283914  148.159633102
13.6272  196.392231962  98.196115981  162.050045279  147.928806897
13.762  196.325944961  98.1629724804  161.779860006  147.701148545
13.8968  196.259680333  98.1298401666  161.511711812  147.476605196
14.0316  196.193438071  98.0967190357  161.245584512  147.255124783
14.1664  196.127218168  98.0636090839  160.981462018  147.036656014
14.3012  196.061020615  98.0305103075  160.719328342  146.821148364
14.436  195.994845406  97.9974227028  160.459167592  146.608552065
14.5708  195.928692532  97.9643462658  160.200963973  146.398818101
14.7056  195.862561986  97.931280993  159.94470179  146.191898195
14.8404  195.796453761  97.8982268805  159.690365441  145.987744805
14.9752  195.730367849  97.8651839245  159.437939426  145.786311113
15.0  195.71821204  97.8591060198  159.391705866  145.749544635
15.11  195.664304243  97.8321521213  159.187408337  145.587551016
15.2448  195.598262934  97.7991314671  158.938756865  145.391419123
15.3796  195.532243916  97.7661219581  158.691969797  145.197870738
15.5144  195.466247181  97.7331235907  158.447032015  145.006861859
15.6492  195.400272722  97.7001363609  158.203928497  144.818349168
15.784  195.33432053  97.6671602651  157.962644319  144.632290021
15.9188  195.268390599  97.6341952996  157.723164649  144.448642439
16.0536  195.202482921  97.6012414605  157.485474752  144.267365104
16.1884  195.136597488  97.568298744  157.249559987  144.088417346
16.3232  195.070734293  97.5353671466  157.015405809  143.91175914
16.458  195.004893329  97.5024466643  156.782997765  143.737351093
16.5928  194.939074587  97.4695372934  156.552321499  143.565154438
16.7276  194.873278061  97.4366390303  156.323362747  143.395131025
16.8624  194.807503742  97.403751871  156.096107338  143.227243318
16.9972  194.741751624  97.370875812  155.870541197  143.061454378
17.132  194.676021699  97.3380108494  155.64665034  142.897727863
17.2668  194.610313959  97.3051569795  155.424420876  142.736028016
17.4016  194.544628397  97.2723141986  155.203839006  142.576319659
17.5364  194.478965006  97.2394825029  154.984891026  142.418568184
17.6712  194.413323777  97.2066618886  154.767563321  142.262739547
17.806  194.347704704  97.1738523521  154.551842369  142.108800258
17.9408  194.282107779  97.1410538895  154.337714739  141.956717376
18.0756  194.216532995  97.1082664973  154.125167092  141.806458498
18.2104  194.150980343  97.0754901715  153.914186178  141.657991756
18.3452  194.085449817  97.0427249085  153.70475884  141.511285805
18.48  194.019941409  97.0099707046  153.496872009  141.36630982
18.6148  193.954455112  96.977227556  153.290512707  141.223033484
18.7496  193.888990918  96.9444954589  153.085668046  141.081426986
18.8844  193.823548819  96.9117744097  152.882325226  140.941461009
19.0192  193.758128809  96.8790644047  152.680471538  140.803106725
19.154  193.69273088  96.84636544  152.480094359  140.666335788
19.2888  193.627355024  96.813677512  152.281181156  140.531120329
19.4236  193.562001234  96.781000617  152.083719484  140.397432943
19.5584  193.496669502  96.7483347511  151.887696987  140.265246689
19.6932  193.431359822  96.7156799108  151.693101392  140.13453508
19.828  193.366072185  96.6830360923  151.499920519  140.005272076
19.9628  193.300806584  96.6504032918  151.308142269  139.877432077
20.0976  193.235563011  96.6177815056  151.117754634  139.750989918
20.2324  193.17034146  96.5851707301  150.928745689  139.625920862
20.3672  193.105141923  96.5525709614  150.741103596  139.502200594
20.502  193.039964392  96.519982196  150.554816603  139.379805212
20.6368  192.97480886  96.48740443  150.369873041  139.258711223
20.7716  192.90967532  96.4548376598  150.186261326  139.138895539
20.9064  192.844563763  96.4222818817  150.003969961  139.020335465
21.0412  192.779474184  96.3897370919  149.822987531  138.903008696
21.176  192.714406573  96.3572032867  149.643302703  138.786893314
21.3108  192.649360925  96.3246804624  149.464904229  138.671967777
21.4456  192.584337231  96.2921686154  149.287780945  138.558210914
21.5804  192.519335484  96.2596677419  149.111921767  138.445601922
21.7152  192.454355676  96.2271778382  148.937315695  138.334120359
21.85  192.389397801  96.1946989006  148.763951811  138.223746137
21.9848  192.324461851  96.1622309254  148.591819275  138.114459518
22.1196  192.259547818  96.1297739089  148.420907333  138.006241105
22.2544  192.194655695  96.0973278474  148.251205308  137.899071843
22.3892  192.129785474  96.0648927372  148.082702604  137.792933008
22.524  192.064937149  96.0324685747  147.915388707  137.687806204
22.6588  192.000110712  96.000055356  147.74925318  137.583673356
22.7936  191.935306155  95.9676530776  147.584285666  137.480516707
22.9284  191.870523471  95.9352617357  147.420475887  137.378318812
23.0632  191.805762653  95.9028813267  147.257813643  137.277062533
23.198  191.741023694  95.8705118468  147.096288813  137.176731034
23.3328  191.676306585  95.8381532924  146.935891352  137.077307774
23.4676  191.611611319  95.8058056597  146.776611293  136.978776507
23.6024  191.54693789  95.7734689451  146.618438747  136.881121271
23.7372  191.48228629  95.7411431449  146.461363899  136.784326389
23.872  191.417656511  95.7088282555  146.305377012  136.688376461
24.0068  191.353048546  95.6765242731  146.150468425  136.59325636
24.1416  191.288462388  95.644231194  145.996628549  136.498951229
24.2764  191.223898029  95.6119490146  145.843847875  136.405446473
24.4112  191.159355462  95.5796777312  145.692116964  136.312727759
24.546  191.09483468  95.5474173402  145.541426454  136.220781007
24.6808  191.030335675  95.5151678377  145.391767054  136.129592392
24.8156  190.965858441  95.4829292203  145.243129548  136.039148332
24.9504  190.901402968  95.4507014841  145.095504794  135.949435491
25.0852  190.836969251  95.4184846255  144.948883721  135.860440768
25.22  190.772557282  95.3862786409  144.803257329  135.772151302
25.3548  190.708167053  95.3540835266  144.658616691  135.684554457
25.4896  190.643798558  95.3218992789  144.514952953  135.597637828
25.6244  190.579451788  95.2897258941  144.372257328  135.511389231
25.7592  190.515126737  95.2575633686  144.230521103  135.425796702
25.894  190.450823397  95.2254116987  144.089735633  135.340848491
26.0288  190.386541761  95.1932708807  143.949892345  135.256533062
26.1636  190.322281822  95.1611409111  143.810982731  135.172839085
26.2984  190.258043572  95.129021786  143.672998357  135.089755435
26.4332  190.193827004  95.0969135019  143.535930854  135.007271188
26.568  190.12963211  95.0648160552  143.399771921  134.925375619
26.7028  190.065458884  95.032729442  143.264513328  134.844058195
26.8376  190.001307318  95.0006536589  143.130146909  134.763308574
26.9724  189.937177404  94.968588702  142.996664565  134.683116602
27.1072  189.873069136  94.9365345679  142.864058266  134.603472311
27.242  189.808982506  94.9044912528  142.732320045  134.52436591
27.3768  189.744917506  94.872458753  142.601442003  134.445787789
27.5116  189.68087413  94.840437065  142.471416304  134.367728511
27.6464  189.61685237  94.8084261851  142.34223518  134.290178812
27.7812  189.552852219  94.7764261095  142.213890924  134.213129596
27.916  189.48887367  94.7444368348  142.086375895  134.136571933
28.0508  189.424916714  94.7124583572  141.959682516  134.060497054
28.1856  189.360981346  94.6804906731  141.833803271  133.984896353
28.3204  189.297067558  94.6485337788  141.708730709  133.909761378
28.4552  189.233175341  94.6165876707  141.584457441  133.835083834
28.59  189.16930469  94.5846523452  141.460976139  133.760855577
28.7248  189.105455597  94.5527277986  141.338279538  133.68706861
28.8596  189.041628055  94.5208140273  141.216360433  133.613715085
28.9944  188.977822055  94.4889110277  141.09521168  133.540787296
29.1292  188.914037592  94.457018796  140.974826197  133.468277678
29.264  188.850274658  94.4251373288  140.85519696  133.396178806
29.3988  188.786533245  94.3932666223  140.736317005  133.324483391
29.5336  188.722813346  94.3614066729  140.618179429  133.253184276
29.6684  188.659114954  94.3295574769  140.500777385  133.182274438
29.8032  188.595438062  94.2977190309  140.384104087  133.11174698
29.938  188.531782662  94.265891331  140.268152806  133.041595135
30.0  188.50251217  94.251256085  140.215062671  133.009453725
30.0728  188.468148748  94.2340743738  140.15291687  132.971812258
30.2076  188.404536311  94.2022681555  140.038389665  132.902391828
30.3424  188.340945345  94.1704726726  139.924564633  132.833327442
30.4772  188.277375843  94.1386879214  139.811435275  132.764612816
30.612  188.213827797  94.1069138983  139.698995145  132.696241783
30.7468  188.150301199  94.0751505997  139.587237854  132.628208289
30.8816  188.086796044  94.043398022  139.476157069  132.560506389
31.0164  188.023312323  94.0116561614  139.365746511  132.493130251
31.1512  187.959850029  93.9799250146  139.255999955  132.426074149
31.286  187.896409155  93.9482045777  139.146911231  132.359332464
31.4208  187.832989694  93.9164948472  139.038474224  132.29289968
31.5556  187.769591639  93.8847958195  138.93068287  132.226770382
31.6904  187.706214982  93.853107491  138.823531159  132.160939257
31.8252  187.642859716  93.821429858  138.717013133  132.095401089
31.96  187.579525834  93.789762917  138.611122889  132.030150758
32.0948  187.516213329  93.7581066643  138.505854572  131.965183241
32.2296  187.452922193  93.7264610963  138.401202381  131.900493605
32.3644  187.389652419  93.6948262095  138.297160565  131.836077011
32.4992  187.326404  93.6632020001  138.193723424  131.771928708
32.634  187.263176929  93.6315884647  138.090885309  131.708044034
32.7688  187.199971199  93.5999855997  137.98864062  131.644418413
32.9036  187.136786803  93.5683934013  137.886983808  131.581047354
33.0384  187.073623732  93.536811866  137.785909371  131.517926449
33.1732  187.01048198  93.5052409902  137.685411858  131.455051372
33.308  186.947361541  93.4736807704  137.585485867  131.392417878
33.4428  186.884262406  93.4421312029  137.486126041  131.330021799
33.5776  186.821184568  93.4105922841  137.387327073  131.267859046
33.7124  186.758128021  93.3790640104  137.289083705  131.205925606
33.8472  186.695092756  93.3475463782  137.191390722  131.144217541
33.982  186.632078768  93.316039384  137.09424296  131.082730983
34.1168  186.569086048  93.2845430242  136.997635298  131.02146214
34.2516  186.50611459  93.2530572951  136.901562663  130.960407288
34.3864  186.443164386  93.2215821932  136.806020027  130.899562774
34.5212  186.38023543  93.1901177149  136.711002407  130.838925011
34.656  186.317327713  93.1586638565  136.616504866  130.77849048
34.7908  186.254441229  93.1272206146  136.522522511  130.718255728
34.9256  186.191575971  93.0957879856  136.429050493  130.658217365
35.0604  186.128731932  93.0643659658  136.336084006  130.598372065
35.1952  186.065909103  93.0329545516  136.243618291  130.538716564
35.33  186.003107479  93.0015537396  136.151648628  130.479247659
35.4648  185.940327052  92.970163526  136.060170343  130.419962204
35.5996  185.877567815  92.9387839074  135.969178803  130.360857117
35.7344  185.81482976  92.9074148802  135.878669418  130.301929368
35.8692  185.752112881  92.8760564407  135.788637639  130.243175987
36.004  185.689417171  92.8447085855  135.699078959  130.184594058
36.1388  185.626742622  92.8133713108  135.609988914  130.12618072
36.2736  185.564089227  92.7820446133  135.521363077  130.067933164
36.4084  185.501456979  92.7507284893  135.433197065  130.009848635
36.5432  185.43884587  92.7194229351  135.345486533  129.95192443
36.678  185.376255895  92.6881279474  135.258227179  129.894157894
36.8128  185.313687045  92.6568435224  135.171414737  129.836546423
36.9476  185.251139313  92.6255696567  135.085044981  129.779087463
37.0824  185.188612693  92.5943063466  134.999113727  129.721778504
37.2172  185.126107177  92.5630535887  134.913616826  129.664617087
37.352  185.063622759  92.5318113793  134.82855017  129.607600796
37.4868  185.00115943  92.5005797148  134.743909686  129.550727262
37.6216  184.938717184  92.4693585918  134.659691341  129.493994159
37.7564  184.876296013  92.4381480067  134.57589114  129.437399205
37.8912  184.813895912  92.4069479558  134.492505123  129.380940161
38.026  184.751516871  92.3757584357  134.409529367  129.324614829
38.1608  184.689158886  92.3445794428  134.326959988  129.268421052
38.2956  184.626821947  92.3134109736  134.244793135  129.212356715
38.4304  184.564506049  92.2822530244  134.163024995  129.156419741
38.5652  184.502211184  92.2511055918  134.081651789  129.100608092
38.7  184.439937344  92.2199686722  134.000669775  129.044919769
38.8348  184.377684524  92.188842262  133.920075244  128.989352809
38.9696  184.315452715  92.1577263577  133.839864523  128.933905287
39.1044  184.253241912  92.1266209558  133.760033974  128.878575314
39.2392  184.191052105  92.0955260526  133.680579991  128.823361034
39.374  184.128883289  92.0644416447  133.601499003  128.76826063
39.5088  184.066735457  92.0333677286  133.522787474  128.713272315
39.6436  184.004608601  92.0023043006  133.444441899  128.658394337
39.7784  183.942502715  91.9712513573  133.366458807  128.603624978
39.9132  183.88041779  91.9402088951  133.288834758  128.548962549
40.048  183.818353821  91.9091769104  133.211566348  128.494405397
40.1828  183.756310799  91.8781553997  133.134650201  128.439951895
40.3176  183.694288719  91.8471443596  133.058082977  128.385600451
40.4524  183.632287573  91.8161437864  132.981861363  128.3313495
40.5872  183.570307353  91.7851536766  132.905982082  128.277197506
40.722  183.508348053  91.7541740267  132.830441884  128.223142964
40.8568  183.446409666  91.7232048332  132.755237552  128.169184396
40.9916  183.384492185  91.6922460925  132.680365899  128.115320351
41.1264  183.322595602  91.6612978011  132.605823769  128.061549406
41.2612  183.260719911  91.6303599555  132.531608034  128.007870165
41.396  183.198865104  91.5994325521  132.457715597  127.954281257
41.5308  183.137031175  91.5685155875  132.384143391  127.900781337
41.6656  183.075218116  91.537609058  132.310888378  127.847369086
41.8004  183.013425921  91.5067129603  132.237947548  127.794043209
41.9352  182.951654581  91.4758272907  132.16531792  127.740802435
42.07  182.889904092  91.4449520458  132.092996542  127.687645517
42.2048  182.828174444  91.4140872219  132.020980489  127.634571232
42.3396  182.766465631  91.3832328157  131.949266866  127.58157838
42.4744  182.704777647  91.3523888236  131.877852803  127.528665781
42.6092  182.643110484  91.321555242  131.80673546  127.47583228
42.744  182.581464135  91.2907320675  131.735912024  127.423076743
42.8788  182.519838593  91.2599192965  131.665379706  127.370398057
43.0136  182.458233851  91.2291169256  131.595135747  127.317795128
43.1484  182.396649902  91.1983249512  131.525177413  127.265266885
43.2832  182.33508674  91.1675433698  131.455501997  127.212812277
43.418  182.273544356  91.136772178  131.386106817  127.16043027
43.5528  182.212022744  91.1060113721  131.316989217  127.108119853
43.6876  182.150521897  91.0752609487  131.248146568  127.055880031
43.8224  182.089041809  91.0445209043  131.179576265  127.003709829
43.9572  182.027582471  91.0137912355  131.111275728  126.95160829
44.092  181.966143877  90.9830719385  131.043242402  126.899574474
44.2268  181.90472602  90.9523630101  130.975473757  126.847607461
44.3616  181.843328893  90.9216644467  130.907967288  126.795706345
44.4964  181.781952489  90.8909762447  130.840720512  126.74387024
44.6312  181.720596802  90.8602984008  130.773730973  126.692098274
44.766  181.659261823  90.8296309113  130.706996236  126.640389593
44.9008  181.597947546  90.7989737729  130.640513892  126.588743359
45.0  181.552839279  90.7764196395  130.591749019  126.550776041
45.0356  181.536653964  90.7683269819  130.574281554  126.537158748
45.1704  181.47538107  90.737690535  130.508296857  126.485634954
45.3052  181.414128857  90.7070644285  130.442557461  126.434171183
45.44  181.352897318  90.6764486592  130.377061049  126.382766658
45.5748  181.291686447  90.6458432233  130.311805324  126.331420616
45.7096  181.230496235  90.6152481175  130.246788013  126.280132308
45.8444  181.169326677  90.5846633383  130.182006865  126.228901
45.9792  181.108177764  90.5540888822  130.11745965  126.17772597
46.114  181.047049491  90.5235247456  130.053144162  126.12660651
46.2488  180.98594185  90.4929709252  129.989058214  126.075541927
46.3836  180.924854835  90.4624274174  129.925199641  126.024531539
46.5184  180.863788438  90.4318942188  129.861566299  125.973574678
46.6532  180.802742652  90.4013713258  129.798156066  125.922670686
46.788  180.74171747  90.370858735  129.73496684  125.87181892
46.9228  180.680712886  90.340356443  129.671996539  125.821018749
47.0576  180.619728892  90.3098644462  129.609243101  125.770269551
47.1924  180.558765482  90.2793827411  129.546704487  125.719570719
47.3272  180.497822649  90.2489113244  129.484378673  125.668921655
47.462  180.436900385  90.2184501924  129.42226366  125.618321773
47.5968  180.375998684  90.1879993418  129.360357466  125.567770498
47.7316  180.315117538  90.1575587691  129.298658127  125.517267266
47.8664  180.254256942  90.1271284708  129.237163702  125.466811522
48.0012  180.193416887  90.0967084435  129.175872265  125.416402724
48.136  180.132597367  90.0662986836  129.114781912  125.366040337
48.2708  180.071798375  90.0358991877  129.053890756  125.315723838
48.4056  180.011019905  90.0055099524  128.993196929  125.265452713
48.5404  179.950261948  89.9751309742  128.932698582  125.215226458
48.6752  179.889524499  89.9447622496  128.872393882  125.165044579
48.81  179.82880755  89.9144037751  128.812281017  125.11490659
48.9448  179.768111095  89.8840555473  128.752358191  125.064812013
49.0796  179.707435126  89.8537175628  128.692623625  125.014760382
49.2144  179.646779636  89.8233898181  128.63307556  124.964751238
49.3492  179.586144619  89.7930723097  128.573712252  124.914784129
49.484  179.525530068  89.7627650341  128.514531976  124.864858614
49.6188  179.464935976  89.732467988  128.455533021  124.814974259
49.7536  179.404362336  89.7021811679  128.396713697  124.765130639
49.8884  179.34380914  89.6719045702  128.338072328  124.715327335
50.0232  179.283276383  89.6416381917  128.279607254  124.665563936
50.158  179.222764057  89.6113820287  128.221316834  124.615840042
50.2928  179.162272156  89.5811360779  128.163199441  124.566155256
50.4276  179.101800672  89.5509003359  128.105253464  124.516509191
50.5624  179.041349598  89.5206747991  128.04747731  124.466901466
50.6972  178.980918928  89.4904594641  127.9898694  124.417331708
50.832  178.920508655  89.4602543275  127.932428172  124.36779955
50.9668  178.860118772  89.4300593859  127.875152076  124.318304632
51.1016  178.799749272  89.3998746358  127.818039583  124.268846602
51.2364  178.739400147  89.3697000737  127.761089174  124.219425113
51.3712  178.679071393  89.3395356963  127.704299347  124.170039824
51.506  178.618763  89.3093815  127.647668616  124.120690402
51.6408  178.558474963  89.2792374815  127.591195508  124.071376519
51.7756  178.498207275  89.2491036373  127.534878566  124.022097854
51.9104  178.437959928  89.218979964  127.478716346  123.97285409
52.0452  178.377732916  89.1888664582  127.422707419  123.923644919
52.18  178.317526233  89.1587631163  127.366850371  123.874470035
52.3148  178.25733987  89.1286699351  127.311143801  123.82532914
52.4496  178.197173822  89.098586911  127.255586322  123.776221941
52.5844  178.137028081  89.0685140406  127.200176561  123.727148151
52.7192  178.076902641  89.0384513206  127.144913159  123.678107488
52.854  178.016797495  89.0083987474  127.08979477  123.629099673
52.9888  177.956712635  88.9783563176  127.034820062  123.580124436
53.1236  177.896648056  88.9483240279  126.979987715  123.531181509
53.2584  177.83660375  88.9183018748  126.925296423  123.48227063
53.3932  177.77657971  88.8882898549  126.870744894  123.433391543
53.528  177.716575929  88.8582879647  126.816331847  123.384543993
53.6628  177.656592402  88.8282962009  126.762056015  123.335727734
53.7976  177.59662912  88.79831456  126.707916143  123.286942522
53.9324  177.536686077  88.7683430387  126.653910989  123.238188118
54.0672  177.476763267  88.7383816334  126.600039322  123.189464288
54.202  177.416860682  88.7084303408  126.546299926  123.140770801
54.3368  177.356978315  88.6784891574  126.492691595  123.092107432
54.4716  177.29711616  88.6485580799  126.439213135  123.043473959
54.6064  177.23727421  88.6186371049  126.385863365  122.994870164
54.7412  177.177452458  88.5887262289  126.332641115  122.946295832
54.876  177.117650897  88.5588254485  126.279545227  122.897750756
55.0108  177.057869521  88.5289347603  126.226574555  122.849234727
55.1456  176.998108322  88.499054161  126.173727964  122.800747544
55.2804  176.938367294  88.469183647  126.12100433  122.752289008
55.4152  176.87864643  88.4393232151  126.06840254  122.703858925
55.55  176.818945723  88.4094728617  126.015921494  122.655457103
55.6848  176.759265167  88.3796325836  125.963560101  122.607083354
55.8196  176.699604754  88.3498023772  125.911317282  122.558737493
55.9544  176.639964479  88.3199822393  125.859191967  122.510419339
56.0892  176.580344333  88.2901721663  125.8071831  122.462128715
56.224  176.52074431  88.2603721549  125.755289633  122.413865445
56.3588  176.461164404  88.2305822018  125.70351053  122.365629359
56.4936  176.401604607  88.2008023034  125.651844763  122.317420288
56.6284  176.342064913  88.1710324565  125.600291317  122.269238066
56.7632  176.282545315  88.1412726576  125.548849186  122.221082532
56.898  176.223045807  88.1115229033  125.497517373  122.172953525
57.0328  176.163566381  88.0817831903  125.446294894  122.12485089
57.1676  176.10410703  88.0520535151  125.395180773  122.076774472
57.3024  176.044667749  88.0223338744  125.344174042  122.028724122
57.4372  175.98524853  87.9926242648  125.293273746  121.980699689
57.572  175.925849366  87.9629246829  125.242478937  121.93270103
57.7068  175.86647025  87.9332351252  125.191788679  121.884728001
57.8416  175.807111177  87.9035555885  125.141202043  121.836780462
57.9764  175.747772139  87.8738860694  125.090718111  121.788858275
58.1112  175.688453129  87.8442265644  125.040335973  121.740961305
58.246  175.62915414  87.8145770701  124.990054729  121.693089418
58.3808  175.569875167  87.7849375833  124.939873488  121.645242484
58.5156  175.510616201  87.7553081005  124.889791368  121.597420376
58.6504  175.451377237  87.7256886184  124.839807494  121.549622967
58.7852  175.392158267  87.6960791335  124.789921003  121.501850133
58.92  175.332959285  87.6664796425  124.740131039  121.454101753
59.0548  175.273780284  87.6368901421  124.690436754  121.406377708
59.1896  175.214621258  87.6073106288  124.640837309  121.35867788
59.3244  175.155482199  87.5777410993  124.591331875  121.311002155
59.4592  175.0963631  87.5481815501  124.541919628  121.263350419
59.594  175.037263956  87.5186319781  124.492599756  121.215722562
59.7288  174.978184759  87.4890923797  124.443371453  121.168118474
59.8636  174.919125503  87.4595627516  124.394233921  121.120538048
59.9984  174.860086181  87.4300430905  124.345186371  121.072981179
60.0  174.859385537  87.4296927686  124.344604742  121.072416847
60.1332  174.801066786  87.4005333929  124.296228022  121.025447764
60.268  174.742067311  87.3710336556  124.2473581  120.977937701
60.4028  174.68308775  87.3415438751  124.198575838  120.93045089
60.5376  174.624128096  87.3120640482  124.14988048  120.882987233
60.6724  174.565188343  87.2825941713  124.101271275  120.835546634
60.8072  174.506268482  87.2531342412  124.052747479  120.788128998
60.942  174.447368509  87.2236842546  124.004308357  120.740734233
61.0768  174.388488416  87.194244208  123.955953183  120.693362247
61.2116  174.329628196  87.1648140981  123.907681233  120.64601295
61.3464  174.270787843  87.1353939216  123.859491797  120.598686254
61.4812  174.21196735  87.1059836751  123.811384166  120.551382073
61.616  174.15316671  87.0765833552  123.763357643  120.504100321
61.7508  174.094385917  87.0471929586  123.715411535  120.456840914
61.8856  174.035624964  87.017812482  123.667545157  120.409603772
62.0204  173.976883844  86.988441922  123.619757831  120.362388812
62.1552  173.91816255  86.9590812752  123.572048886  120.315195955
62.29  173.859461077  86.9297305384  123.524417657  120.268025124
62.4248  173.800779416  86.9003897081  123.476863487  120.220876241
62.5596  173.742117562  86.871058781  123.429385724  120.173749232
62.6944  173.683475508  86.8417377539  123.381983724  120.126644022
62.8292  173.624853246  86.8124266232  123.334656848  120.079560538
62.964  173.566250771  86.7831253857  123.287404466  120.03249871
63.0988  173.507668076  86.7538340382  123.240225952  119.985458466
63.2336  173.449105154  86.7245525771  123.193120686  119.938439737
63.3684  173.390561998  86.6952809992  123.146088057  119.891442456
63.5032  173.332038602  86.6660193011  123.099127457  119.844466556
63.638  173.273534959  86.6367674796  123.052238287  119.797511971
63.7728  173.215051062  86.6075255312  123.005419952  119.750578636
63.9076  173.156586905  86.5782934527  122.958671864  119.703666489
64.0424  173.098142481  86.5490712407  122.911993441  119.656775466
64.1772  173.039717784  86.5198588919  122.865384105  119.609905507
64.312  172.981312806  86.490656403  122.818843286  119.56305655
64.4468  172.922927541  86.4614637705  122.772370421  119.516228538
64.5816  172.864561983  86.4322809913  122.725964948  119.469421411
64.7164  172.806216124  86.4031080619  122.679626315  119.422635111
64.8512  172.747889958  86.3739449791  122.633353974  119.375869584
64.986  172.689583479  86.3447917396  122.587147383  119.329124773
65.1208  172.63129668  86.3156483399  122.541006004  119.282400623
65.2556  172.573029554  86.2865147768  122.494929306  119.235697082
65.3904  172.514782094  86.257391047  122.448916763  119.189014095
65.5252  172.456554294  86.2282771471  122.402967855  119.142351612
65.66  172.398346148  86.1991730738  122.357082065  119.095709582
65.7948  172.340157648  86.1700788239  122.311258884  119.049087954
65.9296  172.281988788  86.1409943939  122.265497806  119.002486678
66.0644  172.223839561  86.1119197807  122.219798331  118.955905707
66.1992  172.165709961  86.0828549807  122.174159965  118.909344992
66.334  172.107599982  86.0537999909  122.128582217  118.862804486
66.4688  172.049509616  86.0247548078  122.083064602  118.816284144
66.6036  171.991438856  85.9957194281  122.037606641  118.769783919
66.7384  171.933387697  85.9666938486  121.992207857  118.723303767
66.8732  171.875356132  85.9376780658  121.946867781  118.676843644
67.008  171.817344153  85.9086720766  121.901585947  118.630403507
67.1428  171.759351755  85.8796758776  121.856361894  118.583983311
67.2776  171.701378931  85.8506894655  121.811195166  118.537583017
67.4124  171.643425674  85.8217128369  121.76608531  118.491202582
67.5472  171.585491977  85.7927459887  121.721031881  118.444841966
67.682  171.527577835  85.7637889175  121.676034434  118.398501128
67.8168  171.46968324  85.7348416199  121.631092533  118.35218003
67.9516  171.411808186  85.7059040928  121.586205743  118.305878632
68.0864  171.353952665  85.6769763327  121.541373635  118.259596896
68.2212  171.296116673  85.6480583365  121.496595785  118.213334785
68.356  171.238300201  85.6191501007  121.451871771  118.167092262
68.4908  171.180503244  85.5902516222  121.407201177  118.12086929
68.6256  171.122725795  85.5613628975  121.362583591  118.074665832
68.7604  171.064967847  85.5324839235  121.318018605  118.028481855
68.8952  171.007229394  85.5036146969  121.273505815  117.982317323
69.03  170.949510429  85.4747552143  121.229044821  117.936172202
69.1648  170.891810945  85.4459054724  121.184635228  117.890046458
69.2996  170.834130936  85.417065468  121.140276643  117.843940057
69.4344  170.776470396  85.3882351978  121.09596868  117.797852968
69.5692  170.718829317  85.3594146584  121.051710953  117.751785157
69.704  170.661207693  85.3306038467  121.007503084  117.705736594
69.8388  170.603605519  85.3018027593  120.963344696  117.659707246
69.9736  170.546022786  85.273011393  120.919235416  117.613697083
70.1084  170.488459489  85.2442297444  120.875174877  117.567706074
70.2432  170.430915621  85.2154578103  120.831162713  117.52173419
70.378  170.373391175  85.1866955874  120.787198563  117.475781401
70.5128  170.315886145  85.1579430725  120.743282069  117.429847678
70.6476  170.258400524  85.1292002622  120.699412879  117.383932992
70.7824  170.200934306  85.1004671532  120.655590641  117.338037315
70.9172  170.143487485  85.0717437424  120.611815009  117.292160619
71.052  170.086060053  85.0430300264  120.568085639  117.246302877
71.1868  170.028652004  85.0143260019  120.524402192  117.200464061
71.3216  169.971263332  84.9856316658  120.480764332  117.154644146
71.4564  169.913894029  84.9569470146  120.437171725  117.108843104
71.5912  169.85654409  84.9282720452  120.393624042  117.06306091
71.726  169.799213509  84.8996067543  120.350120956  117.017297538
71.8608  169.741902277  84.8709511385  120.306662146  116.971552963
71.9956  169.68461039  84.8423051948  120.26324729  116.92582716
72.1304  169.627337839  84.8136689197  120.219876074  116.880120104
72.2652  169.57008462  84.78504231  120.176548183  116.834431772
72.4  169.512850725  84.7564253625  120.133263307  116.78876214
72.5348  169.455636148  84.7278180738  120.090021139  116.743111183
72.6696  169.398440882  84.6992204408  120.046821377  116.697478879
72.8044  169.34126492  84.6706324602  120.003663718  116.651865205
72.9392  169.284108257  84.6420541287  119.960547865  116.606270139
73.074  169.226970886  84.613485443  119.917473524  116.560693657
73.2088  169.1698528  84.5849264  119.874440403  116.515135738
73.3436  169.112753993  84.5563769963  119.831448212  116.46959636
73.4784  169.055674457  84.5278372287  119.788496667  116.424075502
73.6132  168.998614188  84.4993070939  119.745585483  116.378573142
73.748  168.941573178  84.4707865888  119.702714382  116.333089261
73.8828  168.88455142  84.44227571  119.659883086  116.287623836
74.0176  168.827548908  84.4137744542  119.617091319  116.242176848
74.1524  168.770565637  84.3852828183  119.574338812  116.196748276
74.2872  168.713601598  84.356800799  119.531625293  116.151338101
74.422  168.656656786  84.3283283931  119.488950499  116.105946304
74.5568  168.599731195  84.2998655973  119.446314164  116.060572864
74.6916  168.542824817  84.2714124083  119.403716027  116.015217762
74.8264  168.485937646  84.242968823  119.361155832  115.969880981
74.9612  168.429069676  84.214534838  119.318633321  115.9245625
75.0  168.412704708  84.2063523542  119.306400853  115.911521698
75.096  168.3722209  84.1861104502  119.276148242  115.879262302
75.2308  168.315391313  84.1576956563  119.233700345  115.833980369
75.3656  168.258580906  84.129290453  119.191289381  115.788716681
75.5004  168.201789674  84.1008948372  119.148915104  115.743471223
75.6352  168.145017611  84.0725088055  119.106577273  115.698243975
75.77  168.08826471  84.0441323548  119.064275646  115.653034921
75.9048  168.031530964  84.0157654818  119.022009985  115.607844044
76.0396  167.974816367  83.9874081833  118.979780054  115.562671326
76.1744  167.918120912  83.9590604561  118.937585621  115.517516751
76.3092  167.861444594  83.9307222969  118.895426453  115.472380302
76.444  167.804787405  83.9023937025  118.853302323  115.427261962
76.5788  167.748149339  83.8740746696  118.811213004  115.382161716
76.7136  167.69153039  83.8457651951  118.769158272  115.337079548
76.8484  167.634930552  83.8174652758  118.727137905  115.292015441
76.9832  167.578349816  83.7891749082  118.685151683  115.24696938
77.118  167.521788179  83.7608940894  118.64319939  115.201941349
77.2528  167.465245632  83.732622816  118.601280809  115.156931334
77.3876  167.40872217  83.7043610848  118.559395729  115.111939318
77.5224  167.352217785  83.6761088927  118.517543937  115.066965287
77.6572  167.295732473  83.6478662363  118.475725226  115.022009226
77.792  167.239266225  83.6196331124  118.433939388  114.97707112
77.9268  167.182819036  83.5914095179  118.392186219  114.932150954
78.0616  167.126390899  83.5631954496  118.350465517  114.887248715
78.1964  167.069981808  83.5349909041  118.308777081  114.842364388
78.3312  167.013591757  83.5067958784  118.267120713  114.797497958
78.466  166.957220738  83.4786103691  118.225496215  114.752649412
78.6008  166.900868746  83.4504343731  118.183903395  114.707818737
78.7356  166.844535774  83.4222678872  118.142342058  114.663005917
78.8704  166.788221816  83.3941109081  118.100812015  114.61821094
79.0052  166.731926865  83.3659634327  118.059313077  114.573433792
79.14  166.675650915  83.3378254577  118.017845057  114.52867446
79.2748  166.61939396  83.3096969799  117.97640777  114.483932931
79.4096  166.563155992  83.2815779961  117.935001033  114.439209191
79.5444  166.506937006  83.2534685032  117.893624665  114.394503227
79.6792  166.450736996  83.2253684979  117.852278487  114.349815028
79.814  166.394555954  83.197277977  117.81096232  114.305144579
79.9488  166.338393875  83.1691969373  117.76967599  114.260491869
80.0836  166.282250751  83.1411253756  117.728419322  114.215856885
80.2184  166.226126578  83.1130632888  117.687192143  114.171239615
80.3532  166.170021347  83.0850106735  117.645994284  114.126640046
80.488  166.113935053  83.0569675267  117.604825576  114.082058165
80.6228  166.05786769  83.0289338451  117.56368585  114.037493962
80.7576  166.001819251  83.0009096255  117.522574943  113.992947424
80.8924  165.945789729  82.9728948647  117.481492689  113.948418539
81.0272  165.889779119  82.9448895596  117.440438927  113.903907296
81.162  165.833787414  82.916893707  117.399413496  113.859413682
81.2968  165.777814607  82.8889073036  117.358416238  113.814937687
81.4316  165.721860693  82.8609303463  117.317446994  113.770479298
81.5664  165.665925664  82.8329628318  117.276505609  113.726038505
81.7012  165.610009514  82.8050047571  117.23559193  113.681615296
81.836  165.554112238  82.7770561188  117.194705803  113.637209659
81.9708  165.498233828  82.7491169139  117.153847076  113.592821585
82.1056  165.442374278  82.7211871391  117.113015601  113.548451061
82.2404  165.386533583  82.6932667913  117.07221123  113.504098076
82.3752  165.330711734  82.6653558672  117.031433815  113.459762621
82.51  165.274908728  82.6374543638  116.990683212  113.415444683
82.6448  165.219124555  82.6095622777  116.949959276  113.371144253
82.7796  165.163359212  82.5816796059  116.909261866  113.32686132
82.9144  165.10761269  82.5538063452  116.86859084  113.282595873
83.0492  165.051884985  82.5259424923  116.827946059  113.238347901
83.184  164.996176088  82.4980880441  116.787327386  113.194117395
83.3188  164.940485995  82.4702429975  116.746734682  113.149904343
83.4536  164.884814698  82.4424073492  116.706167814  113.105708736
83.5884  164.829162192  82.4145810962  116.665626646  113.061530564
83.7232  164.77352847  82.3867642351  116.625111047  113.017369816
83.858  164.717913526  82.3589567629  116.584620885  112.973226482
83.9928  164.662317353  82.3311586763  116.544156029  112.929100552
84.1276  164.606739945  82.3033699723  116.503716352  112.884992017
84.2624  164.551181295  82.2755906476  116.463301726  112.840900866
84.3972  164.495641398  82.2478206991  116.422912024  112.79682709
84.532  164.440120247  82.2200601236  116.382547122  112.752770679
84.6668  164.384617836  82.1923089179  116.342206895  112.708731623
84.8016  164.329134158  82.1645670789  116.301891223  112.664709912
84.9364  164.273669207  82.1368346035  116.261599982  112.620705538
85.0712  164.218222977  82.1091114884  116.221333054  112.576718489
85.206  164.162795461  82.0813977305  116.18109032  112.532748758
85.3408  164.107386653  82.0536933267  116.140871661  112.488796335
85.4756  164.051996547  82.0259982737  116.100676961  112.44486121
85.6104  163.996625137  81.9983125685  116.060506106  112.400943373
85.7452  163.941272416  81.9706362078  116.02035898  112.357042817
85.88  163.885938377  81.9429691886  115.980235471  112.313159531
86.0148  163.830623015  81.9153115077  115.940135467  112.269293506
86.1496  163.775326324  81.8876631618  115.900058856  112.225444734
86.2844  163.720048296  81.860024148  115.860005531  112.181613205
86.4192  163.664788926  81.8323944629  115.81997538  112.13779891
86.554  163.609548207  81.8047741036  115.779968298  112.09400184
86.6888  163.554326133  81.7771630667  115.739984178  112.050221987
86.8236  163.499122698  81.7495613492  115.700022913  112.006459341
86.9584  163.443937896  81.721968948  115.660084401  111.962713894
87.0932  163.38877172  81.6943858598  115.620168537  111.918985636
87.228  163.333624163  81.6668120816  115.580275219  111.87527456
87.3628  163.27849522  81.6392476102  115.540404346  111.831580657
87.4976  163.223384885  81.6116924424  115.500555817  111.787903917
87.6324  163.16829315  81.5841465751  115.460729533  111.744244333
87.7672  163.113220011  81.5566100053  115.420925396  111.700601895
87.902  163.058165459  81.5290827296  115.381143308  111.656976595
88.0368  163.00312949  81.5015647451  115.341383174  111.613368425
88.1716  162.948112097  81.4740560486  115.301644896  111.569777376
88.3064  162.893113274  81.4465566368  115.261928382  111.526203439
88.4412  162.838133014  81.4190665068  115.222233537  111.482646607
88.576  162.783171311  81.3915856553  115.182560268  111.439106871
88.7108  162.728228159  81.3641140793  115.142908485  111.395584223
88.8456  162.673303551  81.3366517756  115.103278095  111.352078654
88.9804  162.618397482  81.309198741  115.06366901  111.308590156
89.1152  162.563509945  81.2817549725  115.024081139  111.265118721
89.25  162.508640934  81.254320467  114.984514395  111.221664341
89.3848  162.453790442  81.2268952212  114.944968691  111.178227008
89.5196  162.398958464  81.199479232  114.905443939  111.134806713
89.6544  162.344144993  81.1720724964  114.865940054  111.091403448
89.7892  162.289350023  81.1446750113  114.826456952  111.048017206
89.924  162.234573547  81.1172867734  114.786994549  111.004647978
90.0  162.203698818  81.101849409  114.764754809  110.980203982
90.0588  162.179815559  81.0899077797  114.747552761  110.961295757
90.1936  162.125076054  81.0625380271  114.708131505  110.917960533
90.3284  162.070355025  81.0351775124  114.668730701  110.874642301
90.4632  162.015652465  81.0078262325  114.629350268  110.83134105
90.598  161.960968369  80.9804841843  114.589990126  110.788056775
90.7328  161.906302729  80.9531513647  114.550650195  110.744789466
90.8676  161.851655541  80.9258277705  114.511330397  110.701539116
91.0024  161.797026798  80.8985133988  114.472030655  110.658305717
91.1372  161.742416492  80.8712082462  114.432750892  110.615089261
91.272  161.68782462  80.8439123098  114.393491032  110.571889741
91.4068  161.633251173  80.8166255864  114.354250998  110.528707149
91.5416  161.578696146  80.789348073  114.315030717  110.485541477
91.6764  161.524159533  80.7620797663  114.275830115  110.442392717
91.8112  161.469641327  80.7348206633  114.236649118  110.399260862
91.946  161.415141522  80.7075707609  114.197487655  110.356145905
92.0808  161.360660112  80.680330056  114.158345652  110.313047837
92.2156  161.306197091  80.6530985455  114.11922304  110.269966651
92.3504  161.251752453  80.6258762263  114.080119747  110.226902339
92.4852  161.19732619  80.5986630952  114.041035705  110.183854894
92.62  161.142918298  80.5714591492  114.001970843  110.140824308
92.7548  161.08852877  80.5442643852  113.962925095  110.097810574
92.8896  161.0341576  80.5170788  113.923898391  110.054813685
93.0244  160.979804781  80.4899023907  113.884890664  110.011833632
93.1592  160.925470308  80.462735154  113.84590185  109.968870409
93.294  160.871154174  80.4355770868  113.806931881  109.925924008
93.4288  160.816856372  80.4084281862  113.767980693  109.882994421
93.5636  160.762576898  80.381288449  113.729048221  109.840081641
93.6984  160.708315744  80.354157872  113.690134401  109.797185662
93.8332  160.654072905  80.3270364523  113.65123917  109.754306474
93.968  160.599848373  80.2999241867  113.612362465  109.711444072
94.1028  160.545642144  80.2728210721  113.573504225  109.668598447
94.2376  160.491454211  80.2457271055  113.534664388  109.625769594
94.3724  160.437284567  80.2186422837  113.495842892  109.582957503
94.5072  160.383133207  80.1915666036  113.457039679  109.540162168
94.642  160.329000125  80.1645000623  113.418254687  109.497383582
94.7768  160.274885313  80.1374426565  113.379487859  109.454621737
94.9116  160.220788767  80.1103943833  113.340739134  109.411876627
95.0464  160.166710479  80.0833552395  113.302008456  109.369148243
95.1812  160.112650444  80.056325222  113.263295767  109.32643658
95.316  160.058608656  80.0293043278  113.224601011  109.283741629
95.4508  160.004585108  80.0022925538  113.185924129  109.241063384
95.5856  159.950579794  79.9752898969  113.147265068  109.198401837
95.7204  159.896592708  79.948296354  113.108623772  109.155756981
95.8552  159.842623844  79.9213119221  113.070000185  109.113128809
95.99  159.788673196  79.8943365981  113.031394254  109.070517315
96.1248  159.734740758  79.8673703788  112.992805925  109.02792249
96.2596  159.680826523  79.8404132613  112.954235145  108.985344329
96.3944  159.626930485  79.8134652425  112.915681861  108.942782823
96.5292  159.573052639  79.7865263193  112.877146021  108.900237966
96.664  159.519192977  79.7595964885  112.838627573  108.85770975
96.7988  159.465351495  79.7326757473  112.800126466  108.81519817
96.9336  159.411528185  79.7057640924  112.76164265  108.772703217
97.0684  159.357723042  79.6788615208  112.723176073  108.730224885
97.2032  159.303936059  79.6519680295  112.684726687  108.687763166
97.338  159.250167231  79.6250836154  112.646294442  108.645318055
97.4728  159.196416551  79.5982082754  112.607879289  108.602889543
97.6076  159.142684013  79.5713420064  112.56948118  108.560477624
97.7424  159.088969611  79.5444848055  112.531100067  108.518082291
97.8772  159.035273339  79.5176366695  112.492735903  108.475703537
98.012  158.981595191  79.4907975953  112.45438864  108.433341355
98.1468  158.92793516  79.46396758  112.416058232  108.390995738
98.2816  158.874293241  79.4371466205  112.377744632  108.34866668
98.4164  158.820669427  79.4103347136  112.339447796  108.306354173
98.5512  158.767063713  79.3835318564  112.301167678  108.264058211
98.686  158.713476092  79.3567380458  112.262904233  108.221778786
98.8208  158.659906558  79.3299532788  112.224657416  108.179515892
98.9556  158.606355104  79.3031775522  112.186427184  108.137269522
99.0904  158.552821726  79.2764108631  112.148213493  108.09503967
99.2252  158.499306417  79.2496532083  112.1100163  108.052826327
99.36  158.44580917  79.2229045849  112.071835562  108.010629489
99.4948  158.39232998  79.1961649898  112.033671236  107.968449147
99.6296  158.33886884  79.1694344199  111.995523281  107.926285295
99.7644  158.285425744  79.1427128722  111.957391655  107.884137926
99.8992  158.232000687  79.1160003437  111.919276318  107.842007033
100.034  158.178593663  79.0892968313  111.881177227  107.799892611
100.1688  158.125204664  79.0626023319  111.843094342  107.757794651
100.3036  158.071833685  79.0359168426  111.805027625  107.715713147
100.4384  158.01848072  79.0092403602  111.766977034  107.673648093
100.5732  157.965145764  78.9825728818  111.72894253  107.631599481
100.708  157.911828809  78.9559144043  111.690924075  107.589567305
100.8428  157.858529849  78.9292649247  111.65292163  107.547551559
100.9776  157.80524888  78.9026244398  111.614935157  107.505552235
101.1124  157.751985894  78.8759929468  111.576964617  107.463569327
101.2472  157.698740885  78.8493704425  111.539009973  107.421602828
101.382  157.645513848  78.822756924  111.501071189  107.379652732
101.5168  157.592304776  78.7961523881  111.463148226  107.337719031
101.6516  157.539113664  78.7695568319  111.425241049  107.29580172
101.7864  157.485940505  78.7429702523  111.387349622  107.253900791
101.9212  157.432785293  78.7163926464  111.349473908  107.212016237
102.056  157.379648022  78.6898240109  111.311613872  107.170148054
102.1908  157.326528686  78.6632643431  111.273769479  107.128296232
102.3256  157.273427279  78.6367136397  111.235940693  107.086460767
102.4604  157.220343796  78.6101718978  111.198127481  107.044641651
102.5952  157.167278229  78.5836391144  111.160329808  107.002838877
102.73  157.114230573  78.5571152864  111.12254764  106.96105244
102.8648  157.061200822  78.5306004109  111.084780944  106.919282332
102.9996  157.008188969  78.5040944847  111.047029685  106.877528547
103.1344  156.95519501  78.4775975049  111.009293832  106.835791079
103.2692  156.902218937  78.4511094685  110.971573351  106.79406992
103.404  156.849260745  78.4246303724  110.93386821  106.752365064
103.5388  156.796320427  78.3981602136  110.896178377  106.710676505
103.6736  156.743397978  78.3716989891  110.85850382  106.669004236
103.8084  156.690493392  78.345246696  110.820844507  106.62734825
103.9432  156.637606662  78.318803331  110.783200407  106.585708542
104.078  156.584737783  78.2923688914  110.745571489  106.544085103
104.2128  156.531886748  78.265943374  110.707957723  106.502477929
104.3476  156.479053552  78.2395267758  110.670359077  106.460887012
104.4824  156.426238188  78.2131190938  110.632775522  106.419312346
104.6172  156.37344065  78.1867203251  110.595207028  106.377753924
104.752  156.320660933  78.1603304665  110.557653565  106.336211739
104.8868  156.26789903  78.1339495152  110.520115104  106.294685787
105.0  156.223605314  78.1118026571  110.488603275  106.259826377
105.0216  156.215154936  78.107577468  110.482591615  106.253176058
105.1564  156.162428644  78.0812143221  110.44508307  106.211682548
105.2912  156.109720149  78.0548600743  110.40758944  106.17020525
105.426  156.057029443  78.0285147217  110.370110698  106.128744158
105.5608  156.004356523  78.0021782613  110.332646814  106.087299264
105.6956  155.95170138  77.97585069  110.29519776  106.045870562
105.8304  155.89906401  77.9495320049  110.25776351  106.004458046
105.9652  155.846444406  77.923222203  110.220344036  105.96306171
106.1  155.793842563  77.8969212813  110.182939311  105.921681546
106.2348  155.741258474  77.8706292368  110.145549308  105.880317549
106.3696  155.688692133  77.8443460664  110.108173999  105.838969713
106.5044  155.636143535  77.8180717673  110.07081336  105.797638029
106.6392  155.583612673  77.7918063363  110.033467363  105.756322493
106.774  155.531099541  77.7655497705  109.996135983  105.715023098
106.9088  155.478604134  77.739302067  109.958819194  105.673739837
107.0436  155.426126445  77.7130632226  109.921516971  105.632472704
107.1784  155.373666469  77.6868332345  109.884229287  105.591221692
107.3132  155.321224199  77.6606120996  109.846956119  105.549986796
107.448  155.26879963  77.634399815  109.80969744  105.508768008
107.5828  155.216392755  77.6081963776  109.772453228  105.467565322
107.7176  155.164003569  77.5820017845  109.735223456  105.426378733
107.8524  155.111632065  77.5558160327  109.698008102  105.385208232
107.9872  155.059278238  77.5296391192  109.66080714  105.344053815
108.122  155.006942082  77.5034710411  109.623620548  105.302915475
108.2568  154.954623591  77.4773117953  109.586448301  105.261793204
108.3916  154.902322758  77.4511613788  109.549290376  105.220686998
108.5264  154.850039577  77.4250197887  109.51214675  105.179596849
108.6612  154.797774044  77.398887022  109.4750174  105.138522752
108.796  154.745526152  77.3727630758  109.437902304  105.097464699
108.9308  154.693295894  77.346647947  109.400801438  105.056422685
109.0656  154.641083265  77.3205416326  109.36371478  105.015396703
109.2004  154.58888826  77.2944441298  109.326642308  104.974386746
109.3352  154.536710871  77.2683554355  109.289583999  104.933392809
109.47  154.484551093  77.2422755467  109.252539833  104.892414885
109.6048  154.432408921  77.2162044605  109.215509787  104.851452968
109.7396  154.380284348  77.1901421739  109.17849384  104.810507052
109.8744  154.328177368  77.164088684  109.141491971  104.769577129
110.0092  154.276087975  77.1380439877  109.104504158  104.728663194
110.144  154.224016164  77.1120080821  109.06753038  104.687765241
110.2788  154.171961928  77.0859809642  109.030570617  104.646883262
110.4136  154.119925262  77.0599626311  108.993624849  104.606017253
110.5484  154.06790616  77.0339530798  108.956693054  104.565167205
110.6832  154.015904615  77.0079523074  108.919775212  104.524333115
110.818  153.963920622  76.9819603108  108.882871303  104.483514974
110.9528  153.911954174  76.9559770871  108.845981308  104.442712776
111.0876  153.860005267  76.9300026334  108.809105207  104.401926516
111.2224  153.808073893  76.9040369466  108.772242979  104.361156187
111.3572  153.756160048  76.8780800239  108.735394606  104.320401782
111.492  153.704263725  76.8521318623  108.698560069  104.279663296
111.6268  153.652384918  76.8261924588  108.661739347  104.238940722
111.7616  153.600523621  76.8002618104  108.624932423  104.198234054
111.8964  153.548679829  76.7743399143  108.588139276  104.157543286
112.0312  153.496853535  76.7484267674  108.55135989  104.11686841
112.166  153.445044734  76.7225223668  108.514594245  104.076209422
112.3008  153.393253419  76.6966267095  108.477842322  104.035566315
112.4356  153.341479585  76.6707397926  108.441104104  103.994939082
112.5704  153.289723226  76.6448616132  108.404379573  103.954327718
112.7052  153.237984337  76.6189921683  108.36766871  103.913732215
112.84  153.18626291  76.5931314549  108.330971498  103.873152569
112.9748  153.13455894  76.5672794701  108.29428792  103.832588772
113.1096  153.082872422  76.541436211  108.257617957  103.792040818
113.2444  153.031203349  76.5156016746  108.220961592  103.751508701
113.3792  152.979551716  76.4897758579  108.184318808  103.710992415
113.514  152.927917516  76.4639587581  108.147689588  103.670491954
113.6488  152.876300744  76.4381503721  108.111073916  103.630007311
113.7836  152.824701394  76.4123506971  108.074471774  103.58953848
113.9184  152.77311946  76.3865597301  108.037883145  103.549085455
114.0532  152.721554936  76.3607774681  108.001308013  103.50864823
114.188  152.670007816  76.3350039082  107.964746362  103.468226798
114.3228  152.618478095  76.3092390476  107.928198175  103.427821154
114.4576  152.566965766  76.2834828832  107.891663436  103.38743129
114.5924  152.515470824  76.2577354121  107.85514213  103.347057202
114.7272  152.463993263  76.2319966313  107.818634239  103.306698882
114.862  152.412533076  76.2062665381  107.782139749  103.266356325
114.9968  152.361090259  76.1805451293  107.745658644  103.226029524
115.1316  152.309664804  76.1548324021  107.709190908  103.185718473
115.2664  152.258256707  76.1291283536  107.672736525  103.145423165
115.4012  152.206865962  76.1034329808  107.636295481  103.105143596
115.536  152.155492561  76.0777462807  107.599867761  103.064879758
115.6708  152.104136501  76.0520682506  107.563453348  103.024631646
115.8056  152.052797775  76.0263988874  107.527052228  102.984399252
115.9404  152.001476376  76.0007381882  107.490664387  102.944182572
116.0752  151.9501723  75.97508615  107.45428981  102.903981598
116.21  151.89888554  75.9494427701  107.417928481  102.863796326
116.3448  151.847616091  75.9238080454  107.381580387  102.823626747
116.4796  151.796363946  75.898181973  107.345245512  102.783472857
116.6144  151.7451291  75.87256455  107.308923844  102.743334649
116.7492  151.693911547  75.8469557736  107.272615367  102.703212117
116.884  151.642711281  75.8213556406  107.236320067  102.663105256
117.0188  151.591528297  75.7957641483  107.200037931  102.623014057
117.1536  151.540362588  75.7701812938  107.163768944  102.582938517
117.2884  151.489214148  75.7446070741  107.127513093  102.542878627
117.4232  151.438082972  75.7190414862  107.091270365  102.502834384
117.558  151.386969055  75.6934845274  107.055040744  102.462805779
117.6928  151.335872389  75.6679361946  107.018824219  102.422792807
117.8276  151.28479297  75.642396485  106.982620775  102.382795462
117.9624  151.233730791  75.6168653957  106.9464304  102.342813738
118.0972  151.182685847  75.5913429236  106.91025308  102.302847629
118.232  151.131658132  75.5658290661  106.874088802  102.262897128
118.3668  151.08064764  75.54032382  106.837937553  102.222962229
118.5016  151.029654365  75.5148271826  106.80179932  102.183042927
118.6364  150.978678302  75.4893391509  106.76567409  102.143139215
118.7712  150.927719444  75.463859722  106.729561851  102.103251087
118.906  150.876777786  75.438388893  106.693462591  102.063378537
119.0408  150.825853322  75.412926661  106.657376295  102.023521558
119.1756  150.774946046  75.3874730231  106.621302953  101.983680146
119.3104  150.724055953  75.3620279764  106.585242551  101.943854293
119.4452  150.673183036  75.3365915181  106.549195077  101.904043994
119.58  150.62232729  75.3111636451  106.51316052  101.864249242
119.7148  150.571488709  75.2857443546  106.477138867  101.824470031
119.8496  150.520667287  75.2603336437  106.441130105  101.784706356
119.9844  150.469863019  75.2349315096  106.405134224  101.74495821
120.0  150.463984701  75.2319923503  106.40096936  101.740359278
120.1192  150.419075899  75.2095379493  106.369151211  101.705225587
120.254  150.36830592  75.1841529599  106.333181055  101.665508481
120.3888  150.317553077  75.1587765385  106.297223743  101.625806886
120.5236  150.266817364  75.1334086822  106.261279264  101.586120795
120.6584  150.216098777  75.1080493883  106.225347607  101.546450204
120.7932  150.165397307  75.0826986536  106.18942876  101.506795105
120.928  150.114712951  75.0573564755  106.153522712  101.467155493
121.0628  150.064045702  75.0320228509  106.117629452  101.427531362
121.1976  150.013395554  75.006697777  106.081748967  101.387922705
121.3324  149.962762502  74.9813812509  106.045881248  101.348329516
121.4672  149.91214654  74.9560732698  106.010026282  101.30875179
121.602  149.861547661  74.9307738307  105.97418406  101.269189521
121.7368  149.810965861  74.9054829307  105.938354569  101.229642701
121.8716  149.760401134  74.880200567  105.9025378  101.190111326
122.0064  149.709853473  74.8549267367  105.866733742  101.150595389
122.1412  149.659322874  74.829661437  105.830942382  101.111094884
122.276  149.60880933  74.8044046648  105.795163712  101.071609806
122.4108  149.558312835  74.7791564174  105.759397721  101.032140147
122.5456  149.507833384  74.7539166919  105.723644397  100.992685903
122.6804  149.457370971  74.7286854854  105.687903731  100.953247066
122.8152  149.40692559  74.703462795  105.652175712  100.913823632
122.95  149.356497236  74.6782486179  105.61646033  100.874415593
123.0848  149.306085902  74.6530429511  105.580757575  100.835022945
123.2196  149.255691584  74.6278457919  105.545067436  100.79564568
123.3544  149.205314275  74.6026571373  105.509389903  100.756283793
123.4892  149.154953969  74.5774769844  105.473724966  100.716937279
123.624  149.104610661  74.5523053305  105.438072616  100.67760613
123.7588  149.054284345  74.5271421726  105.402432842  100.63829034
123.8936  149.003975016  74.5019875078  105.366805635  100.598989905
124.0284  148.953682667  74.4768413333  105.331190984  100.559704818
124.1632  148.903407293  74.4517036463  105.295588881  100.520435072
124.298  148.853148888  74.4265744438  105.259999314  100.481180662
124.4328  148.802907446  74.401453723  105.224422276  100.441941582
124.5676  148.752682962  74.376341481  105.188857755  100.402717826
124.7024  148.70247543  74.351237715  105.153305743  100.363509388
124.8372  148.652284844  74.3261424221  105.11776623  100.324316261
124.972  148.602111199  74.3010555995  105.082239207  100.285138441
125.1068  148.551954489  74.2759772443  105.046724664  100.24597592
125.2416  148.501814707  74.2509073536  105.011222593  100.206828693
125.3764  148.451691849  74.2258459246  104.975732984  100.167696754
125.5112  148.401585909  74.2007929544  104.940255827  100.128580097
125.646  148.35149688  74.1757484402  104.904791114  100.089478716
125.7808  148.301424758  74.150712379  104.869338836  100.050392605
125.9156  148.251369536  74.1256847682  104.833898983  100.011321758
126.0504  148.201331209  74.1006656047  104.798471547  99.9722661693
126.1852  148.151309772  74.0756548859  104.763056519  99.9332258324
126.32  148.101305217  74.0506526087  104.72765389  99.8942007416
126.4548  148.051317541  74.0256587703  104.692263651  99.855190891
126.5896  148.001346736  74.000673368  104.656885793  99.8161962745
126.7244  147.951392798  73.9756963989  104.621520308  99.7772168862
126.8592  147.90145572  73.95072786  104.586167187  99.7382527203
126.994  147.851535497  73.9257677487  104.550826422  99.6993037707
127.1288  147.801632124  73.9008160619  104.515498004  99.6603700314
127.2636  147.751745594  73.8758727969  104.480181924  99.6214514966
127.3984  147.701875902  73.8509379509  104.444878174  99.5825481602
127.5332  147.652023042  73.826011521  104.409586745  99.5436600164
127.668  147.602187009  73.8010935043  104.37430763  99.5047870592
127.8028  147.552367796  73.7761838981  104.33904082  99.4659292827
127.9376  147.502565399  73.7512826994  104.303786307  99.4270866809
128.0724  147.452779811  73.7263899055  104.268544081  99.3882592479
128.2072  147.403011027  73.7015055134  104.233314137  99.3494469778
128.342  147.353259041  73.6766295205  104.198096464  99.3106498646
128.4768  147.303523847  73.6517619237  104.162891056  99.2718679025
128.6116  147.253805441  73.6269027204  104.127697903  99.2331010854
128.7464  147.204103815  73.6020519076  104.092516998  99.1943494075
128.8812  147.154418965  73.5772094826  104.057348334  99.1556128629
129.016  147.104750885  73.5523754425  104.022191902  99.1168914456
129.1508  147.055099569  73.5275497844  103.987047694  99.0781851498
129.2856  147.005465011  73.5027325056  103.951915702  99.0394939695
129.4204  146.955847206  73.4779236032  103.916795919  99.0008178987
129.5552  146.906246149  73.4531230744  103.881688337  98.9621569317
129.69  146.856661833  73.4283309164  103.846592948  98.9235110625
129.8248  146.807094253  73.4035471263  103.811509745  98.8848802853
129.9596  146.757543403  73.3787717013  103.77643872  98.846264594
130.0944  146.708009277  73.3540046386  103.741379865  98.8076639828
130.2292  146.658491871  73.3292459353  103.706333172  98.7690784458
130.364  146.608991177  73.3044955887  103.671298635  98.7305079772
130.4988  146.559507192  73.279753596  103.636276246  98.691952571
130.6336  146.510039908  73.2550199542  103.601265997  98.6534122213
130.7684  146.460589321  73.2302946606  103.566267881  98.6148869224
130.9032  146.411155425  73.2055777124  103.531281891  98.5763766682
131.038  146.361738214  73.1808691068  103.496308019  98.5378814529
131.1728  146.312337682  73.1561688408  103.461346258  98.4994012706
131.3076  146.262953824  73.1314769118  103.4263966  98.4609361155
131.4424  146.213586634  73.1067933169  103.391459039  98.4224859817
131.5772  146.164236107  73.0821180533  103.356533567  98.3840508633
131.712  146.114902236  73.0574511182  103.321620177  98.3456307544
131.8468  146.065585018  73.0327925088  103.286718863  98.3072256492
131.9816  146.016284444  73.0081422222  103.251829616  98.2688355418
132.1164  145.967000511  72.9835002557  103.21695243  98.2304604264
132.2512  145.917733213  72.9588666064  103.182087298  98.1921002971
132.386  145.868482543  72.9342412715  103.147234213  98.153755148
132.5208  145.819248497  72.9096242483  103.112393168  98.1154249733
132.6556  145.770031068  72.8850155339  103.077564156  98.0771097672
132.7904  145.720830251  72.8604151255  103.04274717  98.0388095238
132.9252  145.671646041  72.8358230204  103.007942203  98.0005242371
133.06  145.622478431  72.8112392156  102.973149248  97.9622539015
133.1948  145.573327417  72.7866637085  102.9383683  97.9239985111
133.3296  145.524192992  72.7620964962  102.90359935  97.88575806
133.4644  145.475075152  72.7375375759  102.868842392  97.8475325423
133.5992  145.42597389  72.7129869448  102.83409742  97.8093219523
133.734  145.3768892  72.6884446001  102.799364426  97.7711262842
133.8688  145.327821078  72.663910539  102.764643404  97.732945532
134.0036  145.278769518  72.6393847588  102.729934348  97.6947796899
134.1384  145.229734513  72.6148672566  102.695237251  97.6566287522
134.2732  145.180716059  72.5903580296  102.660552107  97.618492713
134.408  145.13171415  72.5658570751  102.625878908  97.5803715665
134.5428  145.08272878  72.5413643902  102.591217648  97.5422653069
134.6776  145.033759944  72.5168799722  102.556568321  97.5041739284
134.8124  144.984807636  72.4924038182  102.521930921  97.466097425
134.9472  144.935871851  72.4679359256  102.487305441  97.4280357911
135.0  144.916708627  72.4583543136  102.473746186  97.4131314282
135.082  144.886952583  72.4434762914  102.452691874  97.3899890209
135.2168  144.838049826  72.4190249129  102.418090215  97.3519571084
135.3516  144.789163575  72.3945817873  102.383500456  97.313940048
135.4864  144.740293824  72.3701469119  102.348922592  97.2759378337
135.6212  144.691440568  72.3457202838  102.314356616  97.2379504599
135.756  144.6426038  72.3213019002  102.279802522  97.1999779207
135.8908  144.593783517  72.2968917585  102.245260304  97.1620202103

#SVE monte-carlo points sigmaR (r, sigmaR_med, sigmaR_std)
9.044  204.512909081  0.0
13.762  201.73612432  0.0
18.3452  199.074782484  0.0
23.0632  196.371834173  0.0
27.7812  193.705585284  0.0
32.3644  191.150183867  0.0
37.0824  188.554832209  0.0
41.8004  185.994719076  0.0
46.3836  183.541040891  0.0
51.1016  181.049002772  0.0
55.8196  178.590800432  0.0
60.4028  176.234796169  0.0
65.1208  173.841958972  0.0
69.8388  171.481610647  0.0
74.5568  169.153310075  0.0
79.14  166.921807004  0.0
83.858  164.655417406  0.0
88.576  162.419799831  0.0
93.1592  160.277126526  0.0
97.8772  158.100955426  0.0
102.5952  155.954331403  0.0
107.1784  153.896951803  0.0
111.8964  151.80740786  0.0
116.6144  149.746234809  0.0
121.1976  147.770753616  0.0
125.9156  145.764388451  0.0
130.6336  143.785264814  0.0
135.2168  141.888421886  0.0

#SVE monte-carlo points sigmaZ (r, sigmaZ_med, sigmaZ_std)
9.5832  102.096818812  0.0
14.3012  100.710593894  0.0
18.8844  99.382000328  0.0
23.6024  98.0326360008  0.0
28.3204  96.7015927385  0.0
32.9036  95.425886688  0.0
37.6216  94.1302367015  0.0
42.3396  92.8521784706  0.0
46.9228  91.6272546351  0.0
51.6408  90.3831807747  0.0
56.3588  89.1559983924  0.0
60.942  87.9798352769  0.0
65.66  86.7852844443  0.0
70.378  85.6069526883  0.0
75.0  84.4681124606  0.0
79.6792  83.3306100928  0.0
84.3972  82.1991843592  0.0
89.1152  81.0831206179  0.0
93.6984  80.0134564621  0.0
98.4164  78.9270695561  0.0
103.1344  77.8554331254  0.0
107.7176  76.8283492451  0.0
112.4356  75.7852082995  0.0
117.1536  74.7562306549  0.0
121.7368  73.770032051  0.0
126.4548  72.7684155677  0.0
131.1728  71.7803985849  0.0
135.756  70.8334577312  0.0

#SVE monte-carlo points sigmaPhi (r, sigmaPhi_med, sigmaPhi_std)
10.2572  160.507488152  0.0
14.9752  150.767410054  0.0
19.5584  144.835647756  0.0
24.2764  140.723680596  0.0
28.9944  137.701165025  0.0
33.5776  135.323048024  0.0
38.2956  133.185544207  0.0
43.0136  131.22319704  0.0
47.5968  129.414694398  0.0
52.3148  127.616311615  0.0
57.0328  125.862460104  0.0
61.616  124.191447804  0.0
66.334  122.499578215  0.0
71.052  120.833437574  0.0
75.6352  119.237925707  0.0
80.3532  117.618191875  0.0
85.0712  116.020827892  0.0
89.7892  114.445345747  0.0
94.3724  112.935458651  0.0
99.0904  111.402017167  0.0
103.8084  109.889422581  0.0
108.3916  108.439726158  0.0
113.1096  106.967372635  0.0
117.8276  105.515013701  0.0
122.4108  104.123037387  0.0
127.1288  102.70930036  0.0
131.8468  101.314758919  0.0
