#Star points (r, v, dv)
95.5  107.694916394  27.0230786525
71.1  152.402215636  8.04731386345
54.9  165.218308085  6.45772100153
35.3  147.732786604  7.15316787862
19.6  153.892458944  7.15316787862
12.5  188.96285146  3.07983616996
6.5  137.003034786  3.07983616996
1.2  9.23950850988  3.07983616996
1.2  9.23950850988  3.07983616996
6.5  137.003034786  3.07983616996
12.5  188.96285146  3.07983616996
19.6  153.892458944  7.15316787862
35.3  147.732786604  7.15316787862
54.9  165.218308085  6.45772100153
71.1  152.402215636  8.04731386345
95.5  107.694916394  27.0230786525

#Star and gas polinom (r, p_star, p_gas)
1.2  4.77560583827  243.482581747
1.3  10.8837601903  246.461187378
1.4  16.8384718339  249.214176909
1.5  22.6425993481  251.754630625
1.6  28.2989599316  254.09505541
1.7  33.810329873  256.247403738
1.8  39.1794450157  258.223092183
1.9  44.4090012201  260.033019447
2.0  49.5016548201  261.687583924
2.1  54.4600230769  263.196700799
2.2  59.2866846282  264.569818709
2.3  63.9841799336  265.815935949
2.4  68.5550117156  266.943616265
2.5  73.0016453975  267.961004208
2.6  77.3265095362  268.875840089
2.7  81.5319962527  269.695474522
2.8  85.6204616573  270.426882571
2.9  89.5942262713  271.076677518
3.0  93.4555754458  271.651124241
3.1  97.2067597756  272.156152227
3.2  100.84999551  272.597368224
3.3  104.387464958  272.98006853
3.4  107.821316897  273.309250944
3.5  111.153666963  273.589626371
3.6  114.386598055  273.825630096
3.7  117.522160723  274.021432732
3.8  120.562373557  274.180950852
3.9  123.509223574  274.307857311
4.0  126.364666595  274.405591258
4.1  129.130627627  274.47736786
4.2  131.809001238  274.526187727
4.3  134.401651923  274.554846058
4.4  136.910414476  274.565941509
4.5  139.337094353  274.561884788
4.6  141.68346803  274.544906989
4.7  143.951283365  274.517067664
4.8  146.142259946  274.480262641
4.9  148.258089448  274.436231602
5.0  150.300435974  274.386565411
5.1  152.270936402  274.332713217
5.2  154.171200727  274.275989317
5.3  156.002812396  274.217579802
5.4  157.76732864  274.158548983
5.5  159.466280812  274.099845601
5.6  161.101174708  274.042308831
5.7  162.673490894  273.986674081
5.8  164.184685028  273.933578599
5.9  165.636188177  273.883566873
6.0  167.029407135  273.837095863
6.1  168.365724729  273.794540026
6.2  169.646500138  273.756196184
6.3  170.873069189  273.7222882
6.4  172.046744665  273.692971497
6.5  173.168816608  273.668337399
6.6  174.240552607  273.648417324
6.7  175.263198104  273.63318681
6.8  176.237976675  273.62256939
6.9  177.166090325  273.616440321
7.0  178.048719768  273.614630165
7.1  178.887024717  273.616928232
7.2  179.682144156  273.62308588
7.3  180.435196623  273.632819689
7.4  181.147280481  273.645814497
7.5  181.819474189  273.661726317
7.6  182.452836574  273.680185128
7.7  183.048407095  273.700797542
7.8  183.607206103  273.723149367
7.9  184.130235109  273.746808043
8.0  184.618477034  273.771324976
8.1  185.072896471  273.79623777
8.2  185.494439932  273.821072346
8.3  185.884036102  273.845344965
8.4  186.242596084  273.868564158
8.5  186.571013646  273.890232554
8.6  186.870165459  273.909848623
8.7  187.140911344  273.926908326
8.8  187.384094503  273.940906682
8.9  187.600541754  273.951339248
9.0  187.791063768  273.957703523
9.1  187.956455295  273.959500271
9.2  188.097495391  273.956234767
9.3  188.214947646  273.947417974
9.4  188.309560402  273.932567643
9.5  188.382066981  273.911209352
9.6  188.433185892  273.882877471
9.7  188.463621056  273.847116072
9.8  188.474062014  273.803479763
9.9  188.465184141  273.75153448
10.0  188.43764885  273.690858208
10.1  188.392103804  273.62104165
10.2  188.329183115  273.541688845
10.3  188.249507549  273.45241773
10.4  188.153684725  273.352860657
10.5  188.042309311  273.242664857
10.6  187.915963221  273.12149286
10.7  187.775215807  272.989022872
10.8  187.620624049  272.844949107
10.9  187.452732747  272.688982076
11.0  187.272074703  272.520848844
11.1  187.079170912  272.34029324
11.2  186.874530736  272.147076034
11.3  186.658652092  271.940975085
11.4  186.432021626  271.721785445
11.5  186.195114892  271.489319438
11.6  185.948396524  271.243406708
11.7  185.692320411  270.983894234
11.8  185.427329862  270.710646323
11.9  185.153857783  270.423544568
12.0  184.872326836  270.12248779
12.1  184.583149606  269.80739195
12.2  184.286728765  269.478190037
12.3  183.983457231  269.13483194
12.4  183.673718328  268.77728429
12.5  183.357885941  268.405530296
12.6  183.036324673  268.019569546
12.7  182.709389999  267.619417805
12.8  182.377428415  267.205106788
12.9  182.04077759  266.776683917
13.0  181.69976651  266.334212069
13.1  181.354715631  265.877769308
13.2  181.005937016  265.407448597
13.3  180.653734484  264.923357512
13.4  180.298403744  264.425617932
13.5  179.94023254  263.914365724
13.6  179.579500788  263.389750419
13.7  179.216480707  262.851934877
13.8  178.85143696  262.301094946
13.9  178.484626779  261.73741911
14.0  178.116300102  261.161108137
14.1  177.7466997  260.57237471
14.2  177.376061304  259.971443065
14.3  177.004613732  259.358548617
14.4  176.632579011  258.733937579
14.5  176.260172504  258.097866587
14.6  175.887603029  257.450602311
14.7  175.515072979  256.792421073
14.8  175.142778438  256.123608455
14.9  174.770909302  255.444458912
15.0  174.399649391  254.755275379
15.1  174.029176566  254.056368879
15.2  173.659662836  253.348058132
15.3  173.291274474  252.630669164
15.4  172.924172124  251.904534914
15.5  172.55851091  251.169994845
15.6  172.19444054  250.427394556
15.7  171.832105414  249.677085395
15.8  171.471644728  248.919424072
15.9  171.113192572  248.15477228
16.0  170.756878037  247.383496315
16.1  170.402825311  246.605966697
16.2  170.051153777  245.8225578
16.3  169.701978111  245.033647478
16.4  169.35540838  244.239616707
16.5  169.01155013  243.440849216
16.6  168.670504486  242.637731133
16.7  168.33236824  241.830650634
16.8  167.997233943  241.019997592
16.9  167.665189992  240.206163236
17.0  167.336320721  239.389539814
17.1  167.010706487  238.570520259
17.2  166.688423753  237.749497865
17.3  166.369545175  236.926865961
17.4  166.054139687  236.103017603
17.5  165.742272577  235.278345257
17.6  165.434005573  234.453240501
17.7  165.129396921  233.628093727
17.8  164.828501465  232.803293848
17.9  164.53137072  231.979228015
18.0  164.238052954  231.156281342
18.1  163.948593258  230.334836629
18.2  163.663033624  229.515274101
18.3  163.381413016  228.69797115
18.4  163.103767442  227.883302082
18.5  162.830130025  227.071637874
18.6  162.560531073  226.263345936
18.7  162.294998147  225.458789879
18.8  162.033556129  224.658329293
18.9  161.77622729  223.86231953
19.0  161.523031352  223.071111491
19.1  161.273985558  222.285051428
19.2  161.02910473  221.504480744
19.3  160.788401335  220.729735804
19.4  160.551885546  219.961147756
19.5  160.319565302  219.199042353
19.6  160.091446369  218.443739783
19.7  159.867532397  217.695554514
19.8  159.64782498  216.954795133
19.9  159.432323712  216.2217642
20.0  159.221026241  215.49675811
20.1  159.013928327  214.780066956
20.2  158.811023896  214.0719744
20.3  158.612305091  213.372757558
20.4  158.417762326  212.682686879
20.5  158.22738434  212.002026043
20.6  158.041158242  211.331031856
20.7  157.859069565  210.669954159
20.8  157.681102316  210.019035734
20.9  157.50723902  209.378512231
21.0  157.337460771  208.748612082
21.1  157.171747278  208.129556439
21.2  157.010076908  207.521559108
21.3  156.852426735  206.92482649
21.4  156.698772583  206.339557533
21.5  156.549089066  205.765943682
21.6  156.403349636  205.204168843
21.7  156.261526622  204.654409346
21.8  156.123591269  204.116833919
21.9  155.989513786  203.59160366
22.0  155.859263375  203.078872027
22.1  155.732808279  202.578784815
22.2  155.610115817  202.091480161
22.3  155.49115242  201.617088531
22.4  155.37588367  201.155732729
22.5  155.264274335  200.707527902
22.6  155.156288405  200.272581556
22.7  155.051889127  199.850993569
22.8  154.951039039  199.442856217
22.9  154.853700003  199.048254197
23.0  154.759833238  198.667264659
23.1  154.669399353  198.299957244
23.2  154.582358376  197.946394119
23.3  154.49866979  197.606630023
23.4  154.418292558  197.280712315
23.5  154.341185155  196.968681024
23.6  154.267305597  196.670568905
23.7  154.196611469  196.386401498
23.8  154.129059956  196.116197188
23.9  154.064607864  195.859967277
24.0  154.003211653  195.617716046
24.1  153.94482746  195.389440834
24.2  153.889411123  195.175132109
24.3  153.836918213  194.97477355
24.4  153.787304049  194.788342126
24.5  153.74052373  194.615808186
24.6  153.696532155  194.457135538
24.7  153.655284044  194.312281547
24.8  153.616733965  194.181197224
24.9  153.580836352  194.063827321
25.0  153.547545531  193.96011043
25.1  153.516815733  193.869979081
25.2  153.488601124  193.793359844
25.3  153.462855818  193.730173435
25.4  153.439533897  193.680334818
25.5  153.418589436  193.643753319
25.6  153.399976513  193.620332728
25.7  153.383649235  193.609971414
25.8  153.369561747  193.61256244
25.9  153.357668259  193.627993672
26.0  153.347923055  193.656147898
26.1  153.340280512  193.696902945
26.2  153.334695118  193.750131795
26.3  153.331121482  193.815702707
26.4  153.329514355  193.893479334
26.5  153.329828641  193.983320848
26.6  153.332019412  194.085082058
26.7  153.336041922  194.198613537
26.8  153.341851621  194.323761742
26.9  153.349404167  194.46036914
27.0  153.358655438  194.608274334
27.1  153.369561547  194.767312184
27.2  153.382078851  194.937313938
27.3  153.396163966  195.118107353
27.4  153.411773772  195.309516823
27.5  153.428865431  195.511363508
27.6  153.447396393  195.723465453
27.7  153.467324408  195.945637724
27.8  153.488607534  196.177692526
27.9  153.51120415  196.419439334
28.0  153.53507296  196.670685016
28.1  153.560173006  196.931233961
28.2  153.586463675  197.200888202
28.3  153.613904707  197.479447545
28.4  153.642456204  197.766709687
28.5  153.672078636  198.062470348
28.6  153.702732849  198.366523386
28.7  153.734380073  198.678660928
28.8  153.766981926  198.998673484
28.9  153.800500424  199.326350076
29.0  153.834897983  199.661478353
29.1  153.870137429  200.003844713
29.2  153.906182003  200.353234422
29.3  153.942995361  200.709431732
29.4  153.980541587  201.072219995
29.5  154.018785192  201.441381785
29.6  154.057691121  201.816699004
29.7  154.097224757  202.197953005
29.8  154.137351925  202.584924698
29.9  154.178038895  202.977394663
30.0  154.219252388  203.37514326
30.1  154.260959577  203.777950741
30.2  154.303128089  204.185597351
30.3  154.345726014  204.597863437
30.4  154.388721899  205.014529556
30.5  154.432084759  205.435376574
30.6  154.475784073  205.860185766
30.7  154.519789789  206.288738923
30.8  154.564072325  206.720818444
30.9  154.608602573  207.156207438
31.0  154.653351895  207.594689817
31.1  154.698292132  208.036050388
31.2  154.743395598  208.480074952
31.3  154.788635084  208.926550387
31.4  154.833983861  209.375264741
31.5  154.879415675  209.826007321
31.6  154.924904754  210.278568774
31.7  154.970425802  210.732741175
31.8  155.015954004  211.188318107
31.9  155.061465023  211.64509474
32.0  155.106935001  212.102867914
32.1  155.152340558  212.561436212
32.2  155.197658792  213.020600037
32.3  155.242867279  213.480161683
32.4  155.287944068  213.939925409
32.5  155.332867688  214.399697507
32.6  155.377617139  214.859286369
32.7  155.422171894  215.318502555
32.8  155.466511898  215.777158856
32.9  155.510617568  216.235070354
33.0  155.554469786  216.692054486
33.1  155.598049902  217.147931099
33.2  155.641339733  217.60252251
33.3  155.684321556  218.055653557
33.4  155.726978109  218.507151653
33.5  155.76929259  218.956846839
33.6  155.811248652  219.404571829
33.7  155.852830403  219.850162062
33.8  155.894022401  220.293455742
33.9  155.934809652  220.734293886
34.0  155.975177611  221.172520364
34.1  156.015112173  221.607981936
34.2  156.054599675  222.040528294
34.3  156.09362689  222.470012097
34.4  156.132181027  222.896289001
34.5  156.170249723  223.3192177
34.6  156.207821046  223.738659946
34.7  156.244883486  224.154480587
34.8  156.281425956  224.566547588
34.9  156.317437786  224.974732059
35.0  156.352908718  225.378908279
35.1  156.387828908  225.778953713
35.2  156.422188917  226.174749038
35.3  156.455979708  226.566178158
35.4  156.489192645  226.953128221
35.5  156.521819486  227.335489633
35.6  156.553852383  227.713156073
35.7  156.585283872  228.086024501
35.8  156.616106874  228.453995173
35.9  156.646314692  228.816971645
36.0  156.675901  229.174860779
36.1  156.704859846  229.527572754
36.2  156.733185643  229.87502106
36.3  156.760873169  230.217122509
36.4  156.78791756  230.553797229
36.5  156.814314303  230.884968666
36.6  156.840059238  231.210563579
36.7  156.86514855  231.530512038
36.8  156.889578763  231.844747419
36.9  156.913346739  232.153206391
37.0  156.936449671  232.455828914
37.1  156.95888508  232.752558229
37.2  156.980650809  233.043340841
37.3  157.001745021  233.328126512
37.4  157.022166189  233.606868245
37.5  157.0419131  233.879522267
37.6  157.060984841  234.146048016
37.7  157.0793808  234.406408121
37.8  157.097100663  234.660568385
37.9  157.114144401  234.90849776
38.0  157.130512275  235.150168331
38.1  157.146204826  235.385555293
38.2  157.161222869  235.614636923
38.3  157.175567493  235.837394561
38.4  157.189240053  236.053812577
38.5  157.202242167  236.263878353
38.6  157.214575707  236.467582248
38.7  157.226242801  236.664917573
38.8  157.237245823  236.855880558
38.9  157.247587392  237.040470323
39.0  157.257270362  237.218688849
39.1  157.266297823  237.390540939
39.2  157.274673094  237.55603419
39.3  157.282399716  237.715178956
39.4  157.289481451  237.867988312
39.5  157.295922275  238.014478023
39.6  157.301726374  238.154666499
39.7  157.306898139  238.288574767
39.8  157.311442162  238.416226424
39.9  157.31536323  238.537647603
40.0  157.318666322  238.652866934
40.1  157.321356602  238.7619155
40.2  157.323439418  238.864826801
40.3  157.324920293  238.961636706
40.4  157.325804924  239.052383418
40.5  157.326099176  239.137107428
40.6  157.325809076  239.215851473
40.7  157.324940811  239.288660488
40.8  157.323500723  239.355581571
40.9  157.321495302  239.416663929
41.0  157.318931185  239.471958841
41.1  157.315815149  239.521519606
41.2  157.312154107  239.565401502
41.3  157.307955105  239.603661741
41.4  157.303225317  239.636359416
41.5  157.297972038  239.663555463
41.6  157.292202684  239.685312607
41.7  157.285924785  239.70169532
41.8  157.279145981  239.71276977
41.9  157.271874019  239.718603776
42.0  157.264116747  239.71926676
42.1  157.255882111  239.714829697
42.2  157.24717815  239.705365071
42.3  157.238012992  239.690946823
42.4  157.228394853  239.671650302
42.5  157.218332026  239.647552227
42.6  157.207832885  239.618730621
42.7  157.196905875  239.58526478
42.8  157.185559512  239.547235215
42.9  157.173802374  239.504723606
43.0  157.161643105  239.457812752
43.1  157.149090402  239.40658653
43.2  157.136153019  239.351129834
43.3  157.122839759  239.291528541
43.4  157.109159472  239.227869454
43.5  157.095121048  239.160240257
43.6  157.080733419  239.088729469
43.7  157.06600555  239.013426392
43.8  157.050946439  238.934421069
43.9  157.035565112  238.851804235
44.0  157.019870619  238.765667267
44.1  157.003872031  238.676102144
44.2  156.987578438  238.583201395
44.3  156.970998944  238.487058058
44.4  156.954142663  238.387765625
44.5  156.937018717  238.28541801
44.6  156.919636233  238.180109493
44.7  156.90200434  238.071934684
44.8  156.884132164  237.960988464
44.9  156.866028826  237.847365962
45.0  156.847703439  237.731162497
45.1  156.829165105  237.61247353
45.2  156.810422911  237.491394643
45.3  156.791485928  237.36802147
45.4  156.772363208  237.242449679
45.5  156.753063777  237.11477491
45.6  156.733596638  236.985092749
45.7  156.713970764  236.853498681
45.8  156.694195097  236.720088054
45.9  156.674278546  236.584956025
46.0  156.654229982  236.448197547
46.1  156.634058239  236.309907304
46.2  156.613772106  236.170179694
46.3  156.593380331  236.029108776
46.4  156.572891614  235.886788239
46.5  156.552314606  235.743311372
46.6  156.531657905  235.598771018
46.7  156.510930058  235.453259541
46.8  156.490139554  235.306868799
46.9  156.469294823  235.159690099
47.0  156.448404237  235.011814171
47.1  156.427476103  234.863331137
47.2  156.406518665  234.714330469
47.3  156.385540097  234.564900967
47.4  156.364548509  234.415130725
47.5  156.343551935  234.265107097
47.6  156.32255834  234.114916669
47.7  156.301575613  233.964645238
47.8  156.280611565  233.814377775
47.9  156.259673931  233.664198395
48.0  156.238770366  233.514190335
48.1  156.217908441  233.364435932
48.2  156.197095646  233.215016587
48.3  156.176339384  233.066012746
48.4  156.155646972  232.917503878
48.5  156.13502564  232.769568439
48.6  156.114482528  232.622283869
48.7  156.094024683  232.47572655
48.8  156.073659062  232.329971796
48.9  156.053392528  232.185093831
49.0  156.033231847  232.041165757
49.1  156.013183689  231.898259554
49.2  155.993254629  231.756446045
49.3  155.973451141  231.615794888
49.4  155.953779599  231.476374545
49.5  155.934246276  231.338252282
49.6  155.914857343  231.201494146
49.7  155.89561887  231.066164935
49.8  155.87653682  230.932328215
49.9  155.857617052  230.800046269
50.0  155.83886532  230.669380117
50.1  155.820287269  230.540389477
50.2  155.80188844  230.413132761
50.3  155.783674262  230.287667082
50.4  155.765650057  230.164048214
50.5  155.747821037  230.042330594
50.6  155.730192303  229.922567327
50.7  155.712768846  229.804810152
50.8  155.695555545  229.689109442
50.9  155.678557165  229.575514215
51.0  155.661778362  229.464072099
51.1  155.645223676  229.354829356
51.2  155.628897535  229.247830836
51.3  155.612804253  229.143120015
51.4  155.596948028  229.040738961
51.5  155.581332946  228.940728355
51.6  155.565962976  228.843127451
51.7  155.550841975  228.747974116
51.8  155.535973681  228.655304801
51.9  155.521361718  228.565154554
52.0  155.507009597  228.477556999
52.1  155.49292071  228.392544367
52.2  155.479098334  228.310147467
52.3  155.465545631  228.230395702
52.4  155.452265648  228.153317084
52.5  155.439261315  228.078938193
52.6  155.426535446  228.007284228
52.7  155.41409074  227.938378989
52.8  155.401929783  227.872244874
52.9  155.390055041  227.808902903
53.0  155.37846887  227.748372696
53.1  155.367173508  227.690672516
53.2  155.356171079  227.635819233
53.3  155.345463594  227.583828362
53.4  155.335052949  227.534714062
53.5  155.324940927  227.488489135
53.6  155.315129197  227.445165043
53.7  155.305619317  227.404751917
53.8  155.296412731  227.367258547
53.9  155.287510772  227.332692439
54.0  155.278914661  227.301059759
54.1  155.270625509  227.272365404
54.2  155.262644316  227.246612978
54.3  155.254971974  227.223804801
54.4  155.247609263  227.203941956
54.5  155.240556856  227.187024242
54.6  155.23381532  227.173050269
54.7  155.227385111  227.162017381
54.8  155.221266583  227.153921725
54.9  155.21545998  227.14875827
55.0  155.209965445  227.146520767
55.1  155.204783013  227.147201842
55.2  155.199912618  227.150792936
55.3  155.195354092  227.157284346
55.4  155.191107163  227.166665274
55.5  155.187171459  227.178923802
55.6  155.18354651  227.194046926
55.7  155.180231744  227.212020553
55.8  155.177226492  227.232829534
55.9  155.174529988  227.256457705
56.0  155.17214137  227.282887834
56.1  155.17005968  227.312101728
56.2  155.168283865  227.344080172
56.3  155.166812782  227.378803002
56.4  155.165645192  227.41624908
56.5  155.164779767  227.456396342
56.6  155.164215089  227.499221818
56.7  155.163949648  227.544701615
56.8  155.163981851  227.592811006
56.9  155.164310014  227.643524362
57.0  155.16493237  227.696815226
57.1  155.165847065  227.752656334
57.2  155.167052165  227.811019599
57.3  155.168545652  227.871876185
57.4  155.170325425  227.935196452
57.5  155.172389308  228.000950056
57.6  155.174735042  228.069105904
57.7  155.177360293  228.139632239
57.8  155.18026265  228.212496595
57.9  155.183439628  228.287665826
58.0  155.186888669  228.365106207
58.1  155.190607141  228.444783332
58.2  155.194592342  228.526662246
58.3  155.1988415  228.610707386
58.4  155.203351775  228.696882632
58.5  155.208120261  228.785151357
58.6  155.213143983  228.875476379
58.7  155.218419905  228.967820054
58.8  155.223944926  229.062144241
58.9  155.229715885  229.158410385
59.0  155.235729559  229.256579431
59.1  155.241982667  229.35661199
59.2  155.248471869  229.458468218
59.3  155.255193771  229.562107957
59.4  155.262144923  229.66749064
59.5  155.269321821  229.774575427
59.6  155.27672091  229.883321157
59.7  155.284338584  229.993686348
59.8  155.292171186  230.10562928
59.9  155.300215015  230.219108002
60.0  155.30846632  230.334080309
60.1  155.316921306  230.450503798
60.2  155.325576135  230.56833588
60.3  155.334426926  230.68753381
60.4  155.343469759  230.808054673
60.5  155.352700672  230.929855464
60.6  155.362115666  231.052893025
60.7  155.371710707  231.177124179
60.8  155.381481724  231.302505603
60.9  155.391424613  231.42899397
61.0  155.401535238  231.556545926
61.1  155.411809432  231.68511811
61.2  155.422242998  231.814667115
61.3  155.432831712  231.94514962
61.4  155.443571324  232.076522341
61.5  155.454457556  232.208742042
61.6  155.465486109  232.341765574
61.7  155.476652661  232.475549863
61.8  155.487952868  232.610052002
61.9  155.499382369  232.745229175
62.0  155.510936782  232.88103871
62.1  155.52261171  233.017438159
62.2  155.534402741  233.154385204
62.3  155.546305447  233.291837736
62.4  155.55831539  233.429753875
62.5  155.57042812  233.568091998
62.6  155.582639176  233.706810691
62.7  155.594944089  233.845868801
62.8  155.607338386  233.985225459
62.9  155.619817583  234.124840143
63.0  155.632377197  234.264672563
63.1  155.645012738  234.404682807
63.2  155.657719716  234.544831279
63.3  155.670493642  234.685078739
63.4  155.683330025  234.825386295
63.5  155.696224379  234.965715454
63.6  155.70917222  235.106028109
63.7  155.72216907  235.246286578
63.8  155.735210457  235.38645353
63.9  155.748291916  235.526492154
64.0  155.761408991  235.666366002
64.1  155.774557236  235.806039143
64.2  155.787732216  235.94547604
64.3  155.80092951  236.084641686
64.4  155.814144709  236.223501569
64.5  155.82737342  236.362021594
64.6  155.840611266  236.500168262
64.7  155.853853886  236.637908548
64.8  155.86709694  236.775209968
64.9  155.880336107  236.912040538
65.0  155.893567086  237.048368841
65.1  155.906785598  237.184164052
65.2  155.919987389  237.319395843
65.3  155.933168227  237.454034473
65.4  155.946323908  237.588050803
65.5  155.959450253  237.721416264
65.6  155.97254311  237.854102832
65.7  155.985598357  237.986083203
65.8  155.998611902  238.117330543
65.9  156.011579683  238.247818668
66.0  156.024497671  238.377522057
66.1  156.037361868  238.506415755
66.2  156.050168312  238.634475467
66.3  156.062913075  238.761677537
66.4  156.075592264  238.887998892
66.5  156.088202025  239.013417158
66.6  156.100738541  239.137910569
66.7  156.113198032  239.261458005
66.8  156.12557676  239.384039081
66.9  156.137871027  239.505633909
67.0  156.150077177  239.626223376
67.1  156.162191594  239.745789003
67.2  156.174210708  239.864312992
67.3  156.186130992  239.981778128
67.4  156.197948963  240.098167951
67.5  156.209661186  240.213466621
67.6  156.221264271  240.327658981
67.7  156.232754876  240.440730514
67.8  156.244129705  240.552667415
67.9  156.255385514  240.663456491
68.0  156.266519106  240.773085269
68.1  156.277527337  240.881541959
68.2  156.28840711  240.988815346
68.3  156.299155385  241.094894905
68.4  156.309769169  241.199770889
68.5  156.320245525  241.303434045
68.6  156.33058157  241.405875953
68.7  156.340774473  241.507088626
68.8  156.35082146  241.607064955
68.9  156.360719812  241.705798401
69.0  156.370466864  241.803283046
69.1  156.38006001  241.899513576
69.2  156.389496701  241.99448547
69.3  156.398774445  242.088194727
69.4  156.407890806  242.180637991
69.5  156.41684341  242.271812557
69.6  156.42562994  242.361716359
69.7  156.434248139  242.450347954
69.8  156.44269581  242.537706441
69.9  156.450970817  242.623791638
70.0  156.459071082  242.708603883
70.1  156.466994592  242.792144203
70.2  156.474739393  242.874414108
70.3  156.482303593  242.955415752
70.4  156.489685361  243.035151936
70.5  156.496882932  243.113625909
70.6  156.503894599  243.19084156
70.7  156.510718722  243.266803326
70.8  156.517353722  243.341516223
70.9  156.523798084  243.414985828
71.0  156.530050356  243.487218131
71.1  156.536109151  243.558219856
71.2  156.541973146  243.627998034
71.3  156.54764108  243.696560352
71.4  156.553111758  243.763915051
71.5  156.55838405  243.830070731
71.6  156.56345689  243.895036486
71.7  156.568329277  243.958822049
71.8  156.573000273  244.021437558
71.9  156.577469006  244.0828935
72.0  156.581734669  244.143200925
72.1  156.58579652  244.202371353
72.2  156.589653881  244.260416687
72.3  156.59330614  244.317349269
72.4  156.596752748  244.373181809
72.5  156.599993222  244.427927621
72.6  156.603027143  244.48160014
72.7  156.605854158  244.5342134
72.8  156.608473976  244.585781731
72.9  156.610886374  244.636319804
73.0  156.613091189  244.68584274
73.1  156.615088325  244.734365886
73.2  156.616877749  244.781905144
73.3  156.618459491  244.828476478
73.4  156.619833647  244.874096289
73.5  156.621000373  244.918781355
73.6  156.62195989  244.962548634
73.7  156.622712482  245.005415489
73.8  156.623258496  245.047399322
73.9  156.623598338  245.088518131
74.0  156.623732481  245.128789963
74.1  156.623661455  245.168233096
74.2  156.623385855  245.206866137
74.3  156.622906335  245.244707875
74.4  156.622223609  245.28177721
74.5  156.621338454  245.318093557
74.6  156.620251705  245.353676008
74.7  156.618964256  245.388544265
74.8  156.617477062  245.42271804
74.9  156.615791134  245.45621723
75.0  156.613907544  245.489061819
75.1  156.61182742  245.521271954
75.2  156.609551949  245.552867945
75.3  156.607082371  245.583870136
75.4  156.604419987  245.614299078
75.5  156.60156615  245.644175294
75.6  156.59852227  245.67351941
75.7  156.595289812  245.702352305
75.8  156.591870295  245.730694588
75.9  156.58826529  245.758567123
76.0  156.584476422  245.785990797
76.1  156.580505369  245.812986496
76.2  156.57635386  245.839575154
76.3  156.572023675  245.865777541
76.4  156.567516645  245.891614702
76.5  156.562834651  245.917107512
76.6  156.557979622  245.942276674
76.7  156.552953537  245.96714329
76.8  156.547758423  245.991727705
76.9  156.542396352  246.016051088
77.0  156.536869444  246.040133651
77.1  156.531179865  246.063996349
77.2  156.525329826  246.087659414
77.3  156.519321581  246.111143208
77.4  156.513157429  246.134468131
77.5  156.506839712  246.15765424
77.6  156.500370811  246.180721661
77.7  156.493753151  246.203690219
77.8  156.486989198  246.226579566
77.9  156.480081457  246.249409547
78.0  156.473032469  246.272199244
78.1  156.465844817  246.294968213
78.2  156.458521119  246.317735501
78.3  156.45106403  246.340519813
78.4  156.443476241  246.363340009
78.5  156.435760476  246.386214518
78.6  156.427919496  246.409161633
78.7  156.419956091  246.432199341
78.8  156.411873087  246.455345539
78.9  156.403673337  246.478617808
79.0  156.395359729  246.502033437
79.1  156.386935176  246.525609467
79.2  156.378402623  246.549362786
79.3  156.369765041  246.573310105
79.4  156.361025429  246.597467529
79.5  156.352186809  246.621850992
79.6  156.343252231  246.646476212
79.7  156.334224768  246.671358971
79.8  156.325107514  246.696513902
79.9  156.315903589  246.721956224
80.0  156.306616131  246.747700163
80.1  156.297248299  246.773760057
80.2  156.287803272  246.800149684
80.3  156.278284247  246.8268825
80.4  156.268694437  246.853971744
80.5  156.259037074  246.881430559
80.6  156.249315404  246.909271086
80.7  156.239532685  246.937505658
80.8  156.229692194  246.966146008
80.9  156.219797216  246.995203698
81.0  156.209851048  247.02468953
81.1  156.199857  247.054614511
81.2  156.189818389  247.084988866
81.3  156.179738542  247.115822501
81.4  156.169620794  247.147125232
81.5  156.159468484  247.178906002
81.6  156.14928496  247.211173727
81.7  156.139073572  247.243937064
81.8  156.128837675  247.277203615
81.9  156.118580627  247.310981174
82.0  156.108305787  247.345277407
82.1  156.098016515  247.380098579
82.2  156.08771617  247.41545142
82.3  156.077408109  247.451342012
82.4  156.06709569  247.487775816
82.5  156.056782265  247.524758253
82.6  156.046471182  247.562294297
82.7  156.036165785  247.600387948
82.8  156.025869411  247.639043586
82.9  156.015585389  247.678264564
83.0  156.005317042  247.718054127
83.1  155.995067681  247.758415317
83.2  155.98484061  247.799350009
83.3  155.974639121  247.840860834
83.4  155.964466493  247.882948674
83.5  155.954325992  247.925615178
83.6  155.944220871  247.968860698
83.7  155.934154368  248.01268568
83.8  155.924129704  248.057090304
83.9  155.914150086  248.102073507
84.0  155.904218701  248.147634996
84.1  155.894338718  248.19377301
84.2  155.884513286  248.24048604
84.3  155.874745534  248.287771772
84.4  155.86503857  248.335627966
84.5  155.855395479  248.384051636
84.6  155.845819323  248.433039398
84.7  155.83631314  248.482587617
84.8  155.826879944  248.532691755
84.9  155.817522722  248.583347937
85.0  155.808244433  248.634551017
85.1  155.799048012  248.686295698
85.2  155.789936362  248.738576607
85.3  155.780912359  248.791387366
85.4  155.771978847  248.844721798
85.5  155.763138641  248.898573245
85.6  155.754394523  248.952934242
85.7  155.745749243  249.00779771
85.8  155.737205516  249.063155269
85.9  155.728766024  249.118999239
86.0  155.720433415  249.175320729
86.1  155.7122103  249.232111131
86.2  155.704099252  249.289360985
86.3  155.696102808  249.347061065
86.4  155.688223469  249.405200888
86.5  155.680463693  249.463771089
86.6  155.672825902  249.52276
86.7  155.665312476  249.582157661
86.8  155.657925753  249.641952516
86.9  155.650668032  249.702132986
87.0  155.643541568  249.762687635
87.1  155.636548572  249.823604418
87.2  155.629691212  249.884870509
87.3  155.622971613  249.94647351
87.4  155.616391854  250.008400374
87.5  155.609953968  250.070638238
87.6  155.60365994  250.133173488
87.7  155.597511713  250.195992264
87.8  155.591511176  250.259080927
87.9  155.585660177  250.322424907
88.0  155.57996051  250.38600954
88.1  155.574413921  250.449820652
88.2  155.569022108  250.513843296
88.3  155.563786717  250.57806237
88.4  155.558709345  250.642461962
88.5  155.553791535  250.707027054
88.6  155.54903478  250.771741598
88.7  155.544440522  250.836590409
88.8  155.540010148  250.901556088
88.9  155.535744993  250.966623417
89.0  155.531646339  251.031775403
89.1  155.527715412  251.096995741
89.2  155.523953385  251.162266954
89.3  155.520361378  251.227572868
89.4  155.516940453  251.292896002
89.5  155.513691617  251.358218921
89.6  155.510615823  251.423524935
89.7  155.507713967  251.488796262
89.8  155.504986887  251.554015105
89.9  155.502435366  251.619163943
90.0  155.50006013  251.684224875
90.1  155.497861848  251.749180428
90.2  155.495841129  251.814012256
90.3  155.493998527  251.87870236
90.4  155.492334539  251.943232772
90.5  155.490849599  252.007585193
90.6  155.489544086  252.071741841
90.7  155.488418323  252.135683833
90.8  155.487472569  252.199393359
90.9  155.486707028  252.262852144
91.0  155.486121843  252.326041273
91.1  155.485717101  252.388942806
91.2  155.485492826  252.451538536
91.3  155.485448984  252.513809252
91.4  155.485585485  252.57573779
91.5  155.485902176  252.637304638
91.6  155.486398848  252.698492539
91.7  155.487075228  252.759282901
91.8  155.487930989  252.819657036
91.9  155.488965743  252.879597249
92.0  155.490179042  252.939084644
92.1  155.49157038  252.998101961
92.2  155.493139192  253.05663065
92.3  155.494884851  253.114653284
92.4  155.496806679  253.172151095
92.5  155.498903931  253.229107205
92.6  155.501175809  253.285503059
92.7  155.503621455  253.341322284
92.8  155.506239952  253.396545443
92.9  155.509030327  253.451156937
93.0  155.511991549  253.505139257
93.1  155.515122529  253.558474594
93.2  155.51842212  253.611145949
93.3  155.521889122  253.663137167
93.4  155.525522274  253.714430814
93.5  155.529320262  253.765010407
93.6  155.533281714  253.814860761
93.7  155.537405204  253.863963623
93.8  155.54168925  253.912304399
93.9  155.546132316  253.959866817
94.0  155.550732811  254.006634755
94.1  155.55548909  254.052593516
94.2  155.560399455  254.097727154
94.3  155.565462155  254.142020632
94.4  155.570675385  254.185458935
94.5  155.576037291  254.228027998
94.6  155.581545964  254.269712245
94.7  155.587199446  254.310498456
94.8  155.592995727  254.350372193
94.9  155.59893275  254.389319311
95.0  155.605008403  254.42732641
95.1  155.611220531  254.46438033
95.2  155.617566929  254.500467782
95.3  155.624045343  254.535576204
95.4  155.63065347  254.569692504

#Gas points (r, v, dv)
1.01  174.16  40.45
2.18  163.96  35.62
3.31  229.83  27.21
4.51  276.37  11.28
5.68  273.69  11.81
6.75  265.81  15.93
7.89  267.96  11.81
9.06  277.63  11.81
10.22  271.54  12.17
11.36  261.69  11.46
12.46  242.54  8.59
13.57  244.87  10.02
14.8  228.22  9.67
15.94  261.34  5.37
18.21  233.59  8.95
19.31  217.12  18.62
20.51  209.79  3.76
21.62  218.56  15.21
29.85  219.27  8.77
36.48  253.46  7.16
37.62  230.01  6.62
39.86  227.15  7.52
39.95  229.47  9.13
40.96  245.58  3.76
42.16  230.91  3.4
43.33  235.2  4.47
44.4  239.14  1.79
45.73  236.28  2.51
49.86  226.79  2.51
52.51  231.98  3.58
53.68  236.46  2.68
54.75  232.7  3.94
55.76  224.28  2.86
57.02  227.68  6.26
58.19  231.09  7.52
59.83  229.65  1.25
62.67  235.56  13.42
66.08  227.15  6.98
67.06  242.72  2.68
68.45  243.97  2.33
69.58  243.62  3.58
70.66  244.51  5.73
71.79  239.32  3.4
73.05  252.03  9.67
79.78  246.66  0.72
86.78  232.7  9.13
87.79  238.07  7.52
89.65  251.49  0.72
99.38  254.87  1.25
109.75  248.24  1.79
120.12  239.1  3.22
129.57  224.6  1.79
139.55  220.48  3.58
149.39  220.3  1.07
159.5  219.76  0.54
169.08  222.81  1.61
179.19  227.82  2.15
189.17  233.01  2.68
199.14  237.67  3.04
208.86  242.33  3.22
219.23  248.06  3.94
6  274  5
7  274  5
8  274  5
9  274  5
10  274  5
